numberOfGroups 33; 
capture ( 0.008176778317822486 0.004726394163754533 0.00157196142808517 1.3524948465147802e-05 2.2867515760246706e-06 2.299262186589246e-06 2.4199353728846517e-06 2.828584972980508e-06 3.792208415242726e-06 5.503984586449918e-06 8.019283268390609e-06 1.1422611669453887e-05 1.5984200791513104e-05 2.2153131499976553e-05 3.0153066904949812e-05 4.044519815695935e-05 5.3439263175329193e-05 6.954215129846943e-05 8.901331640797709e-05 0.00011321770546840072 0.0001454018845192195 0.00018214708415523548 0.00024202393126824973 0.00032623237257093935 0.00039638097261527044 0.00048813869945652194 0.000643046502065863 0.0008406632872783121 0.0010794352208067723 0.0014732084037901586 0.0030252126183586375 0.0075159977785762755 0.020622796879598174  ); 
scatteringMultiplicity ( 1.0 1.0 1.0 1.0 1.0 1.0 1.0 1.0 1.0 1.0 1.0 1.0 1.0 1.0 1.0 1.0 1.0 1.0 1.0 1.0 1.0 1.0 1.0 1.0 1.0 1.0 1.0 1.0 1.0 1.0 1.0 1.0 1.0 
1.0 1.0 1.0 1.0 1.0 1.0 1.0 1.0 1.0 1.0 1.0 1.0 1.0 1.0 1.0 1.0 1.0 1.0 1.0 1.0 1.0 1.0 1.0 1.0 1.0 1.0 1.0 1.0 1.0 1.0 1.0 1.0 1.0 
1.0 1.0 1.0 1.0 1.0 1.0 1.0 1.0 1.0 1.0 1.0 1.0 1.0 1.0 1.0 1.0 1.0 1.0 1.0 1.0 1.0 1.0 1.0 1.0 1.0 1.0 1.0 1.0 1.0 1.0 1.0 1.0 1.0 
1.0 1.0 1.0 1.0 1.0 1.0 1.0 1.0 1.0 1.0 1.0 1.0 1.0 1.0 1.0 1.0 1.0 1.0 1.0 1.0 1.0 1.0 1.0 1.0 1.0 1.0 1.0 1.0 1.0 1.0 1.0 1.0 1.0 
1.0 1.0 1.0 1.0 1.0 1.0 1.0 1.0 1.0 1.0 1.0 1.0 1.0 1.0 1.0 1.0 1.0 1.0 1.0 1.0 1.0 1.0 1.0 1.0 1.0 1.0 1.0 1.0 1.0 1.0 1.0 1.0 1.0 
1.0 1.0 1.0 1.0 1.0 1.0 1.0 1.0 1.0 1.0 1.0 1.0 1.0 1.0 1.0 1.0 1.0 1.0 1.0 1.0 1.0 1.0 1.0 1.0 1.0 1.0 1.0 1.0 1.0 1.0 1.0 1.0 1.0 
1.0 1.0 1.0 1.0 1.0 1.0 1.0 1.0 1.0 1.0 1.0 1.0 1.0 1.0 1.0 1.0 1.0 1.0 1.0 1.0 1.0 1.0 1.0 1.0 1.0 1.0 1.0 1.0 1.0 1.0 1.0 1.0 1.0 
1.0 1.0 1.0 1.0 1.0 1.0 1.0 1.0 1.0 1.0 1.0 1.0 1.0 1.0 1.0 1.0 1.0 1.0 1.0 1.0 1.0 1.0 1.0 1.0 1.0 1.0 1.0 1.0 1.0 1.0 1.0 1.0 1.0 
1.0 1.0 1.0 1.0 1.0 1.0 1.0 1.0 1.0 1.0 1.0 1.0 1.0 1.0 1.0 1.0 1.0 1.0 1.0 1.0 1.0 1.0 1.0 1.0 1.0 1.0 1.0 1.0 1.0 1.0 1.0 1.0 1.0 
1.0 1.0 1.0 1.0 1.0 1.0 1.0 1.0 1.0 1.0 1.0 1.0 1.0 1.0 1.0 1.0 1.0 1.0 1.0 1.0 1.0 1.0 1.0 1.0 1.0 1.0 1.0 1.0 1.0 1.0 1.0 1.0 1.0 
1.0 1.0 1.0 1.0 1.0 1.0 1.0 1.0 1.0 1.0 1.0 1.0 1.0 1.0 1.0 1.0 1.0 1.0 1.0 1.0 1.0 1.0 1.0 1.0 1.0 1.0 1.0 1.0 1.0 1.0 1.0 1.0 1.0 
1.0 1.0 1.0 1.0 1.0 1.0 1.0 1.0 1.0 1.0 1.0 1.0 1.0 1.0 1.0 1.0 1.0 1.0 1.0 1.0 1.0 1.0 1.0 1.0 1.0 1.0 1.0 1.0 1.0 1.0 1.0 1.0 1.0 
1.0 1.0 1.0 1.0 1.0 1.0 1.0 1.0 1.0 1.0 1.0 1.0 1.0 1.0 1.0 1.0 1.0 1.0 1.0 1.0 1.0 1.0 1.0 1.0 1.0 1.0 1.0 1.0 1.0 1.0 1.0 1.0 1.0 
1.0 1.0 1.0 1.0 1.0 1.0 1.0 1.0 1.0 1.0 1.0 1.0 1.0 1.0 1.0 1.0 1.0 1.0 1.0 1.0 1.0 1.0 1.0 1.0 1.0 1.0 1.0 1.0 1.0 1.0 1.0 1.0 1.0 
1.0 1.0 1.0 1.0 1.0 1.0 1.0 1.0 1.0 1.0 1.0 1.0 1.0 1.0 1.0 1.0 1.0 1.0 1.0 1.0 1.0 1.0 1.0 1.0 1.0 1.0 1.0 1.0 1.0 1.0 1.0 1.0 1.0 
1.0 1.0 1.0 1.0 1.0 1.0 1.0 1.0 1.0 1.0 1.0 1.0 1.0 1.0 1.0 1.0 1.0 1.0 1.0 1.0 1.0 1.0 1.0 1.0 1.0 1.0 1.0 1.0 1.0 1.0 1.0 1.0 1.0 
1.0 1.0 1.0 1.0 1.0 1.0 1.0 1.0 1.0 1.0 1.0 1.0 1.0 1.0 1.0 1.0 1.0 1.0 1.0 1.0 1.0 1.0 1.0 1.0 1.0 1.0 1.0 1.0 1.0 1.0 1.0 1.0 1.0 
1.0 1.0 1.0 1.0 1.0 1.0 1.0 1.0 1.0 1.0 1.0 1.0 1.0 1.0 1.0 1.0 1.0 1.0 1.0 1.0 1.0 1.0 1.0 1.0 1.0 1.0 1.0 1.0 1.0 1.0 1.0 1.0 1.0 
1.0 1.0 1.0 1.0 1.0 1.0 1.0 1.0 1.0 1.0 1.0 1.0 1.0 1.0 1.0 1.0 1.0 1.0 1.0 1.0 1.0 1.0 1.0 1.0 1.0 1.0 1.0 1.0 1.0 1.0 1.0 1.0 1.0 
1.0 1.0 1.0 1.0 1.0 1.0 1.0 1.0 1.0 1.0 1.0 1.0 1.0 1.0 1.0 1.0 1.0 1.0 1.0 1.0 1.0 1.0 1.0 1.0 1.0 1.0 1.0 1.0 1.0 1.0 1.0 1.0 1.0 
1.0 1.0 1.0 1.0 1.0 1.0 1.0 1.0 1.0 1.0 1.0 1.0 1.0 1.0 1.0 1.0 1.0 1.0 1.0 1.0 1.0 1.0 1.0 1.0 1.0 1.0 1.0 1.0 1.0 1.0 1.0 1.0 1.0 
1.0 1.0 1.0 1.0 1.0 1.0 1.0 1.0 1.0 1.0 1.0 1.0 1.0 1.0 1.0 1.0 1.0 1.0 1.0 1.0 1.0 1.0 1.0 1.0 1.0 1.0 1.0 1.0 1.0 1.0 1.0 1.0 1.0 
1.0 1.0 1.0 1.0 1.0 1.0 1.0 1.0 1.0 1.0 1.0 1.0 1.0 1.0 1.0 1.0 1.0 1.0 1.0 1.0 1.0 1.0 1.0 1.0 1.0 1.0 1.0 1.0 1.0 1.0 1.0 1.0 1.0 
1.0 1.0 1.0 1.0 1.0 1.0 1.0 1.0 1.0 1.0 1.0 1.0 1.0 1.0 1.0 1.0 1.0 1.0 1.0 1.0 1.0 1.0 1.0 1.0 1.0 1.0 1.0 1.0 1.0 1.0 1.0 1.0 1.0 
1.0 1.0 1.0 1.0 1.0 1.0 1.0 1.0 1.0 1.0 1.0 1.0 1.0 1.0 1.0 1.0 1.0 1.0 1.0 1.0 1.0 1.0 1.0 1.0 1.0 1.0 1.0 1.0 1.0 1.0 1.0 1.0 1.0 
1.0 1.0 1.0 1.0 1.0 1.0 1.0 1.0 1.0 1.0 1.0 1.0 1.0 1.0 1.0 1.0 1.0 1.0 1.0 1.0 1.0 1.0 1.0 1.0 1.0 1.0 1.0 1.0 1.0 1.0 1.0 1.0 1.0 
1.0 1.0 1.0 1.0 1.0 1.0 1.0 1.0 1.0 1.0 1.0 1.0 1.0 1.0 1.0 1.0 1.0 1.0 1.0 1.0 1.0 1.0 1.0 1.0 1.0 1.0 1.0 1.0 1.0 1.0 1.0 1.0 1.0 
1.0 1.0 1.0 1.0 1.0 1.0 1.0 1.0 1.0 1.0 1.0 1.0 1.0 1.0 1.0 1.0 1.0 1.0 1.0 1.0 1.0 1.0 1.0 1.0 1.0 1.0 1.0 1.0 1.0 1.0 1.0 1.0 1.0 
1.0 1.0 1.0 1.0 1.0 1.0 1.0 1.0 1.0 1.0 1.0 1.0 1.0 1.0 1.0 1.0 1.0 1.0 1.0 1.0 1.0 1.0 1.0 1.0 1.0 1.0 1.0 1.0 1.0 1.0 1.0 1.0 1.0 
1.0 1.0 1.0 1.0 1.0 1.0 1.0 1.0 1.0 1.0 1.0 1.0 1.0 1.0 1.0 1.0 1.0 1.0 1.0 1.0 1.0 1.0 1.0 1.0 1.0 1.0 1.0 1.0 1.0 1.0 1.0 1.0 1.0 
1.0 1.0 1.0 1.0 1.0 1.0 1.0 1.0 1.0 1.0 1.0 1.0 1.0 1.0 1.0 1.0 1.0 1.0 1.0 1.0 1.0 1.0 1.0 1.0 1.0 1.0 1.0 1.0 1.0 1.0 1.0 1.0 1.0 
1.0 1.0 1.0 1.0 1.0 1.0 1.0 1.0 1.0 1.0 1.0 1.0 1.0 1.0 1.0 1.0 1.0 1.0 1.0 1.0 1.0 1.0 1.0 1.0 1.0 1.0 1.0 1.0 1.0 1.0 1.0 1.0 1.0 
1.0 1.0 1.0 1.0 1.0 1.0 1.0 1.0 1.0 1.0 1.0 1.0 1.0 1.0 1.0 1.0 1.0 1.0 1.0 1.0 1.0 1.0 1.0 1.0 1.0 1.0 1.0 1.0 1.0 1.0 1.0 1.0 1.0 
 ); 
P0 ( -0.02531823291629553 0.02956709496974945 0.016121573552489284 0.012288456276059151 0.005864621438831091 0.0033973016414791347 0.001997017762064934 0.0011443366420455278 0.0006688723329687492 0.0003997294020140544 0.00023989770956104624 0.00014420374486217043 8.69273580996378e-05 5.251421397333616e-05 3.176220530385763e-05 1.9224418021349267e-05 1.1641614570044114e-05 7.052220952095923e-06 4.2731941456281675e-06 2.5900571656791272e-06 1.5699250302191104e-06 7.975012086177459e-07 8.293502014097954e-07 3.032538708026778e-07 1.2655313163065783e-07 1.4758448960732197e-07 9.336660959888832e-08 4.707704777047184e-08 2.8791412722739553e-08 2.2526984616888516e-08 1.0500475701746838e-08 0.0 0.0 
0.0 -0.031884465357661256 0.037154208469390874 0.017463185545802118 0.011884664279967547 0.007845694302767516 0.004788037391379476 0.00277869242541492 0.001653103386051953 0.0009725104414857925 0.0005663068113615737 0.0003363736969535239 0.0002015681603603298 0.000121264488073939 7.315877441287739e-05 4.4214196872053437e-05 2.670854069383495e-05 1.616226522296529e-05 9.788070544368566e-06 5.9292889007224404e-06 3.5929158202179684e-06 1.8247947641384602e-06 1.8973218499411362e-06 6.937649600878615e-07 2.891418974645177e-07 3.376100706315555e-07 2.1383015403166895e-07 1.0828048192355057e-07 6.57041515084611e-08 5.2359508592592094e-08 3.41158518909257e-08 0.0 0.0 
0.0 0.0 -0.035078252553939836 0.05416454370617867 0.0230025070309639 0.01405411214232445 0.008569329178333283 0.005215856721997262 0.003170697467029095 0.0019258335996419193 0.0011690950367599727 0.0007094704695045948 0.0004304556540213526 0.0002611364792101085 0.00015840630568563939 9.608562157955021e-05 5.8281146257650115e-05 3.535007606260479e-05 2.1441597148077565e-05 1.3005208567483352e-05 7.888170557271224e-06 4.008663880813401e-06 4.170215660997201e-06 1.5256535156368046e-06 6.363608434185154e-07 7.427737977195648e-07 4.704280470832601e-07 2.3810857915123055e-07 1.4452886089202366e-07 1.1576092563245767e-07 8.649947717458418e-08 0.0 0.0 
0.0 0.0 0.0 -0.03959491136074064 0.05588229819536209 0.030506762015819554 0.018577949309349064 0.011299402776360512 0.006865814056992532 0.004169080223143101 0.0025304689474403863 0.0015354750484228136 0.0009315601956099272 0.0005651123274117709 0.00034279167819768194 0.00020792606994509698 0.00012611822476610543 7.649616398848594e-05 4.63979565887712e-05 2.8141995827900247e-05 1.7068967601517217e-05 8.674717022222468e-06 9.023447046638467e-06 3.301461860246491e-06 1.376753845033818e-06 1.6074556224339178e-06 1.0180262335779844e-06 5.154932070581708e-07 3.12479200965754e-07 2.4993534507302687e-07 2.0054945357514954e-07 3.412937542179862e-09 0.0 
0.0 0.0 0.0 0.0 -0.05641314119100574 0.08092045059800149 0.03973798195123673 0.02415712505578995 0.014674011737108233 0.00890873590707779 0.005406643992662431 0.003280496784299612 0.0019901691623032095 0.0012072641517966987 0.000732303635403514 0.00044418705040588977 0.00026942142723128203 0.00016341516003012658 9.911738676019014e-05 6.0118366603273905e-05 3.6464227340184155e-05 1.8531003798125313e-05 1.927683062385768e-05 7.05291326448787e-06 2.941322428523563e-06 3.4338560508331288e-06 2.174643935722998e-06 1.1011311304173433e-06 6.67928061557177e-07 5.344877865354648e-07 4.2844692816288446e-07 3.0471863777847835e-08 0.0 
0.0 0.0 0.0 0.0 0.0 -0.029071157944202453 0.11692936060428621 0.05134582307338715 0.03118505743145943 0.018931043457984926 0.011488466218113901 0.006970422783493997 0.0042286346912384035 0.0025651157252490524 0.0015559384457767011 0.0009437686035409571 0.0005724405851215125 0.0003472083074972034 0.00021059512984938922 0.00012773346926551313 7.747418351937087e-05 3.937187445117161e-05 4.095788915874437e-05 1.498489991936367e-05 6.24927522148937e-06 7.295776878891048e-06 4.620779915421736e-06 2.339718603616348e-06 1.4187451401085129e-06 1.1351437147823164e-06 9.100856446821127e-07 9.473563550272957e-08 0.0 
0.0 0.0 0.0 0.0 0.0 0.0 -0.11090322232246402 0.13410069886446 0.06848264744281769 0.0415722073674202 0.02522820734381676 0.015306664887070658 0.00928581182062626 0.005632816895842553 0.0034167286410927778 0.002072445521503687 0.0012570349976420403 0.0007624427916482091 0.00046245007244870073 0.00028049243185669187 0.00017012709556147457 8.645878576207906e-05 8.99393716827035e-05 3.290488767670468e-05 1.3723729379125872e-05 1.6020903177559376e-05 1.014687606948428e-05 5.137591903621797e-06 3.1160867336438972e-06 2.4925024154072164e-06 1.998246478979127e-06 2.494918646334554e-07 0.0 
0.0 0.0 0.0 0.0 0.0 0.0 0.0 -0.055734079289436356 0.1834358589887619 0.0887502944469452 0.05385931448936463 0.032678296190500264 0.019824455255270008 0.012025648820400239 0.0072944783046841625 0.004424529933929444 0.002683689004182816 0.0016277658909559251 0.0009873003697022796 0.000598832373507321 0.0003632119053974748 0.0001845837009139359 0.00019201605389826003 7.025068011134864e-05 2.929779955884442e-05 3.42049737693742e-05 2.1662656171247366e-05 1.0967921151313931e-05 6.6523211964522496e-06 5.3220724978018555e-06 4.26745511504123e-06 5.420672649051995e-07 4.1116948386843435e-08 
0.0 0.0 0.0 0.0 0.0 0.0 0.0 0.0 -0.183235615515709 0.21749855257272724 0.11337797219753266 0.06879140832424165 0.04173303058147431 0.02531567305326462 0.015355948331952097 0.009314303129911423 0.005649578824639321 0.0034267011947929863 0.0020784242156893016 0.0012606354877352716 0.0007646159375086427 0.0003885777513496578 0.00040422150492668154 0.0001478897677268833 6.167735344497488e-05 7.200578567571939e-05 4.560399170732126e-05 2.3089893796714025e-05 1.400474824185949e-05 1.120281974435784e-05 8.982748244307005e-06 1.1427827357692879e-06 1.5800956989551197e-07 
0.0 0.0 0.0 0.0 0.0 0.0 0.0 0.0 0.0 -0.25297594103813165 0.2626608241438866 0.1408969030380249 0.08547737352848053 0.051851697885990145 0.03145223007202149 0.019077702891826632 0.011571570253372193 0.007018634417653084 0.0042570694327354434 0.002582060755044222 0.0015661056373268366 0.0007958946369588376 0.0008279365673661233 0.00030290965083986526 0.00012632747751194985 0.00014748270604759457 9.340569935739042e-05 4.729368689004332e-05 2.8683954547159377e-05 2.2947735828347505e-05 1.839890180854127e-05 2.3395281641569458e-06 4.0314591933565684e-07 
0.0 0.0 0.0 0.0 0.0 0.0 0.0 0.0 0.0 0.0 -0.31933770227432257 0.3084297655463219 0.16854228372573854 0.10224039001464845 0.06201719934940339 0.03761729328632355 0.022816760247945787 0.013839320281147958 0.008394077208638192 0.005091298918426038 0.0030880415081977848 0.0015693457558751108 0.0016325191978365185 0.000597277875803411 0.00024909138595685367 0.000290804516337812 0.00018417716645635667 9.325092101935298e-05 5.656059697503225e-05 4.5246267900802196e-05 3.6279397364705806e-05 4.613029562460725e-06 8.954523347711075e-07 
0.0 0.0 0.0 0.0 0.0 0.0 0.0 0.0 0.0 0.0 0.0 -0.37812675137519836 0.34932734463214876 0.19323164219856265 0.11721106903553011 0.07109589664936067 0.0431232206940651 0.02615604411363602 0.01586464657187462 0.00962245466709137 0.005836339858174324 0.0029660369463264946 0.003085434924066067 0.0011288433339446784 0.00047078309068456295 0.0005496136218309403 0.00034809481529518967 0.00017624291391111913 0.00010689732616301628 8.551253133919091e-05 6.85635706409812e-05 8.718912545009518e-06 1.8046241850242952e-06 
0.0 0.0 0.0 0.0 0.0 0.0 0.0 0.0 0.0 0.0 0.0 0.0 -0.42516079101562504 0.38212613873481754 0.21304048275947574 0.12922251834869386 0.0783800096511841 0.04754076400995255 0.028835302966833117 0.01748961285352707 0.01060803424715996 0.005391015404462815 0.005608030280470849 0.002051770863309503 0.0008556807724758984 0.0009989726861938835 0.000632688256725669 0.0003203338011167944 0.00019429185292683544 0.00015542868152260782 0.00012462418698705734 1.5848568550427446e-05 3.4060392907122155e-06 
0.0 0.0 0.0 0.0 0.0 0.0 0.0 0.0 0.0 0.0 0.0 0.0 0.0 -0.4593213113307953 0.4059978328227997 0.2274631012916565 0.13796789045333863 0.08368336880207063 0.05075718462467194 0.0307859964966774 0.018672735089063645 0.009489507463574411 0.00987150576710701 0.0036116153396666055 0.0015062122587114575 0.0017584337599575522 0.0011136871363967658 0.0005638706272467971 0.0003420037298463285 0.00027359305350109936 0.0002193710763473064 2.7895643730880697e-05 6.131683943385724e-06 
0.0 0.0 0.0 0.0 0.0 0.0 0.0 0.0 0.0 0.0 0.0 0.0 0.0 0.0 -0.4834727460861206 0.42276399343013765 0.237596492099762 0.1441123510837555 0.08740970535278321 0.053017010200023654 0.03215659033656121 0.01634201518893242 0.016999862837791445 0.00621961689144373 0.002593864814937115 0.0030282267786562447 0.0019178948812186719 0.0009710492877289654 0.00058896973002702 0.0004711620390415192 0.0003777778317220509 4.804209748981521e-05 1.0700848465785385e-05 
0.0 0.0 0.0 0.0 0.0 0.0 0.0 0.0 0.0 0.0 0.0 0.0 0.0 0.0 0.0 -0.49942968459129355 0.4339696786284447 0.2443703199863434 0.1482200378894806 0.08990060935020448 0.05452771947383881 0.02771104695796967 0.0288265577852726 0.010546562924981118 0.004398401074111462 0.005134943448007107 0.0032521679833531383 0.0016466064378619196 0.0009987203020602466 0.0007989455759525299 0.000640596272237599 8.14647168852389e-05 1.8289691320387648e-05 
0.0 0.0 0.0 0.0 0.0 0.0 0.0 0.0 0.0 0.0 0.0 0.0 0.0 0.0 0.0 0.0 -0.509380164241791 0.44098539899587635 0.24861187992095948 0.15079179611206056 0.09146024479866029 0.04648019936084748 0.04835126727819443 0.017689926338195803 0.007377514855563642 0.008612925079464913 0.005454913683235646 0.002761882806569338 0.0016751651074737312 0.0013400825891643764 0.0010744798287749293 0.00013663955423980951 3.0826349038397895e-05 
0.0 0.0 0.0 0.0 0.0 0.0 0.0 0.0 0.0 0.0 0.0 0.0 0.0 0.0 0.0 0.0 0.0 -0.5142787132740021 0.4443883886098862 0.25066700949668885 0.1520379388332367 0.0772658584356308 0.0803762134552002 0.029406643581390383 0.012263930207490923 0.014317600929737093 0.00906790972352028 0.004591176652908325 0.0027846885569393636 0.0022276719979941848 0.0017861513558775188 0.00022714023096486927 5.1393002376426015e-05 
0.0 0.0 0.0 0.0 0.0 0.0 0.0 0.0 0.0 0.0 0.0 0.0 0.0 0.0 0.0 0.0 0.0 0.0 -0.5191203845500947 0.44771663763523106 0.25268060045242313 0.12841252319812776 0.1335818186759949 0.04887259204387665 0.020382130283117295 0.02379524801373482 0.015070481470227243 0.007630342103540898 0.004628038010001183 0.0037022959850728514 0.00296850583255291 0.0003774981250986457 8.55610202299431e-05 
0.0 0.0 0.0 0.0 0.0 0.0 0.0 0.0 0.0 0.0 0.0 0.0 0.0 0.0 0.0 0.0 0.0 0.0 0.0 -0.5231231946945192 0.4505165202498437 0.21313618354797365 0.22171598868370057 0.08111760478019715 0.03382978810071945 0.03949480397701264 0.025013634806871417 0.01266466237306595 0.007681510645151139 0.006144986115396023 0.004927052856981755 0.0006265620024874807 0.00014216835773549975 
0.0 0.0 0.0 0.0 0.0 0.0 0.0 0.0 0.0 0.0 0.0 0.0 0.0 0.0 0.0 0.0 0.0 0.0 0.0 0.0 -0.5241607208251954 0.38315301471948626 0.36619790010452274 0.13397808694839478 0.05587507685422898 0.06523170261383057 0.041313845407962804 0.020917628753185275 0.012687187269330026 0.01014938758313656 0.00813778741657734 0.0010348647616803648 0.00023496220079250636 
0.0 0.0 0.0 0.0 0.0 0.0 0.0 0.0 0.0 0.0 0.0 0.0 0.0 0.0 0.0 0.0 0.0 0.0 0.0 0.0 0.0 -0.5832491404056549 0.6117333786725998 0.20957488203048708 0.08740244085788727 0.10203852438926697 0.06462506171464921 0.03272034094333649 0.019845893454551698 0.01587614769637585 0.012729503944516184 0.0016187815368175508 0.0003676678282208741 
0.0 0.0 0.0 0.0 0.0 0.0 0.0 0.0 0.0 0.0 0.0 0.0 0.0 0.0 0.0 0.0 0.0 0.0 0.0 0.0 0.0 0.0 -0.41703254899978637 0.39397878971099853 0.15525006823539736 0.18124763917922976 0.114791357088089 0.05812005586624146 0.03525160456895829 0.028200270992517474 0.022611000376939777 0.002875385081022978 0.0006532637972384692 
0.0 0.0 0.0 0.0 0.0 0.0 0.0 0.0 0.0 0.0 0.0 0.0 0.0 0.0 0.0 0.0 0.0 0.0 0.0 0.0 0.0 0.0 0.0 -0.5360270996570589 0.31224402638673787 0.3269358695983887 0.20706152558326724 0.1048373873949051 0.06358712418079376 0.05086787488460541 0.04078589526414872 0.005186643429100514 0.0011785502929240466 
0.0 0.0 0.0 0.0 0.0 0.0 0.0 0.0 0.0 0.0 0.0 0.0 0.0 0.0 0.0 0.0 0.0 0.0 0.0 0.0 0.0 0.0 0.0 0.0 -0.6526859883308411 0.5329021253824234 0.3046485262870789 0.15424666285514832 0.09355534894466401 0.07484161312580109 0.060008058393001565 0.007631087905168534 0.0017341001830995083 
0.0 0.0 0.0 0.0 0.0 0.0 0.0 0.0 0.0 0.0 0.0 0.0 0.0 0.0 0.0 0.0 0.0 0.0 0.0 0.0 0.0 0.0 0.0 0.0 0.0 -0.5133650944232943 0.4934673775672913 0.23483658742904664 0.14243562626838685 0.1139444043159485 0.09136067755222321 0.011618123558163645 0.002640248416364193 
0.0 0.0 0.0 0.0 0.0 0.0 0.0 0.0 0.0 0.0 0.0 0.0 0.0 0.0 0.0 0.0 0.0 0.0 0.0 0.0 0.0 0.0 0.0 0.0 0.0 0.0 -0.4870992058753966 0.43512717298269277 0.24749911808967592 0.19799214906692506 0.1587502844810486 0.02018789833188057 0.00458792202025652 
0.0 0.0 0.0 0.0 0.0 0.0 0.0 0.0 0.0 0.0 0.0 0.0 0.0 0.0 0.0 0.0 0.0 0.0 0.0 0.0 0.0 0.0 0.0 0.0 0.0 0.0 0.0 -0.5274141730308534 0.4535169165015221 0.3378962219238282 0.27092545480728153 0.03445294679403305 0.007829982233047487 
0.0 0.0 0.0 0.0 0.0 0.0 0.0 0.0 0.0 0.0 0.0 0.0 0.0 0.0 0.0 0.0 0.0 0.0 0.0 0.0 0.0 0.0 0.0 0.0 0.0 0.0 0.0 0.0 -0.5277433537960052 0.5885260271310806 0.4469184267997742 0.05683356145620347 0.012916484302282335 
0.0 0.0 0.0 0.0 0.0 0.0 0.0 0.0 0.0 0.0 0.0 0.0 0.0 0.0 0.0 0.0 0.0 0.0 0.0 0.0 0.0 0.0 0.0 0.0 0.0 0.0 0.0 0.0 0.0 -0.4123557670593261 0.8595047980785371 0.10659589533805848 0.024226102030277256 
0.0 0.0 0.0 0.0 0.0 0.0 0.0 0.0 0.0 0.0 0.0 0.0 0.0 0.0 0.0 0.0 0.0 0.0 0.0 0.0 0.0 0.0 0.0 0.0 0.0 0.0 0.0 0.0 0.0 0.0 -0.023021151256561345 0.4941942942082882 0.1105476058959961 
0.0 0.0 0.0 0.0 0.0 0.0 0.0 0.0 0.0 0.0 0.0 0.0 0.0 0.0 0.0 0.0 0.0 0.0 0.0 0.0 0.0 0.0 0.0 0.0 0.0 0.0 0.0 0.0 0.0 0.0 0.0 -0.11283012490272515 0.7186475390434266 
0.0 0.0 0.0 0.0 0.0 0.0 0.0 0.0 0.0 0.0 0.0 0.0 0.0 0.0 0.0 0.0 0.0 0.0 0.0 0.0 0.0 0.0 0.0 0.0 0.0 0.0 0.0 0.0 0.0 0.0 0.0 0.0 0.7880960495948792 
 ); 
