numberOfGroups 69; 
capture ( 0.0046636   0.0015907  1.3329e-05  4.7521e-06  3.6272e-06   5.144e-06   7.779e-06  1.0806e-05  1.4994e-05  1.9765e-05  2.6036e-05  3.4599e-05   4.598e-05  6.0867e-05  8.0046e-05  0.00010318  0.00013054  0.00016387  0.00020497   0.0002895  0.00045629  0.00067615  0.00089621   0.0011531     0.00152    0.001964   0.0027885   0.0036512   0.0040699   0.0045788   0.0052233   0.0058884   0.0062897     0.00654   0.0066175   0.0066936   0.0067696   0.0068442   0.0069161   0.0070008   0.0070892   0.0072088   0.0074068   0.0077086   0.0083275   0.0093154    0.010394    0.011351    0.012005    0.012473    0.012905    0.013494    0.014336    0.015586    0.017468    0.020289    0.023258    0.025673    0.027816    0.029927    0.032438    0.035433    0.038549    0.041923    0.046363    0.052575    0.062221    0.080287     0.13311); 
scatteringMultiplicity ( 
1	1	1	1	1	1	1	1	1	1	1	1	1	1	1	1	1	1	1	1	1	1	1	1	1	1	1	1	1	1	1	1	1	1	1	1	1	1	1	1	1	1	1	1	1	1	1	1	1	1	1	1	1	1	1	1	1	1	1	1	1	1	1	1	1	1	1	1	1	
1	1	1	1	1	1	1	1	1	1	1	1	1	1	1	1	1	1	1	1	1	1	1	1	1	1	1	1	1	1	1	1	1	1	1	1	1	1	1	1	1	1	1	1	1	1	1	1	1	1	1	1	1	1	1	1	1	1	1	1	1	1	1	1	1	1	1	1	1	
1	1	1	1	1	1	1	1	1	1	1	1	1	1	1	1	1	1	1	1	1	1	1	1	1	1	1	1	1	1	1	1	1	1	1	1	1	1	1	1	1	1	1	1	1	1	1	1	1	1	1	1	1	1	1	1	1	1	1	1	1	1	1	1	1	1	1	1	1	
1	1	1	1	1	1	1	1	1	1	1	1	1	1	1	1	1	1	1	1	1	1	1	1	1	1	1	1	1	1	1	1	1	1	1	1	1	1	1	1	1	1	1	1	1	1	1	1	1	1	1	1	1	1	1	1	1	1	1	1	1	1	1	1	1	1	1	1	1	
1	1	1	1	1	1	1	1	1	1	1	1	1	1	1	1	1	1	1	1	1	1	1	1	1	1	1	1	1	1	1	1	1	1	1	1	1	1	1	1	1	1	1	1	1	1	1	1	1	1	1	1	1	1	1	1	1	1	1	1	1	1	1	1	1	1	1	1	1	
1	1	1	1	1	1	1	1	1	1	1	1	1	1	1	1	1	1	1	1	1	1	1	1	1	1	1	1	1	1	1	1	1	1	1	1	1	1	1	1	1	1	1	1	1	1	1	1	1	1	1	1	1	1	1	1	1	1	1	1	1	1	1	1	1	1	1	1	1	
1	1	1	1	1	1	1	1	1	1	1	1	1	1	1	1	1	1	1	1	1	1	1	1	1	1	1	1	1	1	1	1	1	1	1	1	1	1	1	1	1	1	1	1	1	1	1	1	1	1	1	1	1	1	1	1	1	1	1	1	1	1	1	1	1	1	1	1	1	
1	1	1	1	1	1	1	1	1	1	1	1	1	1	1	1	1	1	1	1	1	1	1	1	1	1	1	1	1	1	1	1	1	1	1	1	1	1	1	1	1	1	1	1	1	1	1	1	1	1	1	1	1	1	1	1	1	1	1	1	1	1	1	1	1	1	1	1	1	
1	1	1	1	1	1	1	1	1	1	1	1	1	1	1	1	1	1	1	1	1	1	1	1	1	1	1	1	1	1	1	1	1	1	1	1	1	1	1	1	1	1	1	1	1	1	1	1	1	1	1	1	1	1	1	1	1	1	1	1	1	1	1	1	1	1	1	1	1	
1	1	1	1	1	1	1	1	1	1	1	1	1	1	1	1	1	1	1	1	1	1	1	1	1	1	1	1	1	1	1	1	1	1	1	1	1	1	1	1	1	1	1	1	1	1	1	1	1	1	1	1	1	1	1	1	1	1	1	1	1	1	1	1	1	1	1	1	1	
1	1	1	1	1	1	1	1	1	1	1	1	1	1	1	1	1	1	1	1	1	1	1	1	1	1	1	1	1	1	1	1	1	1	1	1	1	1	1	1	1	1	1	1	1	1	1	1	1	1	1	1	1	1	1	1	1	1	1	1	1	1	1	1	1	1	1	1	1	
1	1	1	1	1	1	1	1	1	1	1	1	1	1	1	1	1	1	1	1	1	1	1	1	1	1	1	1	1	1	1	1	1	1	1	1	1	1	1	1	1	1	1	1	1	1	1	1	1	1	1	1	1	1	1	1	1	1	1	1	1	1	1	1	1	1	1	1	1	
1	1	1	1	1	1	1	1	1	1	1	1	1	1	1	1	1	1	1	1	1	1	1	1	1	1	1	1	1	1	1	1	1	1	1	1	1	1	1	1	1	1	1	1	1	1	1	1	1	1	1	1	1	1	1	1	1	1	1	1	1	1	1	1	1	1	1	1	1	
1	1	1	1	1	1	1	1	1	1	1	1	1	1	1	1	1	1	1	1	1	1	1	1	1	1	1	1	1	1	1	1	1	1	1	1	1	1	1	1	1	1	1	1	1	1	1	1	1	1	1	1	1	1	1	1	1	1	1	1	1	1	1	1	1	1	1	1	1	
1	1	1	1	1	1	1	1	1	1	1	1	1	1	1	1	1	1	1	1	1	1	1	1	1	1	1	1	1	1	1	1	1	1	1	1	1	1	1	1	1	1	1	1	1	1	1	1	1	1	1	1	1	1	1	1	1	1	1	1	1	1	1	1	1	1	1	1	1	
1	1	1	1	1	1	1	1	1	1	1	1	1	1	1	1	1	1	1	1	1	1	1	1	1	1	1	1	1	1	1	1	1	1	1	1	1	1	1	1	1	1	1	1	1	1	1	1	1	1	1	1	1	1	1	1	1	1	1	1	1	1	1	1	1	1	1	1	1	
1	1	1	1	1	1	1	1	1	1	1	1	1	1	1	1	1	1	1	1	1	1	1	1	1	1	1	1	1	1	1	1	1	1	1	1	1	1	1	1	1	1	1	1	1	1	1	1	1	1	1	1	1	1	1	1	1	1	1	1	1	1	1	1	1	1	1	1	1	
1	1	1	1	1	1	1	1	1	1	1	1	1	1	1	1	1	1	1	1	1	1	1	1	1	1	1	1	1	1	1	1	1	1	1	1	1	1	1	1	1	1	1	1	1	1	1	1	1	1	1	1	1	1	1	1	1	1	1	1	1	1	1	1	1	1	1	1	1	
1	1	1	1	1	1	1	1	1	1	1	1	1	1	1	1	1	1	1	1	1	1	1	1	1	1	1	1	1	1	1	1	1	1	1	1	1	1	1	1	1	1	1	1	1	1	1	1	1	1	1	1	1	1	1	1	1	1	1	1	1	1	1	1	1	1	1	1	1	
1	1	1	1	1	1	1	1	1	1	1	1	1	1	1	1	1	1	1	1	1	1	1	1	1	1	1	1	1	1	1	1	1	1	1	1	1	1	1	1	1	1	1	1	1	1	1	1	1	1	1	1	1	1	1	1	1	1	1	1	1	1	1	1	1	1	1	1	1	
1	1	1	1	1	1	1	1	1	1	1	1	1	1	1	1	1	1	1	1	1	1	1	1	1	1	1	1	1	1	1	1	1	1	1	1	1	1	1	1	1	1	1	1	1	1	1	1	1	1	1	1	1	1	1	1	1	1	1	1	1	1	1	1	1	1	1	1	1	
1	1	1	1	1	1	1	1	1	1	1	1	1	1	1	1	1	1	1	1	1	1	1	1	1	1	1	1	1	1	1	1	1	1	1	1	1	1	1	1	1	1	1	1	1	1	1	1	1	1	1	1	1	1	1	1	1	1	1	1	1	1	1	1	1	1	1	1	1	
1	1	1	1	1	1	1	1	1	1	1	1	1	1	1	1	1	1	1	1	1	1	1	1	1	1	1	1	1	1	1	1	1	1	1	1	1	1	1	1	1	1	1	1	1	1	1	1	1	1	1	1	1	1	1	1	1	1	1	1	1	1	1	1	1	1	1	1	1	
1	1	1	1	1	1	1	1	1	1	1	1	1	1	1	1	1	1	1	1	1	1	1	1	1	1	1	1	1	1	1	1	1	1	1	1	1	1	1	1	1	1	1	1	1	1	1	1	1	1	1	1	1	1	1	1	1	1	1	1	1	1	1	1	1	1	1	1	1	
1	1	1	1	1	1	1	1	1	1	1	1	1	1	1	1	1	1	1	1	1	1	1	1	1	1	1	1	1	1	1	1	1	1	1	1	1	1	1	1	1	1	1	1	1	1	1	1	1	1	1	1	1	1	1	1	1	1	1	1	1	1	1	1	1	1	1	1	1	
1	1	1	1	1	1	1	1	1	1	1	1	1	1	1	1	1	1	1	1	1	1	1	1	1	1	1	1	1	1	1	1	1	1	1	1	1	1	1	1	1	1	1	1	1	1	1	1	1	1	1	1	1	1	1	1	1	1	1	1	1	1	1	1	1	1	1	1	1	
1	1	1	1	1	1	1	1	1	1	1	1	1	1	1	1	1	1	1	1	1	1	1	1	1	1	1	1	1	1	1	1	1	1	1	1	1	1	1	1	1	1	1	1	1	1	1	1	1	1	1	1	1	1	1	1	1	1	1	1	1	1	1	1	1	1	1	1	1	
1	1	1	1	1	1	1	1	1	1	1	1	1	1	1	1	1	1	1	1	1	1	1	1	1	1	1	1	1	1	1	1	1	1	1	1	1	1	1	1	1	1	1	1	1	1	1	1	1	1	1	1	1	1	1	1	1	1	1	1	1	1	1	1	1	1	1	1	1	
1	1	1	1	1	1	1	1	1	1	1	1	1	1	1	1	1	1	1	1	1	1	1	1	1	1	1	1	1	1	1	1	1	1	1	1	1	1	1	1	1	1	1	1	1	1	1	1	1	1	1	1	1	1	1	1	1	1	1	1	1	1	1	1	1	1	1	1	1	
1	1	1	1	1	1	1	1	1	1	1	1	1	1	1	1	1	1	1	1	1	1	1	1	1	1	1	1	1	1	1	1	1	1	1	1	1	1	1	1	1	1	1	1	1	1	1	1	1	1	1	1	1	1	1	1	1	1	1	1	1	1	1	1	1	1	1	1	1	
1	1	1	1	1	1	1	1	1	1	1	1	1	1	1	1	1	1	1	1	1	1	1	1	1	1	1	1	1	1	1	1	1	1	1	1	1	1	1	1	1	1	1	1	1	1	1	1	1	1	1	1	1	1	1	1	1	1	1	1	1	1	1	1	1	1	1	1	1	
1	1	1	1	1	1	1	1	1	1	1	1	1	1	1	1	1	1	1	1	1	1	1	1	1	1	1	1	1	1	1	1	1	1	1	1	1	1	1	1	1	1	1	1	1	1	1	1	1	1	1	1	1	1	1	1	1	1	1	1	1	1	1	1	1	1	1	1	1	
1	1	1	1	1	1	1	1	1	1	1	1	1	1	1	1	1	1	1	1	1	1	1	1	1	1	1	1	1	1	1	1	1	1	1	1	1	1	1	1	1	1	1	1	1	1	1	1	1	1	1	1	1	1	1	1	1	1	1	1	1	1	1	1	1	1	1	1	1	
1	1	1	1	1	1	1	1	1	1	1	1	1	1	1	1	1	1	1	1	1	1	1	1	1	1	1	1	1	1	1	1	1	1	1	1	1	1	1	1	1	1	1	1	1	1	1	1	1	1	1	1	1	1	1	1	1	1	1	1	1	1	1	1	1	1	1	1	1	
1	1	1	1	1	1	1	1	1	1	1	1	1	1	1	1	1	1	1	1	1	1	1	1	1	1	1	1	1	1	1	1	1	1	1	1	1	1	1	1	1	1	1	1	1	1	1	1	1	1	1	1	1	1	1	1	1	1	1	1	1	1	1	1	1	1	1	1	1	
1	1	1	1	1	1	1	1	1	1	1	1	1	1	1	1	1	1	1	1	1	1	1	1	1	1	1	1	1	1	1	1	1	1	1	1	1	1	1	1	1	1	1	1	1	1	1	1	1	1	1	1	1	1	1	1	1	1	1	1	1	1	1	1	1	1	1	1	1	
1	1	1	1	1	1	1	1	1	1	1	1	1	1	1	1	1	1	1	1	1	1	1	1	1	1	1	1	1	1	1	1	1	1	1	1	1	1	1	1	1	1	1	1	1	1	1	1	1	1	1	1	1	1	1	1	1	1	1	1	1	1	1	1	1	1	1	1	1	
1	1	1	1	1	1	1	1	1	1	1	1	1	1	1	1	1	1	1	1	1	1	1	1	1	1	1	1	1	1	1	1	1	1	1	1	1	1	1	1	1	1	1	1	1	1	1	1	1	1	1	1	1	1	1	1	1	1	1	1	1	1	1	1	1	1	1	1	1	
1	1	1	1	1	1	1	1	1	1	1	1	1	1	1	1	1	1	1	1	1	1	1	1	1	1	1	1	1	1	1	1	1	1	1	1	1	1	1	1	1	1	1	1	1	1	1	1	1	1	1	1	1	1	1	1	1	1	1	1	1	1	1	1	1	1	1	1	1	
1	1	1	1	1	1	1	1	1	1	1	1	1	1	1	1	1	1	1	1	1	1	1	1	1	1	1	1	1	1	1	1	1	1	1	1	1	1	1	1	1	1	1	1	1	1	1	1	1	1	1	1	1	1	1	1	1	1	1	1	1	1	1	1	1	1	1	1	1	
1	1	1	1	1	1	1	1	1	1	1	1	1	1	1	1	1	1	1	1	1	1	1	1	1	1	1	1	1	1	1	1	1	1	1	1	1	1	1	1	1	1	1	1	1	1	1	1	1	1	1	1	1	1	1	1	1	1	1	1	1	1	1	1	1	1	1	1	1	
1	1	1	1	1	1	1	1	1	1	1	1	1	1	1	1	1	1	1	1	1	1	1	1	1	1	1	1	1	1	1	1	1	1	1	1	1	1	1	1	1	1	1	1	1	1	1	1	1	1	1	1	1	1	1	1	1	1	1	1	1	1	1	1	1	1	1	1	1	
1	1	1	1	1	1	1	1	1	1	1	1	1	1	1	1	1	1	1	1	1	1	1	1	1	1	1	1	1	1	1	1	1	1	1	1	1	1	1	1	1	1	1	1	1	1	1	1	1	1	1	1	1	1	1	1	1	1	1	1	1	1	1	1	1	1	1	1	1	
1	1	1	1	1	1	1	1	1	1	1	1	1	1	1	1	1	1	1	1	1	1	1	1	1	1	1	1	1	1	1	1	1	1	1	1	1	1	1	1	1	1	1	1	1	1	1	1	1	1	1	1	1	1	1	1	1	1	1	1	1	1	1	1	1	1	1	1	1	
1	1	1	1	1	1	1	1	1	1	1	1	1	1	1	1	1	1	1	1	1	1	1	1	1	1	1	1	1	1	1	1	1	1	1	1	1	1	1	1	1	1	1	1	1	1	1	1	1	1	1	1	1	1	1	1	1	1	1	1	1	1	1	1	1	1	1	1	1	
1	1	1	1	1	1	1	1	1	1	1	1	1	1	1	1	1	1	1	1	1	1	1	1	1	1	1	1	1	1	1	1	1	1	1	1	1	1	1	1	1	1	1	1	1	1	1	1	1	1	1	1	1	1	1	1	1	1	1	1	1	1	1	1	1	1	1	1	1	
1	1	1	1	1	1	1	1	1	1	1	1	1	1	1	1	1	1	1	1	1	1	1	1	1	1	1	1	1	1	1	1	1	1	1	1	1	1	1	1	1	1	1	1	1	1	1	1	1	1	1	1	1	1	1	1	1	1	1	1	1	1	1	1	1	1	1	1	1	
1	1	1	1	1	1	1	1	1	1	1	1	1	1	1	1	1	1	1	1	1	1	1	1	1	1	1	1	1	1	1	1	1	1	1	1	1	1	1	1	1	1	1	1	1	1	1	1	1	1	1	1	1	1	1	1	1	1	1	1	1	1	1	1	1	1	1	1	1	
1	1	1	1	1	1	1	1	1	1	1	1	1	1	1	1	1	1	1	1	1	1	1	1	1	1	1	1	1	1	1	1	1	1	1	1	1	1	1	1	1	1	1	1	1	1	1	1	1	1	1	1	1	1	1	1	1	1	1	1	1	1	1	1	1	1	1	1	1	
1	1	1	1	1	1	1	1	1	1	1	1	1	1	1	1	1	1	1	1	1	1	1	1	1	1	1	1	1	1	1	1	1	1	1	1	1	1	1	1	1	1	1	1	1	1	1	1	1	1	1	1	1	1	1	1	1	1	1	1	1	1	1	1	1	1	1	1	1	
1	1	1	1	1	1	1	1	1	1	1	1	1	1	1	1	1	1	1	1	1	1	1	1	1	1	1	1	1	1	1	1	1	1	1	1	1	1	1	1	1	1	1	1	1	1	1	1	1	1	1	1	1	1	1	1	1	1	1	1	1	1	1	1	1	1	1	1	1	
1	1	1	1	1	1	1	1	1	1	1	1	1	1	1	1	1	1	1	1	1	1	1	1	1	1	1	1	1	1	1	1	1	1	1	1	1	1	1	1	1	1	1	1	1	1	1	1	1	1	1	1	1	1	1	1	1	1	1	1	1	1	1	1	1	1	1	1	1	
1	1	1	1	1	1	1	1	1	1	1	1	1	1	1	1	1	1	1	1	1	1	1	1	1	1	1	1	1	1	1	1	1	1	1	1	1	1	1	1	1	1	1	1	1	1	1	1	1	1	1	1	1	1	1	1	1	1	1	1	1	1	1	1	1	1	1	1	1	
1	1	1	1	1	1	1	1	1	1	1	1	1	1	1	1	1	1	1	1	1	1	1	1	1	1	1	1	1	1	1	1	1	1	1	1	1	1	1	1	1	1	1	1	1	1	1	1	1	1	1	1	1	1	1	1	1	1	1	1	1	1	1	1	1	1	1	1	1	
1	1	1	1	1	1	1	1	1	1	1	1	1	1	1	1	1	1	1	1	1	1	1	1	1	1	1	1	1	1	1	1	1	1	1	1	1	1	1	1	1	1	1	1	1	1	1	1	1	1	1	1	1	1	1	1	1	1	1	1	1	1	1	1	1	1	1	1	1	
1	1	1	1	1	1	1	1	1	1	1	1	1	1	1	1	1	1	1	1	1	1	1	1	1	1	1	1	1	1	1	1	1	1	1	1	1	1	1	1	1	1	1	1	1	1	1	1	1	1	1	1	1	1	1	1	1	1	1	1	1	1	1	1	1	1	1	1	1	
1	1	1	1	1	1	1	1	1	1	1	1	1	1	1	1	1	1	1	1	1	1	1	1	1	1	1	1	1	1	1	1	1	1	1	1	1	1	1	1	1	1	1	1	1	1	1	1	1	1	1	1	1	1	1	1	1	1	1	1	1	1	1	1	1	1	1	1	1	
1	1	1	1	1	1	1	1	1	1	1	1	1	1	1	1	1	1	1	1	1	1	1	1	1	1	1	1	1	1	1	1	1	1	1	1	1	1	1	1	1	1	1	1	1	1	1	1	1	1	1	1	1	1	1	1	1	1	1	1	1	1	1	1	1	1	1	1	1	
1	1	1	1	1	1	1	1	1	1	1	1	1	1	1	1	1	1	1	1	1	1	1	1	1	1	1	1	1	1	1	1	1	1	1	1	1	1	1	1	1	1	1	1	1	1	1	1	1	1	1	1	1	1	1	1	1	1	1	1	1	1	1	1	1	1	1	1	1	
1	1	1	1	1	1	1	1	1	1	1	1	1	1	1	1	1	1	1	1	1	1	1	1	1	1	1	1	1	1	1	1	1	1	1	1	1	1	1	1	1	1	1	1	1	1	1	1	1	1	1	1	1	1	1	1	1	1	1	1	1	1	1	1	1	1	1	1	1	
1	1	1	1	1	1	1	1	1	1	1	1	1	1	1	1	1	1	1	1	1	1	1	1	1	1	1	1	1	1	1	1	1	1	1	1	1	1	1	1	1	1	1	1	1	1	1	1	1	1	1	1	1	1	1	1	1	1	1	1	1	1	1	1	1	1	1	1	1	
1	1	1	1	1	1	1	1	1	1	1	1	1	1	1	1	1	1	1	1	1	1	1	1	1	1	1	1	1	1	1	1	1	1	1	1	1	1	1	1	1	1	1	1	1	1	1	1	1	1	1	1	1	1	1	1	1	1	1	1	1	1	1	1	1	1	1	1	1	
1	1	1	1	1	1	1	1	1	1	1	1	1	1	1	1	1	1	1	1	1	1	1	1	1	1	1	1	1	1	1	1	1	1	1	1	1	1	1	1	1	1	1	1	1	1	1	1	1	1	1	1	1	1	1	1	1	1	1	1	1	1	1	1	1	1	1	1	1	
1	1	1	1	1	1	1	1	1	1	1	1	1	1	1	1	1	1	1	1	1	1	1	1	1	1	1	1	1	1	1	1	1	1	1	1	1	1	1	1	1	1	1	1	1	1	1	1	1	1	1	1	1	1	1	1	1	1	1	1	1	1	1	1	1	1	1	1	1	
1	1	1	1	1	1	1	1	1	1	1	1	1	1	1	1	1	1	1	1	1	1	1	1	1	1	1	1	1	1	1	1	1	1	1	1	1	1	1	1	1	1	1	1	1	1	1	1	1	1	1	1	1	1	1	1	1	1	1	1	1	1	1	1	1	1	1	1	1	
1	1	1	1	1	1	1	1	1	1	1	1	1	1	1	1	1	1	1	1	1	1	1	1	1	1	1	1	1	1	1	1	1	1	1	1	1	1	1	1	1	1	1	1	1	1	1	1	1	1	1	1	1	1	1	1	1	1	1	1	1	1	1	1	1	1	1	1	1	
1	1	1	1	1	1	1	1	1	1	1	1	1	1	1	1	1	1	1	1	1	1	1	1	1	1	1	1	1	1	1	1	1	1	1	1	1	1	1	1	1	1	1	1	1	1	1	1	1	1	1	1	1	1	1	1	1	1	1	1	1	1	1	1	1	1	1	1	1	
1	1	1	1	1	1	1	1	1	1	1	1	1	1	1	1	1	1	1	1	1	1	1	1	1	1	1	1	1	1	1	1	1	1	1	1	1	1	1	1	1	1	1	1	1	1	1	1	1	1	1	1	1	1	1	1	1	1	1	1	1	1	1	1	1	1	1	1	1	
1	1	1	1	1	1	1	1	1	1	1	1	1	1	1	1	1	1	1	1	1	1	1	1	1	1	1	1	1	1	1	1	1	1	1	1	1	1	1	1	1	1	1	1	1	1	1	1	1	1	1	1	1	1	1	1	1	1	1	1	1	1	1	1	1	1	1	1	1	  ); 
P0 ( 
0.00953025	0.0385044	0.0176197	0.012089	0.00785323	0.00484875	0.00283701	0.00169323	0.000969751	0.000586666	0.000327263	0.000218905	0.000119303	8.0995e-05	4.70646e-05	2.95522e-05	1.97015e-05	7.66169e-06	1.09453e-06	5.47263e-06	2.18905e-06	0	2.18905e-06	0	0	0	0	0	0	0	0	0	0	0	0	0	0	0	0	0	0	0	0	0	0	0	0	0	0	0	0	0	0	0	0	0	0	0	0	0	0	0	0	0	0	0	0	0	0	
0	0.0166274	0.0532483	0.0230355	0.0140249	0.00852767	0.00522644	0.0031885	0.00189612	0.00114873	0.000717237	0.000432282	0.000262148	0.000150735	8.20523e-05	5.34782e-05	3.77493e-05	2.38555e-05	1.2321e-05	1.46803e-05	6.0294e-06	2.35933e-06	5.24296e-07	2.62148e-07	2.62148e-07	0	7.86444e-07	0	0	0	0	0	0	0	0	0	0	0	0	0	0	0	0	0	0	0	0	0	0	0	0	0	0	0	0	0	0	0	0	0	0	0	0	0	0	0	0	0	0	
0	0	0.0167393	0.0580661	0.0314181	0.0190123	0.0117366	0.00711102	0.00427208	0.0026093	0.0015775	0.000937239	0.000589693	0.000347804	0.000219442	0.000119719	7.92106e-05	5.199e-05	3.16068e-05	2.94137e-05	1.14817e-05	5.03129e-06	9.03052e-07	1.16107e-06	7.74045e-07	2.58015e-07	3.87022e-07	0	1.29007e-07	0	0	0	0	0	0	0	0	0	0	0	0	0	1.29007e-07	0	0	0	0	0	0	0	0	0	0	0	0	0	0	0	0	0	0	0	0	0	0	0	0	0	0	
0	0	0	-0.00707568	0.0833183	0.0401981	0.024822	0.0150971	0.00907562	0.00556695	0.00333243	0.00202427	0.00123387	0.00074965	0.00046234	0.000249322	0.000156638	9.86951e-05	6.39534e-05	7.17673e-05	2.80097e-05	9.01599e-06	2.52448e-06	2.7649e-06	1.68299e-06	8.41493e-07	4.80853e-07	0	1.20213e-07	1.20213e-07	1.20213e-07	0	0	0	0	0	0	0	0	0	0	0	0	0	0	0	2.40426e-07	0	0	0	0	0	0	0	0	0	0	0	0	0	0	0	0	0	0	0	0	0	0	
0	0	0	0	-0.00112022	0.121332	0.0533951	0.0324649	0.0195395	0.0118272	0.00717183	0.00436446	0.00264429	0.00159924	0.000977594	0.000536287	0.000349489	0.000205241	0.000145434	0.000146488	5.91483e-05	1.8311e-05	6.58667e-06	6.58667e-06	2.89814e-06	1.31733e-06	2.89814e-06	1.31733e-07	1.31733e-07	1.31733e-07	1.31733e-07	1.31733e-07	0	0	0	0	0	0	0	0	0	0	1.31733e-07	0	0	0	0	0	0	0	0	0	0	0	0	0	0	0	0	0	0	0	0	0	0	0	0	0	0	
0	0	0	0	0	-0.0246184	0.130212	0.0676125	0.0405433	0.0247605	0.0149769	0.00911076	0.0055283	0.00335938	0.00201928	0.00114163	0.000726535	0.000450635	0.000287706	0.0002974	0.000120923	4.03907e-05	1.83933e-05	1.08123e-05	6.4625e-06	3.72837e-06	3.23125e-06	2.48558e-07	1.24279e-07	0	7.45674e-07	0	0	1.24279e-07	0	0	0	0	0	0	0	1.24279e-07	0	0	1.24279e-07	0	0	0	0	0	0	0	0	0	0	0	0	0	0	0	0	0	0	0	0	0	0	0	0	
0	0	0	0	0	0	-0.0607967	0.188027	0.0892927	0.0541705	0.0329502	0.0200151	0.0121206	0.00737245	0.00448816	0.00247845	0.00158457	0.00102791	0.000659598	0.000648161	0.000279672	9.3105e-05	3.59196e-05	2.57334e-05	1.67982e-05	9.11393e-06	6.25466e-06	1.60834e-06	5.36113e-07	1.78704e-07	3.57409e-07	1.78704e-07	1.78704e-07	1.78704e-07	0	0	0	1.78704e-07	0	0	0	1.78704e-07	0	1.78704e-07	1.78704e-07	0	0	0	0	0	0	0	0	0	0	0	0	0	0	0	0	0	0	0	0	0	0	0	0	
0	0	0	0	0	0	0	-0.125625	0.212116	0.111902	0.0679554	0.0411471	0.0250405	0.015244	0.00919622	0.00514919	0.00325603	0.00210342	0.00131847	0.00139031	0.000572872	0.000187056	7.4661e-05	5.16573e-05	3.55144e-05	1.53358e-05	1.75554e-05	2.42144e-06	1.00893e-06	1.41251e-06	2.82501e-06	4.03573e-07	2.01786e-07	0	0	0	0	2.01786e-07	0	0	0	0	0	0	6.05359e-07	6.05359e-07	4.03573e-07	2.01786e-07	2.01786e-07	0	4.03573e-07	0	0	0	0	0	0	0	0	0	0	2.01786e-07	0	0	0	0	0	0	0	
0	0	0	0	0	0	0	0	-0.227842	0.260116	0.140259	0.0852427	0.051594	0.0312674	0.0188952	0.0106228	0.00671182	0.00424216	0.00281746	0.00290006	0.00112911	0.000375072	0.000138704	0.000113768	5.55855e-05	3.09097e-05	3.22084e-05	4.67542e-06	4.15592e-06	2.33771e-06	3.89618e-06	2.59745e-07	7.79236e-07	2.59745e-07	2.59745e-07	7.79236e-07	5.19491e-07	5.19491e-07	0	2.59745e-07	5.19491e-07	0	2.59745e-07	0	7.79236e-07	2.8572e-06	0	1.29873e-06	2.59745e-07	0	0	0	0	0	0	0	0	2.59745e-07	0	0	0	0	0	0	0	0	0	0	0	
0	0	0	0	0	0	0	0	0	-0.30488	0.306843	0.168116	0.102204	0.0618145	0.0376023	0.0209483	0.0135251	0.00849825	0.00551045	0.00567954	0.00229553	0.000777759	0.000297626	0.000212144	0.000116991	6.52032e-05	5.86517e-05	5.30361e-06	5.92756e-06	5.61559e-06	5.61559e-06	4.36768e-06	2.18384e-06	6.23954e-07	6.23954e-07	6.23954e-07	6.23954e-07	0	3.11977e-07	0	6.23954e-07	3.11977e-07	0	0	2.18384e-06	3.11977e-07	6.23954e-07	3.11977e-07	6.23954e-07	3.11977e-07	6.23954e-07	1.24791e-06	0	3.11977e-07	6.23954e-07	0	3.11977e-07	0	0	0	0	0	0	0	0	0	0	0	0	
0	0	0	0	0	0	0	0	0	0	-0.370089	0.348031	0.193082	0.117406	0.0710605	0.039784	0.0253048	0.0162125	0.0101784	0.0106475	0.00428572	0.00143791	0.000566405	0.000411702	0.000234746	0.000101221	0.000126346	1.54344e-05	1.36397e-05	9.69134e-06	1.04092e-05	3.58938e-06	3.58938e-06	3.58938e-07	1.07682e-06	3.58938e-07	0	3.58938e-07	3.58938e-07	0	3.58938e-07	1.43575e-06	1.43575e-06	1.43575e-06	3.23045e-06	1.79469e-06	1.43575e-06	1.43575e-06	7.17877e-07	7.17877e-07	3.58938e-07	1.43575e-06	1.07682e-06	7.17877e-07	3.58938e-07	3.58938e-07	7.17877e-07	0	3.58938e-07	0	0	0	0	0	3.58938e-07	0	0	0	0	
0	0	0	0	0	0	0	0	0	0	0	-0.420887	0.383226	0.213785	0.129808	0.0729525	0.0460809	0.0294721	0.018687	0.0194557	0.00795672	0.00266862	0.000979483	0.000733424	0.000441005	0.00022704	0.000198116	2.41701e-05	2.33776e-05	1.74342e-05	2.17927e-05	9.50954e-06	7.52839e-06	3.96231e-07	7.92462e-07	7.92462e-07	7.92462e-07	7.92462e-07	1.18869e-06	3.96231e-07	1.18869e-06	3.96231e-07	1.58492e-06	1.18869e-06	5.151e-06	3.56608e-06	3.96231e-06	1.98116e-06	1.18869e-06	1.18869e-06	7.92462e-07	1.18869e-06	1.18869e-06	3.96231e-07	3.96231e-07	1.58492e-06	3.96231e-07	3.96231e-07	7.92462e-07	0	0	0	3.96231e-07	0	0	0	7.92462e-07	0	0	
0	0	0	0	0	0	0	0	0	0	0	0	-0.45829	0.406425	0.228482	0.127882	0.0813654	0.0518661	0.0327603	0.0344946	0.0138248	0.00471606	0.0017369	0.00132619	0.000758673	0.000393323	0.000356025	4.53508e-05	4.45032e-05	2.58542e-05	4.19601e-05	9.74831e-06	7.20528e-06	2.1192e-06	1.69536e-06	1.69536e-06	2.96688e-06	8.47679e-07	1.27152e-06	4.2384e-07	4.2384e-07	2.96688e-06	2.1192e-06	2.54304e-06	7.62911e-06	1.27152e-05	5.93376e-06	2.96688e-06	1.27152e-06	2.1192e-06	2.1192e-06	2.54304e-06	1.27152e-06	8.47679e-07	2.1192e-06	4.2384e-07	1.27152e-06	4.2384e-07	0	4.2384e-07	1.69536e-06	8.47679e-07	0	8.47679e-07	0	0	0	0	0	
0	0	0	0	0	0	0	0	0	0	0	0	0	-0.485713	0.4233	0.220721	0.140671	0.0895434	0.0568608	0.059348	0.0240648	0.0081022	0.00301265	0.00226316	0.00128161	0.000702819	0.000622357	7.86837e-05	8.00174e-05	6.40139e-05	5.95685e-05	3.02288e-05	1.77816e-05	4.00087e-06	3.55633e-06	1.77816e-06	1.77816e-06	3.11179e-06	1.33362e-06	5.77903e-06	1.77816e-06	3.55633e-06	4.00087e-06	5.77903e-06	1.6448e-05	1.42253e-05	8.89082e-06	6.22357e-06	2.2227e-06	1.33362e-06	1.33362e-06	5.33449e-06	4.00087e-06	3.55633e-06	7.11265e-06	2.66725e-06	2.66725e-06	4.44541e-07	8.89082e-07	8.89082e-07	1.33362e-06	8.89082e-07	0	4.44541e-07	0	1.33362e-06	0	8.89082e-07	4.44541e-07	
0	0	0	0	0	0	0	0	0	0	0	0	0	0	-0.505342	0.40523	0.237895	0.151351	0.0965456	0.100201	0.040637	0.0137275	0.00509281	0.00372558	0.00221887	0.00112186	0.0011389	0.000128437	0.000132119	8.70054e-05	0.000124293	4.69553e-05	2.99225e-05	4.14311e-06	3.22242e-06	5.9845e-06	5.52415e-06	5.9845e-06	6.44484e-06	4.14311e-06	5.9845e-06	5.52415e-06	1.01276e-05	1.28897e-05	3.7288e-05	2.34776e-05	2.07156e-05	1.15086e-05	1.84138e-06	2.76208e-06	4.60346e-06	5.52415e-06	6.44484e-06	4.60346e-06	9.66726e-06	4.14311e-06	3.22242e-06	4.60346e-06	1.84138e-06	1.38104e-06	1.84138e-06	9.20692e-07	0	9.20692e-07	4.60346e-07	1.84138e-06	2.30173e-06	4.60346e-07	9.20692e-07	
0	0	0	0	0	0	0	0	0	0	0	0	0	0	0	-0.542497	0.424004	0.248145	0.157675	0.163553	0.0662749	0.0220847	0.00829534	0.00618644	0.00358097	0.00195151	0.00177958	0.000204137	0.000198943	0.000150635	0.000189593	6.18125e-05	4.62295e-05	4.67489e-06	9.86922e-06	1.14275e-05	6.75262e-06	9.34978e-06	8.83035e-06	7.79149e-06	7.79149e-06	1.35052e-05	2.18162e-05	2.07773e-05	4.25935e-05	3.89574e-05	2.70105e-05	2.02579e-05	8.31092e-06	6.75262e-06	4.15546e-06	7.27205e-06	1.09081e-05	9.34978e-06	1.45441e-05	1.09081e-05	4.67489e-06	3.11659e-06	3.11659e-06	2.59716e-06	3.63603e-06	1.03886e-06	0	1.03886e-06	2.07773e-06	1.5583e-06	2.59716e-06	5.19432e-07	2.07773e-06	
0	0	0	0	0	0	0	0	0	0	0	0	0	0	0	0	-0.549521	0.426315	0.249277	0.259783	0.105519	0.0354737	0.0132715	0.00994019	0.00561786	0.00293037	0.00283396	0.000334027	0.000348779	0.000268696	0.000299781	8.64043e-05	6.63838e-05	1.31714e-05	1.36983e-05	1.15908e-05	1.05371e-05	1.58057e-05	1.36983e-05	1.00103e-05	1.15908e-05	1.844e-05	2.73965e-05	3.47725e-05	7.95552e-05	7.16524e-05	4.63633e-05	2.31817e-05	1.844e-05	8.95655e-06	8.42969e-06	1.26445e-05	1.15908e-05	2.31817e-05	1.79131e-05	2.26548e-05	1.00103e-05	5.26856e-06	2.10742e-06	2.63428e-06	2.63428e-06	3.16113e-06	2.63428e-06	5.26856e-07	2.10742e-06	1.58057e-06	2.63428e-06	0	5.26856e-07	
0	0	0	0	0	0	0	0	0	0	0	0	0	0	0	0	0	-0.554114	0.429228	0.411837	0.166747	0.0558954	0.0206775	0.0157041	0.00890527	0.00462195	0.0044641	0.000553013	0.000573811	0.000396762	0.000472488	0.000142386	0.000118389	1.97314e-05	2.50643e-05	1.7065e-05	2.02647e-05	1.43986e-05	2.66641e-05	1.65317e-05	2.18646e-05	2.4531e-05	3.62632e-05	5.4928e-05	0.000116789	8.85248e-05	8.05256e-05	3.62632e-05	2.0798e-05	9.06579e-06	1.54652e-05	2.4531e-05	2.39977e-05	2.87972e-05	4.5329e-05	3.14636e-05	1.17322e-05	8.53251e-06	6.39938e-06	5.33282e-06	4.79954e-06	2.66641e-06	2.13313e-06	5.8661e-06	1.59985e-06	5.8661e-06	1.59985e-06	3.19969e-06	1.06656e-06	
0	0	0	0	0	0	0	0	0	0	0	0	0	0	0	0	0	0	-0.56086	0.685486	0.263354	0.0887573	0.0330775	0.0245784	0.0139797	0.00723036	0.00706188	0.000862962	0.000838043	0.000611062	0.000754076	0.000255151	0.000167934	3.03364e-05	3.84622e-05	2.87112e-05	2.81695e-05	3.35867e-05	3.46702e-05	2.87112e-05	2.87112e-05	4.92967e-05	6.39231e-05	8.23417e-05	0.000215063	0.0001636	0.000108886	6.55483e-05	4.55046e-05	1.67934e-05	3.14198e-05	4.06291e-05	2.87112e-05	5.20053e-05	6.28397e-05	4.44212e-05	2.38357e-05	1.51682e-05	1.40848e-05	1.13762e-05	1.24596e-05	4.87549e-06	3.79205e-06	4.33377e-06	5.95894e-06	3.79205e-06	2.16689e-06	5.95894e-06	2.70861e-06	
0	0	0	0	0	0	0	0	0	0	0	0	0	0	0	0	0	0	0	-0.348484	0.551215	0.178906	0.0670194	0.0496884	0.0287071	0.0147644	0.0143519	0.00172424	0.0017027	0.00124548	0.00143875	0.00049753	0.000351198	6.62638e-05	6.04657e-05	6.90247e-05	5.71525e-05	5.21827e-05	5.10783e-05	5.96374e-05	4.94217e-05	9.85673e-05	0.000144124	0.000167316	0.000375771	0.000314201	0.000250974	0.000114029	7.28901e-05	5.35632e-05	4.99739e-05	8.58668e-05	7.75838e-05	9.4702e-05	9.1941e-05	9.13888e-05	4.16909e-05	3.0647e-05	2.07074e-05	2.37445e-05	1.76703e-05	1.62898e-05	1.46332e-05	9.66346e-06	8.83517e-06	9.66346e-06	9.11127e-06	7.17857e-06	4.69368e-06	
0	0	0	0	0	0	0	0	0	0	0	0	0	0	0	0	0	0	0	0	-0.353885	0.459506	0.165898	0.122829	0.0708365	0.0368645	0.0355135	0.00426162	0.00421193	0.00301144	0.00363639	0.00121355	0.000912008	0.000148783	0.000157585	0.000143956	0.000160425	0.000149351	0.000148499	0.000143388	0.000129476	0.000241063	0.00036202	0.000423635	0.000974474	0.000757262	0.000611318	0.000304097	0.0001644	0.000122945	0.000121525	0.000170079	0.000172634	0.000248445	0.000248729	0.000248161	0.000137426	7.69471e-05	5.79233e-05	4.71336e-05	4.59979e-05	4.14549e-05	2.64062e-05	2.10114e-05	2.12953e-05	2.04435e-05	1.87399e-05	1.30611e-05	1.19254e-05	
0	0	0	0	0	0	0	0	0	0	0	0	0	0	0	0	0	0	0	0	0	-0.459775	0.383468	0.26729	0.154687	0.0801864	0.0773536	0.00921152	0.00909908	0.00650757	0.00788971	0.00251747	0.00196939	0.000374525	0.000343576	0.000341225	0.000355721	0.000335349	0.000336524	0.000312627	0.000299307	0.000521828	0.000791753	0.000953551	0.00205715	0.00170182	0.00133199	0.000644841	0.000395289	0.00026444	0.000267182	0.000397247	0.000391371	0.000513209	0.000523395	0.00053554	0.000249553	0.000156313	0.000104209	9.63736e-05	0.00010891	7.99196e-05	6.7775e-05	5.52385e-05	5.36715e-05	4.81868e-05	4.30939e-05	3.17328e-05	2.19387e-05	
0	0	0	0	0	0	0	0	0	0	0	0	0	0	0	0	0	0	0	0	0	1.2149e-06	-0.586155	0.501736	0.269876	0.140152	0.134528	0.0160823	0.0159474	0.0115841	0.0136792	0.00456014	0.00345093	0.000622637	0.000615348	0.000612918	0.00059105	0.000589835	0.000553995	0.000571004	0.000494465	0.000916036	0.00142872	0.00162675	0.00359368	0.00280521	0.00231986	0.00113047	0.000690064	0.000468345	0.000488998	0.000659692	0.000690672	0.000920288	0.000943371	0.000877767	0.00046227	0.000297044	0.000213215	0.000157937	0.000165227	0.000137284	0.000106911	9.23326e-05	9.90145e-05	8.7473e-05	6.56047e-05	6.43898e-05	3.40173e-05	
0	0	0	0	0	0	0	0	0	0	0	0	0	0	0	0	0	0	0	0	0	0	0	-0.536928	0.474308	0.231424	0.223487	0.0264453	0.0265839	0.0190566	0.0227216	0.00757369	0.00566701	0.00100897	0.00098064	0.000997121	0.000935316	0.000917805	0.000936346	0.000912654	0.000858575	0.00149826	0.00227237	0.0026571	0.00586787	0.00473427	0.0038417	0.00193192	0.00114236	0.000750416	0.000758657	0.00114442	0.00114236	0.00151989	0.00159406	0.00148487	0.000739085	0.000509892	0.000314691	0.000314176	0.000294089	0.000224043	0.000170994	0.000154513	0.000159663	0.000139061	0.000141637	0.000106099	6.64404e-05	
0	0	0	0	0	0	0	0	0	0	0	0	0	0	0	0	0	0	0	0	0	0	0	2.69428e-06	-0.545266	0.429336	0.386812	0.0459655	0.0461908	0.0329187	0.0392832	0.0131357	0.00975654	0.00177122	0.0017238	0.00170063	0.00168608	0.00163543	0.00163274	0.0016004	0.00144952	0.00266896	0.00392018	0.00465572	0.0101989	0.00830001	0.00649322	0.0032784	0.00201101	0.00131481	0.00130188	0.00195389	0.00202448	0.00257681	0.00270075	0.00253694	0.00132343	0.000851393	0.000581965	0.000523768	0.000521613	0.000423002	0.000276972	0.000292599	0.000270506	0.000244641	0.00020746	0.000180517	0.000106694	
0	0	0	0	0	0	0	0	0	0	0	0	0	0	0	0	0	0	0	0	0	0	0	0	8.85995e-06	-0.574251	0.679824	0.0768025	0.0770474	0.0544387	0.0662218	0.0220518	0.0165213	0.00303453	0.00283645	0.00290227	0.00283645	0.00278392	0.00262318	0.00264659	0.00238206	0.00446731	0.00669369	0.0076145	0.0171915	0.013862	0.0110939	0.00549127	0.00338134	0.00217765	0.00223524	0.00336425	0.00324591	0.0044053	0.00446478	0.00443884	0.00215423	0.00141696	0.000942952	0.000844227	0.000834734	0.000730313	0.000506283	0.000465148	0.000440466	0.000446162	0.000389205	0.000302504	0.000174668	
0	0	0	0	0	0	0	0	0	0	0	0	0	0	0	0	0	0	0	0	0	0	0	0	0	1.66774e-05	-0.386969	0.172823	0.15834	0.112673	0.13447	0.0447534	0.0337652	0.00605244	0.00584361	0.00583382	0.00586428	0.00563659	0.00537737	0.00538571	0.00496152	0.00897606	0.0133698	0.0157547	0.0348405	0.0279636	0.0222636	0.0112395	0.00668074	0.00452175	0.00457577	0.00673621	0.00673766	0.00888796	0.00900579	0.00892893	0.00449274	0.00293667	0.00193893	0.00174134	0.00172502	0.00145601	0.000990492	0.00094481	0.000933934	0.00087085	0.000762447	0.000637004	0.000359289	
0	0	0	0	0	0	0	0	0	0	0	0	0	0	0	0	0	0	0	0	0	0	0	0	0	0	0.000420227	-0.757097	0.335744	0.191231	0.226599	0.076231	0.0573121	0.0102793	0.00984018	0.00943882	0.0100872	0.0095829	0.00918154	0.00888652	0.00821759	0.015075	0.0225602	0.026344	0.0583859	0.0472576	0.0375306	0.0188073	0.0117355	0.00754351	0.0075881	0.0112346	0.0115091	0.0150047	0.0151573	0.0152465	0.00764128	0.00475457	0.00335324	0.00285583	0.00273577	0.00243389	0.00169463	0.00155055	0.00154369	0.00144764	0.00134473	0.00103942	0.000588318	
0	0	0	0	0	0	0	0	0	0	0	0	0	0	0	0	0	0	0	0	0	0	0	0	0	0	0	0.000525741	-0.72215	0.2922	0.283927	0.0939066	0.070729	0.01257	0.0123156	0.012137	0.0121159	0.0118826	0.0113864	0.0115565	0.010304	0.0186765	0.0282354	0.0332974	0.0725916	0.0588141	0.0467347	0.0230117	0.014053	0.00918641	0.00938181	0.0140924	0.0141233	0.0188227	0.0186708	0.0184881	0.00937197	0.00600526	0.0040035	0.00360568	0.00352696	0.00294359	0.00209312	0.00202706	0.00183025	0.00169952	0.00165173	0.00123423	0.000723948	
0	0	0	0	0	0	0	0	0	0	0	0	0	0	0	0	0	0	0	0	0	0	0	0	0	0	0	0	0.000871088	-0.73337	0.420117	0.117784	0.0880223	0.0157847	0.0154583	0.0153955	0.0150141	0.0149011	0.0143455	0.014369	0.0130302	0.0234597	0.035283	0.0412158	0.0910405	0.0734822	0.0583582	0.0291901	0.0175395	0.0117103	0.0119473	0.0173245	0.0179837	0.0238035	0.0234958	0.0235382	0.0116946	0.00749607	0.0050994	0.00449042	0.00433818	0.00377315	0.0026164	0.00243277	0.00233546	0.00219734	0.00198231	0.00156482	0.000921313	
0	0	0	0	0	0	0	0	0	0	0	0	0	0	0	0	0	0	0	0	0	0	0	0	0	0	0	0	0	0.000913034	-0.634659	0.189234	0.12594	0.0216941	0.02078	0.0204128	0.020164	0.0193192	0.0185356	0.0185095	0.0169614	0.0311334	0.0468537	0.0543245	0.120105	0.0970204	0.077954	0.0389314	0.0232111	0.015353	0.0156841	0.0234519	0.0233797	0.0310853	0.0311866	0.0310913	0.0151995	0.009931	0.00690695	0.00588054	0.00567887	0.0049665	0.00343642	0.00337622	0.00313441	0.00299495	0.00254847	0.0020458	0.00120801	
0	0	0	0	0	0	0	0	0	0	0	0	0	0	0	0	0	0	0	0	0	0	0	0	0	0	0	0	0	0	0.00414572	-0.788698	0.197897	0.0325537	0.0307845	0.0305239	0.0291778	0.0271671	0.0257446	0.0249676	0.0224835	0.040685	0.0595654	0.0696452	0.152445	0.123181	0.0984549	0.0492585	0.0300768	0.0196695	0.019832	0.0291898	0.0293954	0.0397621	0.0395326	0.0393915	0.0193419	0.0125256	0.00839903	0.00735662	0.007206	0.00612056	0.00448283	0.00419593	0.00376079	0.00363647	0.00323481	0.00256298	0.00144407	
0	0	0	0	0	0	0	0	0	0	0	0	0	0	0	0	0	0	0	0	0	0	0	0	0	0	0	0	0	0	2.89022e-06	0.00661281	-0.8317	0.0421827	0.0399803	0.0392694	0.0383185	0.0359312	0.0340236	0.0331392	0.0290958	0.0505354	0.072949	0.0810792	0.174598	0.141066	0.112395	0.055943	0.0339889	0.022246	0.0221766	0.0339889	0.0335265	0.0445411	0.0453388	0.0448041	0.0220206	0.0141534	0.00993945	0.00878914	0.0083874	0.00743363	0.00501163	0.00464747	0.00467926	0.00421682	0.00380352	0.00308964	0.00182084	
0	0	0	0	0	0	0	0	0	0	0	0	0	0	0	0	0	0	0	0	0	0	0	0	0	0	0	0	0	0	0	0.000109454	0.0275981	-0.978181	0.0449074	0.0447042	0.0436096	0.0417802	0.0389969	0.0378867	0.0349002	0.0601215	0.0861247	0.0894865	0.186228	0.151109	0.119915	0.0604968	0.0359009	0.0248304	0.0239548	0.0361355	0.0366515	0.0488947	0.046346	0.049442	0.0242363	0.0154799	0.0104138	0.0103669	0.0100385	0.00739597	0.00550398	0.00489416	0.00447198	0.00480034	0.0040498	0.00317417	0.00209526	
0	0	0	0	0	0	0	0	0	0	0	0	0	0	0	0	0	0	0	0	0	0	0	0	0	0	0	0	0	0	0	3.17332e-05	0.00915503	0.0188971	-0.978361	0.0461718	0.0451088	0.0413325	0.0407613	0.0415705	0.0356681	0.0631808	0.0898526	0.0923754	0.195016	0.156143	0.124854	0.0604676	0.0364773	0.025212	0.0241172	0.0362393	0.0375721	0.0505827	0.0508842	0.0490754	0.0239903	0.0160253	0.0110273	0.00971036	0.00896463	0.00810784	0.00522011	0.00502971	0.00509318	0.00475998	0.00417292	0.00330025	0.00204679	
0	0	0	0	0	0	0	0	0	0	0	0	0	0	0	0	0	0	0	0	0	0	0	0	0	0	0	0	0	0	0	3.1367e-05	0.00376404	0.00726147	0.0182086	-0.983979	0.046831	0.0441961	0.0410124	0.0407458	0.0366681	0.067298	0.094352	0.0995589	0.20078	0.155847	0.12953	0.0619969	0.0379384	0.0254857	0.0255014	0.0366837	0.0383305	0.0500618	0.0527593	0.0501872	0.0243251	0.0167657	0.0114803	0.00951989	0.0103511	0.00757514	0.00539513	0.00555196	0.00509714	0.00494031	0.00432865	0.00384246	0.00222706	
0	0	0	0	0	0	0	0	0	0	0	0	0	0	0	0	0	0	0	0	0	0	0	0	0	0	0	0	0	0	0	0	0.00108586	0.00250818	0.0066222	0.0184596	-0.975114	0.0434649	0.0430825	0.0429908	0.0382344	0.0687608	0.0993483	0.106383	0.208286	0.16297	0.130609	0.0649832	0.0384791	0.0266417	0.0262288	0.0400085	0.0392438	0.0526106	0.0507141	0.0519835	0.0253112	0.0168384	0.0111492	0.0104915	0.00942096	0.00861039	0.00549046	0.00526106	0.00484812	0.00544458	0.00434343	0.00357874	0.00215642	
0	0	0	0	0	0	0	0	0	0	0	0	0	0	0	0	0	0	0	0	0	0	0	0	0	0	0	0	0	0	0	0	0.000405931	0.000999214	0.00263855	0.00690082	0.0197657	-0.978883	0.0444963	0.0450583	0.0400466	0.0721932	0.105214	0.110632	0.216548	0.164246	0.134191	0.0645118	0.0401091	0.0271505	0.0268383	0.0395626	0.0398437	0.05402	0.0536453	0.0550505	0.0254175	0.0164402	0.0116003	0.0101795	0.00972673	0.00857138	0.00583916	0.005402	0.00516781	0.00474627	0.00462137	0.00360654	0.00215456	
0	0	0	0	0	0	0	0	0	0	0	0	0	0	0	0	0	0	0	0	0	0	0	0	0	0	0	0	0	0	0	0	0.000236923	0.000315897	0.00132677	0.00282728	0.00794482	0.019633	-0.974062	0.045426	0.0409719	0.0759733	0.107642	0.117293	0.226656	0.167884	0.135315	0.0684866	0.0411614	0.0261247	0.026946	0.0411772	0.0401348	0.0546345	0.05405	0.0569247	0.0274989	0.0180377	0.0117356	0.00979282	0.0101877	0.00852923	0.00597046	0.00608102	0.005544	0.00537026	0.00393292	0.0036802	0.00205333	
0	0	0	0	0	0	0	0	0	0	0	0	0	0	0	0	0	0	0	0	0	0	0	0	0	0	0	0	0	0	0	0	4.63409e-05	0.00015447	0.000509749	0.00115852	0.00293492	0.00752267	0.0194014	-0.975046	0.0430198	0.0769413	0.113226	0.124842	0.232801	0.176172	0.138343	0.0702064	0.0408881	0.027959	0.02782	0.0418149	0.0414596	0.0568448	0.0571383	0.0548985	0.0281135	0.0180729	0.0125275	0.0105039	0.010643	0.00880476	0.00648772	0.00509749	0.0052983	0.00545277	0.00435604	0.00383084	0.00228615	
0	0	0	0	0	0	0	0	0	0	0	0	0	0	0	0	0	0	0	0	0	0	0	0	0	0	0	0	0	0	0	0	1.64878e-05	1.64878e-05	0.000131903	0.000445171	0.00131903	0.00329756	0.00788118	0.0218628	-0.971222	0.0794383	0.115052	0.128259	0.245537	0.178365	0.145983	0.0745579	0.0418791	0.0279139	0.027749	0.0435113	0.0431156	0.0553166	0.0572787	0.0576249	0.0287548	0.0174771	0.0124978	0.0104533	0.0103214	0.00883747	0.00659513	0.00631483	0.00558937	0.00529259	0.00489688	0.00420439	0.00229181	
0	0	0	0	0	0	0	0	0	0	0	0	0	0	0	0	0	0	0	0	0	0	0	0	0	0	0	0	0	0	0	0	8.68922e-06	8.68922e-06	3.47569e-05	0.00011296	0.000434461	0.0011296	0.00256332	0.00690793	0.0156406	-0.932246	0.122866	0.138654	0.261806	0.187774	0.147595	0.0747882	0.0435591	0.0296216	0.0291697	0.0449754	0.0435851	0.0577747	0.0585741	0.0571838	0.0299344	0.018621	0.0128166	0.0112525	0.0105748	0.0095147	0.00660381	0.00625624	0.00622148	0.00517878	0.00460529	0.00374506	0.00238954	
0	0	0	0	0	0	0	0	0	0	0	0	0	0	0	0	0	0	0	0	0	0	0	0	0	0	0	0	0	0	0	0	5.42036e-06	0	1.08407e-05	1.08407e-05	6.50443e-05	0.000162611	0.000552877	0.000991926	0.00254757	0.0163641	-0.888691	0.147558	0.290477	0.201101	0.155857	0.0782104	0.0470216	0.0313622	0.0316495	0.0464471	0.0467886	0.0630551	0.0627082	0.0619005	0.031888	0.0194862	0.0140442	0.012288	0.0118814	0.0101198	0.00684592	0.00680255	0.00639061	0.00585399	0.00488375	0.00420078	0.00245	
0	0	0	0	0	0	0	0	0	0	0	0	0	0	0	0	0	0	0	0	0	0	0	0	0	0	0	0	0	0	0	0	0	4.2779e-06	0	0	0	2.56674e-05	4.70568e-05	9.83916e-05	0.000196783	0.0014716	0.0179329	-0.859029	0.334574	0.226579	0.169589	0.0843002	0.0503423	0.0335815	0.0338296	0.0506546	0.0507102	0.0670774	0.0681683	0.0664443	0.0335259	0.0216419	0.0147801	0.0130262	0.0128936	0.0108145	0.00765315	0.00734087	0.00674624	0.00664357	0.00536448	0.00459446	0.00267368	
0	0	0	0	0	0	0	0	0	0	0	0	0	0	0	0	0	0	0	0	0	0	0	0	0	0	0	0	0	0	0	0	0	0	0	0	0	0	3.3125e-06	0	6.62501e-06	4.96876e-05	0.000583001	0.00921373	-0.718543	0.297026	0.205417	0.0993105	0.0591646	0.0393774	0.0395364	0.0588864	0.0596234	0.0786687	0.0787664	0.078624	0.0394801	0.0254467	0.016859	0.0152524	0.0149394	0.0125146	0.00871686	0.00823985	0.00801957	0.00730242	0.00684529	0.00550041	0.0030591	
0	0	0	0	0	0	0	0	0	0	0	0	0	0	0	0	0	0	0	0	0	0	0	0	0	0	0	0	0	0	0	0	0	0	0	0	0	0	0	0	0	0	1.65845e-06	2.48768e-05	0.0151035	-0.7123	0.295062	0.131167	0.0759587	0.0496408	0.049659	0.0739536	0.0736269	0.0984357	0.0977723	0.0975551	0.0489309	0.0311258	0.0214371	0.0190788	0.0186924	0.0155894	0.010896	0.010221	0.00989764	0.00959248	0.00820602	0.00688091	0.0038559	
0	0	0	0	0	0	0	0	0	0	0	0	0	0	0	0	0	0	0	0	0	0	0	0	0	0	0	0	0	0	0	0	0	0	0	0	0	0	0	0	0	0	0	0	0.000132149	0.0234191	-0.71471	0.188031	0.104458	0.0666944	0.0643835	0.0943355	0.0924668	0.123088	0.122544	0.122676	0.0613	0.0387348	0.0267076	0.0232717	0.0226398	0.0198392	0.0138942	0.0132623	0.0124931	0.0117561	0.0104381	0.00843718	0.00488611	
0	0	0	0	0	0	0	0	0	0	0	0	0	0	0	0	0	0	0	0	0	0	0	0	0	0	0	0	0	0	0	0	0	0	0	0	0	0	0	0	0	0	0	0	8.76093e-06	0.00103671	0.0509798	-0.820505	0.139226	0.0877349	0.0843707	0.120425	0.115084	0.148115	0.147613	0.146077	0.0728121	0.0467162	0.0321993	0.0279766	0.0276758	0.023307	0.016269	0.0153433	0.0147242	0.014146	0.0122682	0.0100517	0.00573841	
0	0	0	0	0	0	0	0	0	0	0	0	0	0	0	0	0	0	0	0	0	0	0	0	0	0	0	0	0	0	0	0	0	0	0	0	0	0	0	0	0	0	0	0	4.43277e-06	0.00015958	0.00977427	0.0689828	-0.88299	0.105203	0.101515	0.143547	0.134433	0.168224	0.164735	0.1629	0.081204	0.0526614	0.0362823	0.0313973	0.0307191	0.0265833	0.0178641	0.0178862	0.0169243	0.0154526	0.0138391	0.0107761	0.00675111	
0	0	0	0	0	0	0	0	0	0	0	0	0	0	0	0	0	0	0	0	0	0	0	0	0	0	0	0	0	0	0	0	0	0	0	0	0	0	0	0	0	0	0	0	0	8.07193e-05	0.00383727	0.0258674	0.0703375	-0.921238	0.113566	0.160718	0.150156	0.187151	0.181233	0.176328	0.0874686	0.0564414	0.0386645	0.0342622	0.0331694	0.0282083	0.0194037	0.0179942	0.0183109	0.0166095	0.0150697	0.0125549	0.00711571	
0	0	0	0	0	0	0	0	0	0	0	0	0	0	0	0	0	0	0	0	0	0	0	0	0	0	0	0	0	0	0	0	0	0	0	0	0	0	0	0	0	0	0	0	0	5.22458e-05	0.00188085	0.0123474	0.0326188	0.0588636	-0.917124	0.178396	0.167245	0.205657	0.192172	0.189884	0.0954066	0.0609476	0.0414077	0.0363515	0.0353123	0.0300239	0.0208925	0.0200972	0.0193193	0.0177578	0.0158479	0.0129395	0.00758144	
0	0	0	0	0	0	0	0	0	0	0	0	0	0	0	0	0	0	0	0	0	0	0	0	0	0	0	0	0	0	0	0	0	0	0	0	0	0	0	0	0	0	0	0	0	2.10821e-05	0.000776524	0.00470482	0.0132817	0.0235874	0.0532288	-0.851835	0.191587	0.234011	0.215835	0.208281	0.103229	0.0665633	0.0451755	0.0397925	0.0392057	0.0334714	0.0229303	0.0225754	0.0206921	0.0193991	0.0175192	0.0140337	0.00800769	
0	0	0	0	0	0	0	0	0	0	0	0	0	0	0	0	0	0	0	0	0	0	0	0	0	0	0	0	0	0	0	0	0	0	0	0	0	0	0	0	0	0	0	0	0	0	0.000249322	0.00159931	0.00420807	0.00781107	0.017112	0.0740455	-0.82453	0.280882	0.253201	0.238963	0.116518	0.0746111	0.0508951	0.0447289	0.0439506	0.0377327	0.0254734	0.0243606	0.023716	0.0222444	0.0198241	0.0165221	0.00950767	
0	0	0	0	0	0	0	0	0	0	0	0	0	0	0	0	0	0	0	0	0	0	0	0	0	0	0	0	0	0	0	0	0	0	0	0	0	0	0	0	0	0	0	0	0	1.81695e-06	7.44951e-05	0.000494212	0.00124461	0.00218035	0.00487671	0.0211748	0.0711865	-0.72308	0.320901	0.28973	0.138506	0.0887383	0.0605373	0.0531514	0.0519104	0.0443955	0.0305285	0.0300815	0.0281137	0.0262314	0.0233024	0.0189218	0.0107037	
0	0	0	0	0	0	0	0	0	0	0	0	0	0	0	0	0	0	0	0	0	0	0	0	0	0	0	0	0	0	0	0	0	0	0	0	0	0	0	0	0	0	0	0	0	1.24856e-06	2.12256e-05	0.000148579	0.000315887	0.000540628	0.00116866	0.00509414	0.0165435	0.0966625	-0.637592	0.391266	0.179483	0.112252	0.076241	0.0669729	0.0656357	0.0562191	0.0382373	0.0370649	0.035448	0.0326349	0.0292588	0.0237502	0.013894	
0	0	0	0	0	0	0	0	0	0	0	0	0	0	0	0	0	0	0	0	0	0	0	0	0	0	0	0	0	0	0	0	0	0	0	0	0	0	0	0	0	0	0	0	0	0	5.08091e-06	3.55664e-05	9.14564e-05	0.000129926	0.000344776	0.00133991	0.00430353	0.0241713	0.122293	-0.501567	0.261336	0.159648	0.106397	0.0915791	0.089141	0.0755807	0.0520619	0.0499925	0.0479464	0.0442605	0.0397262	0.0323494	0.0187123	
0	0	0	0	0	0	0	0	0	0	0	0	0	0	0	0	0	0	0	0	0	0	0	0	0	0	0	0	0	0	0	0	0	0	0	0	0	0	0	0	0	0	0	0	0	0	8.93435e-07	1.69753e-05	4.55652e-05	6.70076e-05	0.000155458	0.000561971	0.00177794	0.00940341	0.0465935	0.235141	-0.583523	0.223708	0.14662	0.124411	0.120349	0.100592	0.0692609	0.0664207	0.0629121	0.0578982	0.0519774	0.0422666	0.024414	
0	0	0	0	0	0	0	0	0	0	0	0	0	0	0	0	0	0	0	0	0	0	0	0	0	0	0	0	0	0	0	0	0	0	0	0	0	0	0	0	0	0	0	0	0	0	0	9.28467e-06	2.57907e-05	2.88856e-05	9.07834e-05	0.0003229	0.00109456	0.00602988	0.0288464	0.142808	0.226578	-0.615574	0.18774	0.158339	0.150387	0.124558	0.085356	0.081541	0.0768193	0.0710452	0.0630295	0.0522747	0.0298162	
0	0	0	0	0	0	0	0	0	0	0	0	0	0	0	0	0	0	0	0	0	0	0	0	0	0	0	0	0	0	0	0	0	0	0	0	0	0	0	0	0	0	0	0	0	0	1.24018e-06	6.2009e-06	1.73625e-05	3.59652e-05	7.81314e-05	0.000267879	0.000791235	0.00463208	0.0219053	0.105596	0.16468	0.210113	-0.647549	0.193095	0.18207	0.149546	0.102191	0.0963323	0.0906089	0.0838152	0.073885	0.060723	0.0348392	
0	0	0	0	0	0	0	0	0	0	0	0	0	0	0	0	0	0	0	0	0	0	0	0	0	0	0	0	0	0	0	0	0	0	0	0	0	0	0	0	0	0	0	0	0	0	0	6.11711e-06	1.34576e-05	1.71279e-05	6.60648e-05	0.000264259	0.000636179	0.00380729	0.0177531	0.0857607	0.131399	0.166125	0.18023	-0.628559	0.216745	0.178037	0.119968	0.113271	0.106204	0.0976878	0.0862464	0.0702954	0.0405895	
0	0	0	0	0	0	0	0	0	0	0	0	0	0	0	0	0	0	0	0	0	0	0	0	0	0	0	0	0	0	0	0	0	0	0	0	0	0	0	0	0	0	0	0	0	0	2.19377e-06	1.09688e-06	1.20657e-05	1.64533e-05	4.49722e-05	0.000159048	0.000589027	0.00319961	0.0149637	0.0712108	0.107954	0.135517	0.14775	0.186611	-0.584036	0.215588	0.14508	0.135947	0.126988	0.115738	0.102445	0.0826085	0.0476124	
0	0	0	0	0	0	0	0	0	0	0	0	0	0	0	0	0	0	0	0	0	0	0	0	0	0	0	0	0	0	0	0	0	0	0	0	0	0	0	0	0	0	0	0	0	0	2.31362e-06	3.47043e-06	6.94087e-06	1.73522e-05	4.85861e-05	0.000174679	0.000485861	0.0028099	0.0131842	0.0621069	0.0931534	0.116211	0.124283	0.157102	0.219998	-0.564407	0.176462	0.165847	0.154529	0.140582	0.123103	0.0992382	0.0572749	
0	0	0	0	0	0	0	0	0	0	0	0	0	0	0	0	0	0	0	0	0	0	0	0	0	0	0	0	0	0	0	0	0	0	0	0	0	0	0	0	0	0	0	0	0	0	0	6.20249e-06	1.2405e-05	1.70569e-05	3.7215e-05	0.000155062	0.000420219	0.00247635	0.0120514	0.0565993	0.0838283	0.103549	0.110218	0.139617	0.193843	0.23313	-0.594351	0.202944	0.185803	0.168953	0.147142	0.119069	0.0671606	
0	0	0	0	0	0	0	0	0	0	0	0	0	0	0	0	0	0	0	0	0	0	0	0	0	0	0	0	0	0	0	0	0	0	0	0	0	0	0	0	0	0	0	0	0	0	0	3.05661e-06	6.11322e-06	1.5283e-05	4.12642e-05	0.000140604	0.000424869	0.00230163	0.0113568	0.0525813	0.0782614	0.0968472	0.102587	0.12853	0.178083	0.213814	0.197145	-0.55665	0.225459	0.203208	0.175709	0.141037	0.0804255	
0	0	0	0	0	0	0	0	0	0	0	0	0	0	0	0	0	0	0	0	0	0	0	0	0	0	0	0	0	0	0	0	0	0	0	0	0	0	0	0	0	0	0	0	0	0	0	7.76537e-06	7.76537e-06	1.39777e-05	2.95084e-05	0.000130458	0.000465922	0.00224419	0.0105687	0.0508772	0.0748892	0.0913146	0.097662	0.120422	0.167142	0.198868	0.183078	0.227092	-0.508452	0.253653	0.219648	0.17509	0.098715	
0	0	0	0	0	0	0	0	0	0	0	0	0	0	0	0	0	0	0	0	0	0	0	0	0	0	0	0	0	0	0	0	0	0	0	0	0	0	0	0	0	0	0	0	0	0	1.64961e-06	8.24804e-06	1.31969e-05	1.81457e-05	3.46418e-05	0.000143516	0.000425599	0.00211315	0.0106895	0.0499567	0.0738315	0.0896628	0.0949152	0.117601	0.162546	0.191536	0.175192	0.217813	0.268431	-0.446883	0.28919	0.228489	0.129407	
0	0	0	0	0	0	0	0	0	0	0	0	0	0	0	0	0	0	0	0	0	0	0	0	0	0	0	0	0	0	0	0	0	0	0	0	0	0	0	0	0	0	0	0	0	0	1.89996e-06	7.59985e-06	5.69989e-06	1.51997e-05	3.79992e-05	0.000144397	0.000446491	0.00231415	0.0109666	0.0508525	0.0759833	0.0930659	0.0970311	0.120986	0.165625	0.194822	0.176603	0.217578	0.269213	0.33422	-0.366825	0.32982	0.184074	
0	0	0	0	0	0	0	0	0	0	0	0	0	0	0	0	0	0	0	0	0	0	0	0	0	0	0	0	0	0	0	0	0	0	0	0	0	0	0	0	0	0	0	0	0	0	0	5.15867e-06	7.738e-06	2.06347e-05	3.35313e-05	0.000157339	0.000417852	0.00274699	0.0123653	0.0578493	0.0847517	0.104073	0.109444	0.135732	0.185647	0.217038	0.196989	0.240613	0.294658	0.365362	0.455221	-0.22892	0.31628	
0	0	0	0	0	0	0	0	0	0	0	0	0	0	0	0	0	0	0	0	0	0	0	0	0	0	0	0	0	0	0	0	0	0	0	0	0	0	0	0	0	0	0	0	0	0	6.33476e-06	0	1.26695e-05	1.90043e-05	3.16738e-05	0.000183708	0.000766506	0.00382619	0.0186242	0.0852342	0.125631	0.153155	0.162797	0.197245	0.271286	0.316884	0.285881	0.346841	0.427045	0.518703	0.637555	0.799966	0.00940751	  ); 
