numberOfGroups 69; 
capture ( 0.0046701   0.0015932  1.3338e-05  4.7518e-06  3.6272e-06   5.145e-06  7.7788e-06  1.0806e-05  1.4996e-05   1.977e-05  2.6035e-05  3.4609e-05  4.5979e-05  6.0865e-05  8.0046e-05  0.00010318  0.00013054  0.00016388  0.00020495   0.0002895  0.00045626  0.00067616  0.00089622   0.0011531   0.0015201   0.0019641   0.0027886   0.0036514   0.0040699   0.0045787   0.0052233   0.0058885   0.0062897   0.0065399   0.0066175   0.0066936   0.0067696   0.0068442   0.0069162   0.0070009   0.0070893   0.0072089   0.0074069   0.0077086   0.0083275    0.009316    0.010394     0.01135    0.012005    0.012473    0.012905    0.013494    0.014337    0.015586    0.017468    0.020289    0.023258    0.025673    0.027817    0.029926    0.032437    0.035434    0.038549    0.041922    0.046363    0.052575    0.062216     0.08029     0.13314); 
scatteringMultiplicity ( 
1	1	1	1	1	1	1	1	1	1	1	1	1	1	1	1	1	1	1	1	1	1	1	1	1	1	1	1	1	1	1	1	1	1	1	1	1	1	1	1	1	1	1	1	1	1	1	1	1	1	1	1	1	1	1	1	1	1	1	1	1	1	1	1	1	1	1	1	1	
1	1	1	1	1	1	1	1	1	1	1	1	1	1	1	1	1	1	1	1	1	1	1	1	1	1	1	1	1	1	1	1	1	1	1	1	1	1	1	1	1	1	1	1	1	1	1	1	1	1	1	1	1	1	1	1	1	1	1	1	1	1	1	1	1	1	1	1	1	
1	1	1	1	1	1	1	1	1	1	1	1	1	1	1	1	1	1	1	1	1	1	1	1	1	1	1	1	1	1	1	1	1	1	1	1	1	1	1	1	1	1	1	1	1	1	1	1	1	1	1	1	1	1	1	1	1	1	1	1	1	1	1	1	1	1	1	1	1	
1	1	1	1	1	1	1	1	1	1	1	1	1	1	1	1	1	1	1	1	1	1	1	1	1	1	1	1	1	1	1	1	1	1	1	1	1	1	1	1	1	1	1	1	1	1	1	1	1	1	1	1	1	1	1	1	1	1	1	1	1	1	1	1	1	1	1	1	1	
1	1	1	1	1	1	1	1	1	1	1	1	1	1	1	1	1	1	1	1	1	1	1	1	1	1	1	1	1	1	1	1	1	1	1	1	1	1	1	1	1	1	1	1	1	1	1	1	1	1	1	1	1	1	1	1	1	1	1	1	1	1	1	1	1	1	1	1	1	
1	1	1	1	1	1	1	1	1	1	1	1	1	1	1	1	1	1	1	1	1	1	1	1	1	1	1	1	1	1	1	1	1	1	1	1	1	1	1	1	1	1	1	1	1	1	1	1	1	1	1	1	1	1	1	1	1	1	1	1	1	1	1	1	1	1	1	1	1	
1	1	1	1	1	1	1	1	1	1	1	1	1	1	1	1	1	1	1	1	1	1	1	1	1	1	1	1	1	1	1	1	1	1	1	1	1	1	1	1	1	1	1	1	1	1	1	1	1	1	1	1	1	1	1	1	1	1	1	1	1	1	1	1	1	1	1	1	1	
1	1	1	1	1	1	1	1	1	1	1	1	1	1	1	1	1	1	1	1	1	1	1	1	1	1	1	1	1	1	1	1	1	1	1	1	1	1	1	1	1	1	1	1	1	1	1	1	1	1	1	1	1	1	1	1	1	1	1	1	1	1	1	1	1	1	1	1	1	
1	1	1	1	1	1	1	1	1	1	1	1	1	1	1	1	1	1	1	1	1	1	1	1	1	1	1	1	1	1	1	1	1	1	1	1	1	1	1	1	1	1	1	1	1	1	1	1	1	1	1	1	1	1	1	1	1	1	1	1	1	1	1	1	1	1	1	1	1	
1	1	1	1	1	1	1	1	1	1	1	1	1	1	1	1	1	1	1	1	1	1	1	1	1	1	1	1	1	1	1	1	1	1	1	1	1	1	1	1	1	1	1	1	1	1	1	1	1	1	1	1	1	1	1	1	1	1	1	1	1	1	1	1	1	1	1	1	1	
1	1	1	1	1	1	1	1	1	1	1	1	1	1	1	1	1	1	1	1	1	1	1	1	1	1	1	1	1	1	1	1	1	1	1	1	1	1	1	1	1	1	1	1	1	1	1	1	1	1	1	1	1	1	1	1	1	1	1	1	1	1	1	1	1	1	1	1	1	
1	1	1	1	1	1	1	1	1	1	1	1	1	1	1	1	1	1	1	1	1	1	1	1	1	1	1	1	1	1	1	1	1	1	1	1	1	1	1	1	1	1	1	1	1	1	1	1	1	1	1	1	1	1	1	1	1	1	1	1	1	1	1	1	1	1	1	1	1	
1	1	1	1	1	1	1	1	1	1	1	1	1	1	1	1	1	1	1	1	1	1	1	1	1	1	1	1	1	1	1	1	1	1	1	1	1	1	1	1	1	1	1	1	1	1	1	1	1	1	1	1	1	1	1	1	1	1	1	1	1	1	1	1	1	1	1	1	1	
1	1	1	1	1	1	1	1	1	1	1	1	1	1	1	1	1	1	1	1	1	1	1	1	1	1	1	1	1	1	1	1	1	1	1	1	1	1	1	1	1	1	1	1	1	1	1	1	1	1	1	1	1	1	1	1	1	1	1	1	1	1	1	1	1	1	1	1	1	
1	1	1	1	1	1	1	1	1	1	1	1	1	1	1	1	1	1	1	1	1	1	1	1	1	1	1	1	1	1	1	1	1	1	1	1	1	1	1	1	1	1	1	1	1	1	1	1	1	1	1	1	1	1	1	1	1	1	1	1	1	1	1	1	1	1	1	1	1	
1	1	1	1	1	1	1	1	1	1	1	1	1	1	1	1	1	1	1	1	1	1	1	1	1	1	1	1	1	1	1	1	1	1	1	1	1	1	1	1	1	1	1	1	1	1	1	1	1	1	1	1	1	1	1	1	1	1	1	1	1	1	1	1	1	1	1	1	1	
1	1	1	1	1	1	1	1	1	1	1	1	1	1	1	1	1	1	1	1	1	1	1	1	1	1	1	1	1	1	1	1	1	1	1	1	1	1	1	1	1	1	1	1	1	1	1	1	1	1	1	1	1	1	1	1	1	1	1	1	1	1	1	1	1	1	1	1	1	
1	1	1	1	1	1	1	1	1	1	1	1	1	1	1	1	1	1	1	1	1	1	1	1	1	1	1	1	1	1	1	1	1	1	1	1	1	1	1	1	1	1	1	1	1	1	1	1	1	1	1	1	1	1	1	1	1	1	1	1	1	1	1	1	1	1	1	1	1	
1	1	1	1	1	1	1	1	1	1	1	1	1	1	1	1	1	1	1	1	1	1	1	1	1	1	1	1	1	1	1	1	1	1	1	1	1	1	1	1	1	1	1	1	1	1	1	1	1	1	1	1	1	1	1	1	1	1	1	1	1	1	1	1	1	1	1	1	1	
1	1	1	1	1	1	1	1	1	1	1	1	1	1	1	1	1	1	1	1	1	1	1	1	1	1	1	1	1	1	1	1	1	1	1	1	1	1	1	1	1	1	1	1	1	1	1	1	1	1	1	1	1	1	1	1	1	1	1	1	1	1	1	1	1	1	1	1	1	
1	1	1	1	1	1	1	1	1	1	1	1	1	1	1	1	1	1	1	1	1	1	1	1	1	1	1	1	1	1	1	1	1	1	1	1	1	1	1	1	1	1	1	1	1	1	1	1	1	1	1	1	1	1	1	1	1	1	1	1	1	1	1	1	1	1	1	1	1	
1	1	1	1	1	1	1	1	1	1	1	1	1	1	1	1	1	1	1	1	1	1	1	1	1	1	1	1	1	1	1	1	1	1	1	1	1	1	1	1	1	1	1	1	1	1	1	1	1	1	1	1	1	1	1	1	1	1	1	1	1	1	1	1	1	1	1	1	1	
1	1	1	1	1	1	1	1	1	1	1	1	1	1	1	1	1	1	1	1	1	1	1	1	1	1	1	1	1	1	1	1	1	1	1	1	1	1	1	1	1	1	1	1	1	1	1	1	1	1	1	1	1	1	1	1	1	1	1	1	1	1	1	1	1	1	1	1	1	
1	1	1	1	1	1	1	1	1	1	1	1	1	1	1	1	1	1	1	1	1	1	1	1	1	1	1	1	1	1	1	1	1	1	1	1	1	1	1	1	1	1	1	1	1	1	1	1	1	1	1	1	1	1	1	1	1	1	1	1	1	1	1	1	1	1	1	1	1	
1	1	1	1	1	1	1	1	1	1	1	1	1	1	1	1	1	1	1	1	1	1	1	1	1	1	1	1	1	1	1	1	1	1	1	1	1	1	1	1	1	1	1	1	1	1	1	1	1	1	1	1	1	1	1	1	1	1	1	1	1	1	1	1	1	1	1	1	1	
1	1	1	1	1	1	1	1	1	1	1	1	1	1	1	1	1	1	1	1	1	1	1	1	1	1	1	1	1	1	1	1	1	1	1	1	1	1	1	1	1	1	1	1	1	1	1	1	1	1	1	1	1	1	1	1	1	1	1	1	1	1	1	1	1	1	1	1	1	
1	1	1	1	1	1	1	1	1	1	1	1	1	1	1	1	1	1	1	1	1	1	1	1	1	1	1	1	1	1	1	1	1	1	1	1	1	1	1	1	1	1	1	1	1	1	1	1	1	1	1	1	1	1	1	1	1	1	1	1	1	1	1	1	1	1	1	1	1	
1	1	1	1	1	1	1	1	1	1	1	1	1	1	1	1	1	1	1	1	1	1	1	1	1	1	1	1	1	1	1	1	1	1	1	1	1	1	1	1	1	1	1	1	1	1	1	1	1	1	1	1	1	1	1	1	1	1	1	1	1	1	1	1	1	1	1	1	1	
1	1	1	1	1	1	1	1	1	1	1	1	1	1	1	1	1	1	1	1	1	1	1	1	1	1	1	1	1	1	1	1	1	1	1	1	1	1	1	1	1	1	1	1	1	1	1	1	1	1	1	1	1	1	1	1	1	1	1	1	1	1	1	1	1	1	1	1	1	
1	1	1	1	1	1	1	1	1	1	1	1	1	1	1	1	1	1	1	1	1	1	1	1	1	1	1	1	1	1	1	1	1	1	1	1	1	1	1	1	1	1	1	1	1	1	1	1	1	1	1	1	1	1	1	1	1	1	1	1	1	1	1	1	1	1	1	1	1	
1	1	1	1	1	1	1	1	1	1	1	1	1	1	1	1	1	1	1	1	1	1	1	1	1	1	1	1	1	1	1	1	1	1	1	1	1	1	1	1	1	1	1	1	1	1	1	1	1	1	1	1	1	1	1	1	1	1	1	1	1	1	1	1	1	1	1	1	1	
1	1	1	1	1	1	1	1	1	1	1	1	1	1	1	1	1	1	1	1	1	1	1	1	1	1	1	1	1	1	1	1	1	1	1	1	1	1	1	1	1	1	1	1	1	1	1	1	1	1	1	1	1	1	1	1	1	1	1	1	1	1	1	1	1	1	1	1	1	
1	1	1	1	1	1	1	1	1	1	1	1	1	1	1	1	1	1	1	1	1	1	1	1	1	1	1	1	1	1	1	1	1	1	1	1	1	1	1	1	1	1	1	1	1	1	1	1	1	1	1	1	1	1	1	1	1	1	1	1	1	1	1	1	1	1	1	1	1	
1	1	1	1	1	1	1	1	1	1	1	1	1	1	1	1	1	1	1	1	1	1	1	1	1	1	1	1	1	1	1	1	1	1	1	1	1	1	1	1	1	1	1	1	1	1	1	1	1	1	1	1	1	1	1	1	1	1	1	1	1	1	1	1	1	1	1	1	1	
1	1	1	1	1	1	1	1	1	1	1	1	1	1	1	1	1	1	1	1	1	1	1	1	1	1	1	1	1	1	1	1	1	1	1	1	1	1	1	1	1	1	1	1	1	1	1	1	1	1	1	1	1	1	1	1	1	1	1	1	1	1	1	1	1	1	1	1	1	
1	1	1	1	1	1	1	1	1	1	1	1	1	1	1	1	1	1	1	1	1	1	1	1	1	1	1	1	1	1	1	1	1	1	1	1	1	1	1	1	1	1	1	1	1	1	1	1	1	1	1	1	1	1	1	1	1	1	1	1	1	1	1	1	1	1	1	1	1	
1	1	1	1	1	1	1	1	1	1	1	1	1	1	1	1	1	1	1	1	1	1	1	1	1	1	1	1	1	1	1	1	1	1	1	1	1	1	1	1	1	1	1	1	1	1	1	1	1	1	1	1	1	1	1	1	1	1	1	1	1	1	1	1	1	1	1	1	1	
1	1	1	1	1	1	1	1	1	1	1	1	1	1	1	1	1	1	1	1	1	1	1	1	1	1	1	1	1	1	1	1	1	1	1	1	1	1	1	1	1	1	1	1	1	1	1	1	1	1	1	1	1	1	1	1	1	1	1	1	1	1	1	1	1	1	1	1	1	
1	1	1	1	1	1	1	1	1	1	1	1	1	1	1	1	1	1	1	1	1	1	1	1	1	1	1	1	1	1	1	1	1	1	1	1	1	1	1	1	1	1	1	1	1	1	1	1	1	1	1	1	1	1	1	1	1	1	1	1	1	1	1	1	1	1	1	1	1	
1	1	1	1	1	1	1	1	1	1	1	1	1	1	1	1	1	1	1	1	1	1	1	1	1	1	1	1	1	1	1	1	1	1	1	1	1	1	1	1	1	1	1	1	1	1	1	1	1	1	1	1	1	1	1	1	1	1	1	1	1	1	1	1	1	1	1	1	1	
1	1	1	1	1	1	1	1	1	1	1	1	1	1	1	1	1	1	1	1	1	1	1	1	1	1	1	1	1	1	1	1	1	1	1	1	1	1	1	1	1	1	1	1	1	1	1	1	1	1	1	1	1	1	1	1	1	1	1	1	1	1	1	1	1	1	1	1	1	
1	1	1	1	1	1	1	1	1	1	1	1	1	1	1	1	1	1	1	1	1	1	1	1	1	1	1	1	1	1	1	1	1	1	1	1	1	1	1	1	1	1	1	1	1	1	1	1	1	1	1	1	1	1	1	1	1	1	1	1	1	1	1	1	1	1	1	1	1	
1	1	1	1	1	1	1	1	1	1	1	1	1	1	1	1	1	1	1	1	1	1	1	1	1	1	1	1	1	1	1	1	1	1	1	1	1	1	1	1	1	1	1	1	1	1	1	1	1	1	1	1	1	1	1	1	1	1	1	1	1	1	1	1	1	1	1	1	1	
1	1	1	1	1	1	1	1	1	1	1	1	1	1	1	1	1	1	1	1	1	1	1	1	1	1	1	1	1	1	1	1	1	1	1	1	1	1	1	1	1	1	1	1	1	1	1	1	1	1	1	1	1	1	1	1	1	1	1	1	1	1	1	1	1	1	1	1	1	
1	1	1	1	1	1	1	1	1	1	1	1	1	1	1	1	1	1	1	1	1	1	1	1	1	1	1	1	1	1	1	1	1	1	1	1	1	1	1	1	1	1	1	1	1	1	1	1	1	1	1	1	1	1	1	1	1	1	1	1	1	1	1	1	1	1	1	1	1	
1	1	1	1	1	1	1	1	1	1	1	1	1	1	1	1	1	1	1	1	1	1	1	1	1	1	1	1	1	1	1	1	1	1	1	1	1	1	1	1	1	1	1	1	1	1	1	1	1	1	1	1	1	1	1	1	1	1	1	1	1	1	1	1	1	1	1	1	1	
1	1	1	1	1	1	1	1	1	1	1	1	1	1	1	1	1	1	1	1	1	1	1	1	1	1	1	1	1	1	1	1	1	1	1	1	1	1	1	1	1	1	1	1	1	1	1	1	1	1	1	1	1	1	1	1	1	1	1	1	1	1	1	1	1	1	1	1	1	
1	1	1	1	1	1	1	1	1	1	1	1	1	1	1	1	1	1	1	1	1	1	1	1	1	1	1	1	1	1	1	1	1	1	1	1	1	1	1	1	1	1	1	1	1	1	1	1	1	1	1	1	1	1	1	1	1	1	1	1	1	1	1	1	1	1	1	1	1	
1	1	1	1	1	1	1	1	1	1	1	1	1	1	1	1	1	1	1	1	1	1	1	1	1	1	1	1	1	1	1	1	1	1	1	1	1	1	1	1	1	1	1	1	1	1	1	1	1	1	1	1	1	1	1	1	1	1	1	1	1	1	1	1	1	1	1	1	1	
1	1	1	1	1	1	1	1	1	1	1	1	1	1	1	1	1	1	1	1	1	1	1	1	1	1	1	1	1	1	1	1	1	1	1	1	1	1	1	1	1	1	1	1	1	1	1	1	1	1	1	1	1	1	1	1	1	1	1	1	1	1	1	1	1	1	1	1	1	
1	1	1	1	1	1	1	1	1	1	1	1	1	1	1	1	1	1	1	1	1	1	1	1	1	1	1	1	1	1	1	1	1	1	1	1	1	1	1	1	1	1	1	1	1	1	1	1	1	1	1	1	1	1	1	1	1	1	1	1	1	1	1	1	1	1	1	1	1	
1	1	1	1	1	1	1	1	1	1	1	1	1	1	1	1	1	1	1	1	1	1	1	1	1	1	1	1	1	1	1	1	1	1	1	1	1	1	1	1	1	1	1	1	1	1	1	1	1	1	1	1	1	1	1	1	1	1	1	1	1	1	1	1	1	1	1	1	1	
1	1	1	1	1	1	1	1	1	1	1	1	1	1	1	1	1	1	1	1	1	1	1	1	1	1	1	1	1	1	1	1	1	1	1	1	1	1	1	1	1	1	1	1	1	1	1	1	1	1	1	1	1	1	1	1	1	1	1	1	1	1	1	1	1	1	1	1	1	
1	1	1	1	1	1	1	1	1	1	1	1	1	1	1	1	1	1	1	1	1	1	1	1	1	1	1	1	1	1	1	1	1	1	1	1	1	1	1	1	1	1	1	1	1	1	1	1	1	1	1	1	1	1	1	1	1	1	1	1	1	1	1	1	1	1	1	1	1	
1	1	1	1	1	1	1	1	1	1	1	1	1	1	1	1	1	1	1	1	1	1	1	1	1	1	1	1	1	1	1	1	1	1	1	1	1	1	1	1	1	1	1	1	1	1	1	1	1	1	1	1	1	1	1	1	1	1	1	1	1	1	1	1	1	1	1	1	1	
1	1	1	1	1	1	1	1	1	1	1	1	1	1	1	1	1	1	1	1	1	1	1	1	1	1	1	1	1	1	1	1	1	1	1	1	1	1	1	1	1	1	1	1	1	1	1	1	1	1	1	1	1	1	1	1	1	1	1	1	1	1	1	1	1	1	1	1	1	
1	1	1	1	1	1	1	1	1	1	1	1	1	1	1	1	1	1	1	1	1	1	1	1	1	1	1	1	1	1	1	1	1	1	1	1	1	1	1	1	1	1	1	1	1	1	1	1	1	1	1	1	1	1	1	1	1	1	1	1	1	1	1	1	1	1	1	1	1	
1	1	1	1	1	1	1	1	1	1	1	1	1	1	1	1	1	1	1	1	1	1	1	1	1	1	1	1	1	1	1	1	1	1	1	1	1	1	1	1	1	1	1	1	1	1	1	1	1	1	1	1	1	1	1	1	1	1	1	1	1	1	1	1	1	1	1	1	1	
1	1	1	1	1	1	1	1	1	1	1	1	1	1	1	1	1	1	1	1	1	1	1	1	1	1	1	1	1	1	1	1	1	1	1	1	1	1	1	1	1	1	1	1	1	1	1	1	1	1	1	1	1	1	1	1	1	1	1	1	1	1	1	1	1	1	1	1	1	
1	1	1	1	1	1	1	1	1	1	1	1	1	1	1	1	1	1	1	1	1	1	1	1	1	1	1	1	1	1	1	1	1	1	1	1	1	1	1	1	1	1	1	1	1	1	1	1	1	1	1	1	1	1	1	1	1	1	1	1	1	1	1	1	1	1	1	1	1	
1	1	1	1	1	1	1	1	1	1	1	1	1	1	1	1	1	1	1	1	1	1	1	1	1	1	1	1	1	1	1	1	1	1	1	1	1	1	1	1	1	1	1	1	1	1	1	1	1	1	1	1	1	1	1	1	1	1	1	1	1	1	1	1	1	1	1	1	1	
1	1	1	1	1	1	1	1	1	1	1	1	1	1	1	1	1	1	1	1	1	1	1	1	1	1	1	1	1	1	1	1	1	1	1	1	1	1	1	1	1	1	1	1	1	1	1	1	1	1	1	1	1	1	1	1	1	1	1	1	1	1	1	1	1	1	1	1	1	
1	1	1	1	1	1	1	1	1	1	1	1	1	1	1	1	1	1	1	1	1	1	1	1	1	1	1	1	1	1	1	1	1	1	1	1	1	1	1	1	1	1	1	1	1	1	1	1	1	1	1	1	1	1	1	1	1	1	1	1	1	1	1	1	1	1	1	1	1	
1	1	1	1	1	1	1	1	1	1	1	1	1	1	1	1	1	1	1	1	1	1	1	1	1	1	1	1	1	1	1	1	1	1	1	1	1	1	1	1	1	1	1	1	1	1	1	1	1	1	1	1	1	1	1	1	1	1	1	1	1	1	1	1	1	1	1	1	1	
1	1	1	1	1	1	1	1	1	1	1	1	1	1	1	1	1	1	1	1	1	1	1	1	1	1	1	1	1	1	1	1	1	1	1	1	1	1	1	1	1	1	1	1	1	1	1	1	1	1	1	1	1	1	1	1	1	1	1	1	1	1	1	1	1	1	1	1	1	
1	1	1	1	1	1	1	1	1	1	1	1	1	1	1	1	1	1	1	1	1	1	1	1	1	1	1	1	1	1	1	1	1	1	1	1	1	1	1	1	1	1	1	1	1	1	1	1	1	1	1	1	1	1	1	1	1	1	1	1	1	1	1	1	1	1	1	1	1	
1	1	1	1	1	1	1	1	1	1	1	1	1	1	1	1	1	1	1	1	1	1	1	1	1	1	1	1	1	1	1	1	1	1	1	1	1	1	1	1	1	1	1	1	1	1	1	1	1	1	1	1	1	1	1	1	1	1	1	1	1	1	1	1	1	1	1	1	1	
1	1	1	1	1	1	1	1	1	1	1	1	1	1	1	1	1	1	1	1	1	1	1	1	1	1	1	1	1	1	1	1	1	1	1	1	1	1	1	1	1	1	1	1	1	1	1	1	1	1	1	1	1	1	1	1	1	1	1	1	1	1	1	1	1	1	1	1	1	
1	1	1	1	1	1	1	1	1	1	1	1	1	1	1	1	1	1	1	1	1	1	1	1	1	1	1	1	1	1	1	1	1	1	1	1	1	1	1	1	1	1	1	1	1	1	1	1	1	1	1	1	1	1	1	1	1	1	1	1	1	1	1	1	1	1	1	1	1	  ); 
P0 ( 
0.00952087	0.0383577	0.0177748	0.0120114	0.00787428	0.00481116	0.00283781	0.00168571	0.00100044	0.00058379	0.000346996	0.000206015	0.000123304	7.33727e-05	4.48336e-05	2.58234e-05	1.57704e-05	1.07677e-05	6.47967e-06	5.90794e-06	2.76339e-06	9.05248e-07	3.33512e-07	4.28802e-07	9.52893e-08	9.52893e-08	0	0	4.76446e-08	0	0	0	0	0	0	0	0	0	0	0	0	0	0	0	0	0	0	0	0	0	0	0	0	0	0	0	0	0	0	0	0	0	0	0	0	0	0	0	0	
0	0.0166225	0.0532496	0.0230367	0.0140706	0.0085363	0.00526216	0.00318897	0.00192454	0.00116765	0.000709354	0.000434023	0.000261527	0.000157254	9.61504e-05	5.38935e-05	3.54118e-05	2.06037e-05	1.40552e-05	1.43404e-05	6.11493e-06	2.13338e-06	6.04648e-07	4.56338e-07	5.1338e-07	1.25493e-07	1.59718e-07	2.28169e-08	1.14084e-08	1.14084e-08	1.14084e-08	1.14084e-08	0	1.14084e-08	0	0	0	0	0	0	0	0	0	0	0	0	0	0	0	0	0	0	0	0	0	0	0	0	0	0	0	0	0	0	0	0	0	0	0	
0	0	0.016825	0.0579904	0.0314082	0.0190282	0.0117483	0.00713044	0.00430131	0.00260667	0.00158323	0.000954658	0.000583053	0.000354879	0.000216127	0.000120276	7.53798e-05	4.76519e-05	3.11045e-05	3.29046e-05	1.28298e-05	4.50579e-06	1.48702e-06	1.2131e-06	8.21776e-07	3.68961e-07	3.74551e-07	1.67709e-08	5.59032e-08	4.47225e-08	4.47225e-08	1.67709e-08	5.59032e-09	0	5.59032e-09	0	0	0	0	0	5.59032e-09	5.59032e-09	2.79516e-08	1.11806e-08	5.59032e-09	0	0	0	0	0	0	0	0	0	0	0	0	0	0	0	0	0	0	0	0	0	0	0	0	
0	0	0	-0.0066485	0.0833567	0.0402781	0.0248562	0.0150408	0.00908673	0.00551264	0.00334335	0.00202651	0.00122795	0.000749547	0.000452095	0.000255004	0.00016244	0.000102224	6.51623e-05	6.86393e-05	2.76606e-05	9.42199e-06	3.40454e-06	2.59221e-06	1.55222e-06	7.19196e-07	7.39893e-07	7.2437e-08	8.27852e-08	9.31333e-08	1.1383e-07	4.13926e-08	2.06963e-08	0	0	1.03481e-08	1.55222e-08	0	5.17407e-09	1.55222e-08	1.03481e-08	1.03481e-08	5.17407e-09	1.03481e-08	3.10444e-08	1.55222e-08	1.03481e-08	0	5.17407e-09	0	0	0	0	0	0	0	0	0	0	0	0	0	0	0	0	0	0	0	0	
0	0	0	0	-0.000706082	0.121412	0.0533691	0.0323449	0.0194968	0.0118371	0.00717243	0.00435721	0.0026509	0.00160601	0.000972729	0.000543105	0.000347156	0.000221003	0.000140922	0.000146242	5.89346e-05	1.91397e-05	7.38449e-06	5.37157e-06	2.99112e-06	1.56058e-06	1.26656e-06	2.54443e-07	2.20517e-07	1.35703e-07	1.80937e-07	6.21971e-08	4.52343e-08	5.65428e-09	1.13086e-08	1.13086e-08	0	1.69629e-08	1.13086e-08	1.13086e-08	0	5.65428e-09	3.39257e-08	2.26171e-08	3.39257e-08	3.39257e-08	2.82714e-08	1.13086e-08	1.13086e-08	5.65428e-09	0	1.69629e-08	5.65428e-09	1.13086e-08	5.65428e-09	0	0	5.65428e-09	0	0	0	0	0	0	0	0	0	0	0	
0	0	0	0	0	-0.0240571	0.130332	0.0675201	0.0407073	0.0247079	0.0149851	0.00908759	0.00552067	0.00334021	0.00203671	0.0011396	0.000723683	0.000458569	0.000293451	0.000304174	0.000125134	4.15805e-05	1.55668e-05	1.18316e-05	6.55781e-06	3.62908e-06	3.42746e-06	4.24454e-07	4.03231e-07	2.81201e-07	3.44869e-07	1.16725e-07	9.55021e-08	1.06113e-08	1.5917e-08	1.06113e-08	1.5917e-08	5.30567e-09	1.06113e-08	1.5917e-08	5.30567e-09	2.65284e-08	3.1834e-08	3.71397e-08	6.36681e-08	7.42794e-08	7.42794e-08	3.1834e-08	2.12227e-08	5.30567e-09	5.30567e-09	1.06113e-08	5.30567e-09	1.06113e-08	2.12227e-08	1.06113e-08	0	0	5.30567e-09	0	0	0	0	0	0	0	0	0	0	
0	0	0	0	0	0	-0.0603376	0.187774	0.0894391	0.0542939	0.0329013	0.0199924	0.0121167	0.00734346	0.00446855	0.00250089	0.00159052	0.00100899	0.000644153	0.000668009	0.000271742	9.19554e-05	3.47892e-05	2.51751e-05	1.4486e-05	7.1515e-06	6.93802e-06	7.01426e-07	8.76782e-07	6.93802e-07	6.70929e-07	2.66847e-07	1.60108e-07	1.52484e-08	4.57452e-08	2.28726e-08	3.04968e-08	3.8121e-08	3.04968e-08	1.52484e-08	3.8121e-08	5.33694e-08	5.33694e-08	6.86178e-08	1.67732e-07	1.52484e-07	9.91145e-08	6.09936e-08	4.57452e-08	2.28726e-08	5.33694e-08	3.8121e-08	5.33694e-08	3.04968e-08	4.57452e-08	3.8121e-08	7.6242e-09	1.52484e-08	1.52484e-08	7.6242e-09	7.6242e-09	0	0	0	0	0	0	0	0	
0	0	0	0	0	0	0	-0.124831	0.212314	0.111958	0.0679215	0.0412202	0.0250219	0.0151642	0.00920416	0.00514911	0.00329027	0.00208993	0.00132917	0.00138645	0.000563637	0.000188748	7.00199e-05	5.2246e-05	3.01168e-05	1.58804e-05	1.52693e-05	1.79031e-06	1.79891e-06	1.26527e-06	1.72145e-06	6.19722e-07	3.78719e-07	5.16435e-08	5.16435e-08	4.30362e-08	6.02507e-08	6.02507e-08	4.30362e-08	6.02507e-08	4.30362e-08	8.60725e-08	1.11894e-07	1.03287e-07	4.13148e-07	2.58217e-07	2.32396e-07	1.20501e-07	4.30362e-08	4.30362e-08	8.60725e-08	7.74652e-08	6.02507e-08	1.20501e-07	1.20501e-07	9.46797e-08	5.16435e-08	1.72145e-08	2.58217e-08	0	1.72145e-08	1.72145e-08	8.60725e-09	8.60725e-09	0	8.60725e-09	0	0	0	
0	0	0	0	0	0	0	0	-0.228137	0.259962	0.140301	0.0850911	0.0516445	0.0313439	0.0190106	0.0106656	0.00679303	0.00432069	0.00274463	0.00285784	0.00115939	0.000391314	0.000145834	0.000105935	6.35098e-05	3.18933e-05	3.10074e-05	3.34437e-06	3.65444e-06	2.42522e-06	3.11182e-06	1.10741e-06	7.97333e-07	2.10407e-07	1.43963e-07	1.43963e-07	2.10407e-07	1.66111e-07	1.32889e-07	6.64445e-08	3.32222e-08	1.88259e-07	4.20815e-07	2.65778e-07	8.30556e-07	5.86926e-07	5.09407e-07	3.21148e-07	1.88259e-07	1.43963e-07	4.42963e-08	1.66111e-07	9.96667e-08	2.21482e-07	2.4363e-07	1.66111e-07	1.21815e-07	5.53704e-08	4.42963e-08	4.42963e-08	2.21482e-08	4.42963e-08	1.10741e-08	0	1.10741e-08	0	0	0	0	
0	0	0	0	0	0	0	0	0	-0.305187	0.307274	0.168431	0.102231	0.0619695	0.0375841	0.0210945	0.0134022	0.00854769	0.00543673	0.00565139	0.00228774	0.000763646	0.000286865	0.000211801	0.000122746	6.4082e-05	6.13531e-05	7.37462e-06	7.61423e-06	5.49768e-06	5.69736e-06	1.9568e-06	1.66395e-06	3.19478e-07	2.39608e-07	2.39608e-07	2.66232e-07	3.3279e-07	2.12985e-07	3.46101e-07	2.66232e-07	4.25971e-07	5.45775e-07	5.72398e-07	1.3844e-06	1.34447e-06	1.07824e-06	5.72398e-07	2.79543e-07	2.12985e-07	1.99674e-07	2.79543e-07	2.66232e-07	3.72724e-07	4.65905e-07	4.39282e-07	2.12985e-07	9.31811e-08	2.66232e-08	6.65579e-08	6.65579e-08	1.33116e-08	1.33116e-08	1.33116e-08	5.32463e-08	6.65579e-08	0	2.66232e-08	0	
0	0	0	0	0	0	0	0	0	0	-0.369338	0.34775	0.193125	0.117172	0.0710474	0.0398329	0.02534	0.0161534	0.010274	0.0106965	0.00433884	0.00144693	0.000542305	0.000402403	0.000230406	0.000121146	0.000117842	1.35542e-05	1.36307e-05	9.51547e-06	1.20244e-05	4.26819e-06	3.01374e-06	5.0484e-07	5.96629e-07	5.66033e-07	4.58946e-07	5.35436e-07	5.66033e-07	5.20138e-07	5.0484e-07	5.81331e-07	1.37684e-06	1.45333e-06	2.69248e-06	2.84546e-06	1.86638e-06	9.94382e-07	5.96629e-07	3.3656e-07	3.67156e-07	6.57822e-07	5.66033e-07	9.33189e-07	8.26102e-07	7.34313e-07	2.60069e-07	3.3656e-07	2.14175e-07	1.6828e-07	1.37684e-07	1.37684e-07	3.05964e-08	6.11927e-08	4.58946e-08	4.58946e-08	3.05964e-08	1.52982e-08	1.52982e-08	
0	0	0	0	0	0	0	0	0	0	0	-0.421284	0.383263	0.213924	0.129851	0.0728083	0.0463589	0.0294697	0.018757	0.0195416	0.00789855	0.00264607	0.000998653	0.000743141	0.000429701	0.000218983	0.000213422	2.53382e-05	2.52706e-05	1.81035e-05	2.25491e-05	6.65994e-06	5.29076e-06	1.35227e-06	9.973e-07	9.12783e-07	1.0142e-06	1.03111e-06	7.9446e-07	9.80397e-07	8.4517e-07	1.55511e-06	2.26506e-06	2.63693e-06	6.03451e-06	4.34417e-06	3.66804e-06	1.72415e-06	1.0142e-06	6.76136e-07	6.42329e-07	1.03111e-06	9.4659e-07	1.38608e-06	1.18324e-06	1.0142e-06	6.42329e-07	4.22585e-07	3.21165e-07	3.38068e-07	3.04261e-07	1.69034e-07	3.38068e-08	0	8.4517e-08	8.4517e-08	6.76136e-08	5.07102e-08	5.07102e-08	
0	0	0	0	0	0	0	0	0	0	0	0	-0.458651	0.406963	0.228325	0.127911	0.0814654	0.0518336	0.0329734	0.0343559	0.013926	0.00465567	0.00175581	0.00128951	0.000748056	0.000387238	0.000372347	4.55924e-05	4.49961e-05	3.09371e-05	3.76233e-05	1.31555e-05	9.59556e-06	1.64444e-06	1.93357e-06	1.80707e-06	1.84321e-06	1.73479e-06	1.44566e-06	1.59022e-06	1.13846e-06	2.80096e-06	3.59608e-06	4.58997e-06	1.06256e-05	7.95112e-06	6.05369e-06	3.55993e-06	2.11428e-06	1.22881e-06	1.33723e-06	1.64444e-06	2.06006e-06	2.47569e-06	2.67447e-06	2.51183e-06	1.0481e-06	9.03536e-07	4.8791e-07	5.78263e-07	3.79485e-07	4.8791e-07	2.16849e-07	3.07202e-07	4.15627e-07	1.98778e-07	1.80707e-07	9.03536e-08	1.98778e-07	
0	0	0	0	0	0	0	0	0	0	0	0	0	-0.48563	0.42418	0.220446	0.140413	0.0893018	0.0568693	0.0591655	0.0239627	0.00802355	0.00300724	0.00224202	0.00127938	0.000665506	0.000644759	7.5903e-05	7.67177e-05	5.47957e-05	6.71683e-05	2.18463e-05	1.69958e-05	2.63368e-06	3.10736e-06	3.18315e-06	2.91789e-06	2.65263e-06	2.27368e-06	2.29263e-06	2.14105e-06	4.13052e-06	6.97262e-06	7.67367e-06	1.67873e-05	1.30358e-05	1.05916e-05	5.39999e-06	3.12631e-06	2.16e-06	2.04631e-06	3.31578e-06	3.44841e-06	4.2821e-06	4.33894e-06	4.26315e-06	2.51999e-06	1.23158e-06	9.66314e-07	7.01051e-07	8.14735e-07	5.87367e-07	3.41052e-07	4.35788e-07	4.16841e-07	3.03157e-07	3.78946e-07	2.46315e-07	1.70526e-07	
0	0	0	0	0	0	0	0	0	0	0	0	0	0	-0.505139	0.405017	0.238062	0.151418	0.0964147	0.100442	0.0406129	0.0136128	0.00510819	0.00377991	0.00216724	0.00113028	0.00109517	0.000131632	0.000128789	9.45381e-05	0.000111536	3.86034e-05	2.79575e-05	5.54838e-06	5.21508e-06	4.9406e-06	4.66613e-06	4.921e-06	4.33283e-06	4.43086e-06	4.33283e-06	7.82262e-06	1.09203e-05	1.392e-05	2.82908e-05	2.27033e-05	1.89782e-05	8.62645e-06	4.99942e-06	3.47019e-06	3.8623e-06	5.54838e-06	5.2935e-06	7.80302e-06	8.15592e-06	6.86195e-06	3.80348e-06	2.43109e-06	1.82332e-06	1.66647e-06	1.7645e-06	1.19594e-06	8.23434e-07	8.82251e-07	6.27378e-07	6.46984e-07	5.68562e-07	3.13689e-07	3.13689e-07	
0	0	0	0	0	0	0	0	0	0	0	0	0	0	0	-0.541245	0.42364	0.24769	0.157618	0.164155	0.066429	0.0222971	0.00835417	0.00617355	0.00356363	0.00185291	0.00178612	0.000212724	0.000211022	0.000151668	0.000184031	6.05035e-05	4.43884e-05	7.20648e-06	8.00229e-06	7.80334e-06	7.78123e-06	7.09596e-06	7.47175e-06	7.05174e-06	6.897e-06	1.19813e-05	1.88783e-05	2.01163e-05	4.62895e-05	3.95472e-05	3.05502e-05	1.4833e-05	8.59915e-06	4.99591e-06	6.27804e-06	8.84231e-06	9.70444e-06	1.12961e-05	1.22687e-05	1.24677e-05	6.47699e-06	3.8243e-06	2.38742e-06	2.58638e-06	2.18847e-06	2.03373e-06	1.17161e-06	1.39266e-06	1.37056e-06	1.08318e-06	1.08318e-06	7.95808e-07	4.42116e-07	
0	0	0	0	0	0	0	0	0	0	0	0	0	0	0	0	-0.549945	0.426565	0.249577	0.259935	0.105284	0.0352779	0.0132238	0.00981558	0.00565936	0.00293379	0.00283084	0.000335971	0.000339765	0.000238006	0.00029149	9.60558e-05	7.14693e-05	1.30454e-05	1.3517e-05	1.23045e-05	1.22147e-05	1.24617e-05	1.16309e-05	1.14962e-05	1.00591e-05	1.9759e-05	2.773e-05	3.42864e-05	7.22327e-05	6.06467e-05	4.60295e-05	2.42272e-05	1.49764e-05	9.63252e-06	9.76724e-06	1.42355e-05	1.56276e-05	1.94671e-05	1.91079e-05	1.87935e-05	8.98137e-06	6.62376e-06	3.97426e-06	3.74972e-06	4.06407e-06	2.96385e-06	2.6046e-06	1.84118e-06	2.13308e-06	1.68401e-06	1.25739e-06	1.3023e-06	6.96056e-07	
0	0	0	0	0	0	0	0	0	0	0	0	0	0	0	0	0	-0.553599	0.429451	0.411223	0.166537	0.0558424	0.0209185	0.015492	0.00892962	0.00465237	0.00449073	0.000533296	0.000534409	0.000381429	0.000461053	0.000155002	0.000114463	2.03489e-05	2.13028e-05	1.93269e-05	2.01672e-05	1.91907e-05	1.88046e-05	1.79416e-05	1.70331e-05	3.07051e-05	4.51265e-05	5.58006e-05	0.000116121	9.46816e-05	7.56726e-05	3.82905e-05	2.3801e-05	1.52617e-05	1.4535e-05	2.33695e-05	2.27109e-05	3.02054e-05	2.90472e-05	3.02054e-05	1.5239e-05	9.87923e-06	6.2682e-06	6.10922e-06	5.92754e-06	4.67844e-06	2.97512e-06	3.31579e-06	3.17952e-06	3.15681e-06	2.33922e-06	2.04398e-06	1.52163e-06	
0	0	0	0	0	0	0	0	0	0	0	0	0	0	0	0	0	0	-0.560675	0.685329	0.263632	0.0883529	0.0331015	0.0245893	0.0141209	0.00734169	0.00705808	0.000850164	0.000841147	0.000605251	0.000727246	0.000241916	0.000182279	3.19864e-05	3.20094e-05	3.06719e-05	3.22631e-05	2.93804e-05	2.88961e-05	3.04874e-05	2.6613e-05	4.81295e-05	7.40045e-05	8.44514e-05	0.000183017	0.000151376	0.000121996	6.13437e-05	3.53303e-05	2.52755e-05	2.27618e-05	3.7475e-05	3.64834e-05	5.00666e-05	4.81756e-05	4.75299e-05	2.36842e-05	1.46671e-05	1.00548e-05	9.36299e-06	9.31687e-06	7.3797e-06	5.51171e-06	5.78845e-06	4.24333e-06	4.42782e-06	3.87434e-06	3.5976e-06	2.16779e-06	
0	0	0	0	0	0	0	0	0	0	0	0	0	0	0	0	0	0	1.17533e-08	-0.348168	0.550991	0.1789	0.0670022	0.0497306	0.0286594	0.0148851	0.0143385	0.00171781	0.00171046	0.00122207	0.00146208	0.000488867	0.000363941	6.56423e-05	6.40673e-05	6.21515e-05	6.34797e-05	6.12465e-05	5.79556e-05	6.03298e-05	5.35716e-05	9.63067e-05	0.000147257	0.000171199	0.00037479	0.000304705	0.000242741	0.000123469	7.37756e-05	4.91641e-05	4.74599e-05	7.38931e-05	7.21536e-05	9.83165e-05	9.69766e-05	9.77758e-05	4.72836e-05	3.08407e-05	2.19787e-05	1.88053e-05	1.81119e-05	1.57142e-05	1.12949e-05	1.05075e-05	1.04017e-05	9.24986e-06	8.85025e-06	6.8992e-06	3.89035e-06	
0	0	0	0	0	0	0	0	0	0	0	0	0	0	0	0	0	0	0	0	-0.353402	0.459554	0.165884	0.122952	0.0709107	0.0367518	0.0355223	0.00423284	0.00422347	0.00302534	0.00363367	0.00120171	0.000905307	0.000164866	0.000157356	0.000158239	0.00015651	0.00014894	0.000144852	0.00014559	0.000130594	0.000241815	0.000362735	0.000427966	0.000934549	0.000751107	0.000606001	0.00030031	0.000181059	0.000120557	0.000118562	0.000183224	0.000177854	0.000243085	0.00024161	0.000241162	0.000119287	7.55219e-05	5.11421e-05	4.6716e-05	4.53373e-05	3.84321e-05	2.70766e-05	2.57585e-05	2.49724e-05	2.31222e-05	2.0631e-05	1.69305e-05	9.0336e-06	
0	0	0	0	0	0	0	0	0	0	0	0	0	0	0	0	0	0	0	0	1.00005e-07	-0.459024	0.383894	0.267814	0.154302	0.0801703	0.077298	0.00921643	0.00920748	0.00657539	0.00788428	0.00263078	0.00197426	0.000354419	0.000339035	0.000336952	0.000340835	0.000325684	0.000309783	0.000318617	0.000290616	0.000523845	0.000796843	0.000923533	0.00203964	0.00164561	0.0013107	0.000656986	0.000394288	0.000264498	0.000262864	0.000392838	0.000386871	0.000525212	0.000524678	0.000528962	0.000260847	0.000167942	0.00011519	0.000102006	9.78886e-05	8.38712e-05	5.84365e-05	5.65031e-05	5.33029e-05	4.8436e-05	4.40191e-05	3.62686e-05	2.15512e-05	
0	0	0	0	0	0	0	0	0	0	0	0	0	0	0	0	0	0	0	0	0	3.87277e-07	-0.586391	0.501679	0.269084	0.139896	0.134826	0.0160668	0.0160506	0.0114706	0.0137874	0.00460487	0.00343194	0.000627285	0.000596044	0.000595967	0.00059527	0.000573505	0.000551714	0.000555845	0.000506764	0.000916632	0.00139378	0.00160797	0.00354859	0.00287457	0.00230055	0.00114567	0.000680522	0.000459749	0.000458794	0.000689223	0.000687287	0.000906046	0.0009172	0.000918129	0.000463234	0.000290587	0.00019906	0.000175591	0.000170608	0.000150805	0.000101518	9.75162e-05	9.33595e-05	8.71889e-05	7.84106e-05	6.25064e-05	3.64815e-05	
0	0	0	0	0	0	0	0	0	0	0	0	0	0	0	0	0	0	0	0	0	0	9.20338e-07	-0.537277	0.474263	0.231443	0.223288	0.0265965	0.0266145	0.0189743	0.0227855	0.00760972	0.00567706	0.00101971	0.000987829	0.000993965	0.000990634	0.000954346	0.000916481	0.000909052	0.000843577	0.00151917	0.00227759	0.0026724	0.00590127	0.00474373	0.00379918	0.00189739	0.0011417	0.000758621	0.000761514	0.00114069	0.00113892	0.00152623	0.00151043	0.00151834	0.00074876	0.000482761	0.000329284	0.000288745	0.000288723	0.000239025	0.000168466	0.000160665	0.000153433	0.000140549	0.000127138	0.0001031	5.98877e-05	
0	0	0	0	0	0	0	0	0	0	0	0	0	0	0	0	0	0	0	0	0	0	0	2.45213e-06	-0.544318	0.428958	0.386824	0.0460446	0.0460811	0.0329292	0.0395612	0.0131483	0.00987685	0.00178242	0.00171413	0.00170728	0.00170166	0.00164522	0.00158575	0.00157878	0.0014474	0.00264073	0.00394973	0.00461811	0.0102028	0.00820752	0.00658465	0.00329738	0.00198086	0.00131413	0.00132227	0.00198081	0.00197699	0.00263402	0.00263317	0.0026221	0.00130497	0.000841171	0.000572514	0.00050523	0.000495582	0.000418741	0.000291459	0.000281261	0.000269596	0.000248742	0.000220187	0.000182695	0.000105648	
0	0	0	0	0	0	0	0	0	0	0	0	0	0	0	0	0	0	0	0	0	0	0	0	8.71092e-06	-0.57278	0.679343	0.0770109	0.0770531	0.055019	0.0660949	0.02209	0.0164875	0.00297806	0.0028671	0.00287907	0.00288321	0.0027476	0.00264653	0.00263495	0.00242182	0.00440125	0.00663253	0.00771672	0.0170637	0.0137428	0.0110143	0.00549917	0.00331305	0.00220193	0.00220271	0.00329956	0.0033066	0.00439829	0.00440668	0.00438813	0.00218555	0.00140472	0.000968364	0.000850068	0.000822483	0.000709994	0.000490662	0.00046797	0.0004438	0.000415274	0.000366665	0.000302382	0.00017645	
0	0	0	0	0	0	0	0	0	0	0	0	0	0	0	0	0	0	0	0	0	0	0	0	0	1.50376e-05	-0.3865	0.17274	0.158689	0.112243	0.13475	0.0449258	0.0336596	0.00606387	0.00582074	0.00583838	0.00582619	0.0055967	0.00539842	0.00537745	0.00494641	0.0089794	0.0134481	0.0157433	0.0348239	0.0280838	0.0224892	0.0112288	0.00673364	0.00450598	0.00449454	0.00673113	0.0067531	0.00898565	0.0089787	0.00896551	0.00445381	0.00287019	0.0019634	0.00172717	0.0016842	0.00143629	0.000995704	0.000961253	0.000901396	0.000847408	0.000756782	0.000615804	0.000358962	
0	0	0	0	0	0	0	0	0	0	0	0	0	0	0	0	0	0	0	0	0	0	0	0	0	0	0.000423469	-0.756211	0.335101	0.191923	0.226605	0.0756266	0.0566955	0.0101669	0.00978011	0.00984301	0.00981862	0.00944808	0.00906123	0.00913257	0.00831381	0.0151772	0.022746	0.0263779	0.058655	0.0472437	0.0378028	0.0188583	0.0113857	0.00753872	0.00757155	0.0113899	0.0113397	0.015087	0.0150937	0.0151058	0.00748507	0.00483622	0.00329784	0.00289258	0.00284183	0.00244887	0.00167014	0.00162887	0.00150933	0.00144432	0.00127943	0.00104007	0.000610707	
0	0	0	0	0	0	0	0	0	0	0	0	0	0	0	0	0	0	0	0	0	0	0	0	0	0	0	0.000519734	-0.721981	0.292035	0.285735	0.0938297	0.0702739	0.0126715	0.0121876	0.0121583	0.0121543	0.011694	0.0112575	0.0112588	0.0103167	0.0187199	0.0280827	0.0327837	0.0726513	0.0585538	0.0468755	0.0234054	0.0141018	0.00938086	0.0093811	0.0140881	0.014039	0.0187592	0.0187583	0.0187015	0.00930634	0.00596581	0.00409576	0.00361582	0.00351111	0.00299329	0.00207834	0.00202912	0.0019012	0.00177387	0.00156499	0.00127645	0.000757853	
0	0	0	0	0	0	0	0	0	0	0	0	0	0	0	0	0	0	0	0	0	0	0	0	0	0	0	0	0.00091161	-0.733005	0.419503	0.117894	0.088287	0.0159564	0.0153112	0.0153236	0.0153107	0.0146991	0.0140587	0.0140913	0.0129308	0.0235672	0.0352931	0.0410913	0.0911901	0.0736066	0.0588372	0.0293927	0.0176363	0.0117469	0.0117302	0.0176815	0.0176217	0.0235667	0.0235346	0.0234892	0.0116554	0.00750724	0.00514164	0.00450849	0.00443586	0.00378023	0.00260017	0.00251086	0.00239608	0.00221626	0.00198056	0.00160105	0.000930685	
0	0	0	0	0	0	0	0	0	0	0	0	0	0	0	0	0	0	0	0	0	0	0	0	0	0	0	0	0	0.000903469	-0.634672	0.189342	0.125862	0.0215753	0.020561	0.0204827	0.0203644	0.019534	0.0187061	0.0187147	0.0170883	0.031099	0.0465587	0.0543916	0.120201	0.0970033	0.0776508	0.0387667	0.0233193	0.0156	0.0155314	0.0232837	0.0232805	0.0310683	0.0310967	0.0310629	0.0153424	0.00990756	0.00679642	0.00596852	0.00583223	0.00495408	0.00343108	0.00332811	0.00315897	0.00290758	0.00261292	0.00212121	0.00124357	
0	0	0	0	0	0	0	0	0	0	0	0	0	0	0	0	0	0	0	0	0	0	0	0	0	0	0	0	0	0	0.00421582	-0.788202	0.197952	0.0332012	0.0310427	0.0301733	0.0292931	0.0273787	0.0255584	0.0250403	0.0226368	0.0404518	0.0597491	0.0690537	0.152476	0.122955	0.0981912	0.0491672	0.029377	0.0196515	0.0196254	0.0294663	0.0295107	0.0392595	0.0393984	0.0392513	0.0194678	0.0125531	0.00861826	0.00750997	0.00740678	0.00628683	0.00434649	0.00420963	0.00397131	0.00373785	0.00330165	0.00272222	0.00154631	
0	0	0	0	0	0	0	0	0	0	0	0	0	0	0	0	0	0	0	0	0	0	0	0	0	0	0	0	0	0	2.33303e-06	0.00655386	-0.831193	0.0420345	0.0400742	0.0393567	0.0387581	0.0364213	0.0339655	0.0330543	0.0295172	0.0516787	0.0731081	0.0810622	0.174548	0.140161	0.112294	0.0561538	0.0337151	0.0224588	0.0224509	0.033626	0.0335856	0.0447603	0.0449366	0.0447542	0.0223141	0.0143381	0.00981262	0.00861062	0.00839193	0.00718219	0.00499233	0.00478198	0.00453137	0.00422009	0.00378725	0.0030774	0.0017887	
0	0	0	0	0	0	0	0	0	0	0	0	0	0	0	0	0	0	0	0	0	0	0	0	0	0	0	0	0	0	0	6.88082e-05	0.0270456	-0.975554	0.0443938	0.0437712	0.043451	0.0413339	0.039169	0.0388303	0.0340673	0.060266	0.0846658	0.0911794	0.189705	0.150814	0.12021	0.0607629	0.0361971	0.0241841	0.0240021	0.0362698	0.0362956	0.0487314	0.0480096	0.0480466	0.0241259	0.01555	0.0104291	0.00916736	0.00887162	0.00770122	0.00545569	0.00515995	0.00497602	0.00457574	0.00410004	0.00336432	0.00191604	
0	0	0	0	0	0	0	0	0	0	0	0	0	0	0	0	0	0	0	0	0	0	0	0	0	0	0	0	0	0	0	2.78708e-05	0.00977179	0.0183519	-0.984695	0.0452901	0.0446199	0.0428266	0.0408621	0.0399178	0.0361322	0.063449	0.0895211	0.0953598	0.194986	0.154427	0.123821	0.0618604	0.0369289	0.0247928	0.0246195	0.0370941	0.0369792	0.0491798	0.0494252	0.049417	0.0247711	0.0158653	0.0107439	0.00961272	0.00918718	0.00796902	0.00543006	0.00517038	0.004978	0.00461364	0.00415208	0.0033513	0.00194688	
0	0	0	0	0	0	0	0	0	0	0	0	0	0	0	0	0	0	0	0	0	0	0	0	0	0	0	0	0	0	0	6.66815e-06	0.00367015	0.00684752	0.0182641	-0.986042	0.0465584	0.0441865	0.0422014	0.0415593	0.0377044	0.0661234	0.0940783	0.100167	0.201514	0.157953	0.125779	0.0636002	0.0379731	0.0254617	0.0256204	0.0381452	0.0376657	0.0503839	0.0505039	0.0507173	0.0252276	0.0160889	0.0110205	0.00970483	0.00959947	0.00805179	0.00563259	0.00551389	0.00514114	0.00487642	0.00414626	0.00352212	0.00198044	
0	0	0	0	0	0	0	0	0	0	0	0	0	0	0	0	0	0	0	0	0	0	0	0	0	0	0	0	0	0	0	3.26562e-06	0.00132976	0.00258833	0.00678531	0.0188557	-0.984441	0.0455881	0.0435987	0.0432603	0.0389882	0.0692318	0.0989575	0.105898	0.208466	0.161614	0.129622	0.0649552	0.0389589	0.0259055	0.0260061	0.0388145	0.0390986	0.0518215	0.051894	0.0517268	0.0255574	0.0166566	0.0113598	0.00980535	0.00974527	0.00822283	0.00569002	0.00557637	0.00522238	0.00486578	0.00435699	0.00356736	0.00208934	
0	0	0	0	0	0	0	0	0	0	0	0	0	0	0	0	0	0	0	0	0	0	0	0	0	0	0	0	0	0	0	1.32912e-06	0.000530319	0.000939024	0.00254859	0.00719918	0.0194656	-0.984765	0.0448678	0.0444478	0.0401421	0.07214	0.103479	0.111266	0.217307	0.16648	0.132662	0.0661078	0.0396543	0.0264355	0.0266635	0.0401547	0.03974	0.0532279	0.0534207	0.0531309	0.0261863	0.0168971	0.0116391	0.0101179	0.0100933	0.00841665	0.00587006	0.00565474	0.00535768	0.00509186	0.00452964	0.00370094	0.00209004	
0	0	0	0	0	0	0	0	0	0	0	0	0	0	0	0	0	0	0	0	0	0	0	0	0	0	0	0	0	0	0	0	0.000213473	0.000366147	0.000984272	0.00277042	0.00763977	0.020055	-0.981704	0.045717	0.0418218	0.0748108	0.108204	0.116968	0.225117	0.170931	0.136288	0.0679074	0.0409834	0.0273691	0.027078	0.0409801	0.0408152	0.0543167	0.0542329	0.0544687	0.0270232	0.0172731	0.0117734	0.010394	0.0101846	0.00855243	0.0060806	0.00579822	0.00553408	0.0051193	0.00455792	0.0037682	0.0021577	
0	0	0	0	0	0	0	0	0	0	0	0	0	0	0	0	0	0	0	0	0	0	0	0	0	0	0	0	0	0	0	0	7.43353e-05	0.000164459	0.000416409	0.00110648	0.00309774	0.00802295	0.0199962	-0.975919	0.0426902	0.0773514	0.11265	0.122787	0.236012	0.174828	0.139442	0.0698567	0.0418705	0.0279277	0.0280112	0.0416317	0.0419784	0.0557192	0.0558567	0.0557758	0.0275718	0.017653	0.011914	0.0106727	0.0104089	0.00888866	0.00617575	0.00586328	0.00562382	0.00523176	0.00461931	0.00370163	0.00224914	
0	0	0	0	0	0	0	0	0	0	0	0	0	0	0	0	0	0	0	0	0	0	0	0	0	0	0	0	0	0	0	0	3.07141e-05	5.86361e-05	0.000165438	0.000448845	0.00127254	0.00333039	0.00832004	0.0210196	-0.971657	0.0799726	0.117153	0.128315	0.245547	0.179832	0.142537	0.0713964	0.042708	0.0285949	0.0284008	0.0428881	0.0431296	0.0566285	0.0572023	0.0570145	0.0283394	0.0182372	0.0125746	0.0109098	0.010676	0.00913815	0.00634038	0.00602207	0.0059027	0.00538963	0.00477675	0.0039698	0.00221281	
0	0	0	0	0	0	0	0	0	0	0	0	0	0	0	0	0	0	0	0	0	0	0	0	0	0	0	0	0	0	0	0	9.94532e-06	2.28374e-05	5.08316e-05	0.000136288	0.000411442	0.00107004	0.0027217	0.00691789	0.0154834	-0.932936	0.122789	0.136196	0.261728	0.18662	0.147818	0.0736263	0.0440655	0.0295277	0.029608	0.044236	0.0443432	0.0590163	0.0587577	0.0587245	0.0292271	0.0190066	0.0128564	0.0113016	0.0110931	0.00943443	0.00654513	0.00630349	0.00598929	0.00560106	0.00503638	0.00407832	0.00234341	
0	0	0	0	0	0	0	0	0	0	0	0	0	0	0	0	0	0	0	0	0	0	0	0	0	0	0	0	0	0	0	0	9.20715e-07	2.53197e-06	9.20715e-06	2.23273e-05	6.88235e-05	0.000172864	0.000452532	0.00116148	0.00255107	0.0166919	-0.888605	0.149296	0.291372	0.200537	0.155871	0.0779109	0.0467935	0.0312302	0.0311462	0.0467859	0.0468402	0.0624712	0.0623515	0.0620537	0.0309494	0.0198983	0.0136715	0.0120098	0.0118185	0.00999391	0.00696613	0.00675069	0.00634097	0.00593263	0.00529204	0.00430642	0.00246798	
0	0	0	0	0	0	0	0	0	0	0	0	0	0	0	0	0	0	0	0	0	0	0	0	0	0	0	0	0	0	0	0	1.81517e-07	0	3.63035e-07	2.90428e-06	6.71614e-06	1.34323e-05	3.83002e-05	0.000104009	0.000222903	0.00149588	0.018057	-0.857668	0.336049	0.225319	0.168776	0.0841979	0.0505951	0.0337223	0.0338063	0.0506708	0.0504517	0.0671905	0.06749	0.0671652	0.0334186	0.0215238	0.0147757	0.0129177	0.0127231	0.0108649	0.00747797	0.00716449	0.00687715	0.00642862	0.005649	0.00457714	0.00271005	
0	0	0	0	0	0	0	0	0	0	0	0	0	0	0	0	0	0	0	0	0	0	0	0	0	0	0	0	0	0	0	0	7.01951e-08	0	0	1.4039e-07	1.4039e-07	6.31756e-07	1.05293e-06	3.36937e-06	7.65127e-06	4.57672e-05	0.000573003	0.00925326	-0.717838	0.297257	0.205603	0.09897	0.0590512	0.0393746	0.0394782	0.0590116	0.059066	0.0787706	0.0786421	0.0786393	0.0390976	0.0252086	0.0172099	0.0150719	0.0148254	0.0126491	0.00871444	0.00844426	0.00798442	0.00742152	0.00663828	0.0054152	0.00311989	
0	0	0	0	0	0	0	0	0	0	0	0	0	0	0	0	0	0	0	0	0	0	0	0	0	0	0	0	0	0	0	0	0	0	0	0	0	0	0	0	0	2.11061e-07	2.18096e-06	3.03927e-05	0.0151318	-0.710806	0.294889	0.130571	0.0753735	0.0496103	0.0493345	0.0738203	0.0738574	0.0984432	0.0983127	0.0982562	0.0488148	0.0314666	0.0215172	0.0188381	0.018498	0.0157994	0.0108824	0.0104743	0.0100443	0.00922448	0.00825993	0.00676211	0.00391644	
0	0	0	0	0	0	0	0	0	0	0	0	0	0	0	0	0	0	0	0	0	0	0	0	0	0	0	0	0	0	0	0	0	0	0	0	0	0	0	0	0	0	0	5.02022e-07	0.000159571	0.0231776	-0.713492	0.188272	0.104343	0.0665577	0.064624	0.0944287	0.0928022	0.123116	0.122737	0.122573	0.0609208	0.0392835	0.0268085	0.0236112	0.0231622	0.0195802	0.0136349	0.0131092	0.0124449	0.0115765	0.0103569	0.00844932	0.00487406	
0	0	0	0	0	0	0	0	0	0	0	0	0	0	0	0	0	0	0	0	0	0	0	0	0	0	0	0	0	0	0	0	0	0	0	0	0	0	0	0	0	0	0	0	6.56264e-06	0.000929667	0.050885	-0.818382	0.1393	0.0882412	0.0844436	0.12032	0.114713	0.148228	0.146724	0.146246	0.0729412	0.0468897	0.0321329	0.0281443	0.027615	0.0234868	0.0163187	0.01569	0.0149371	0.0138666	0.0123636	0.0100943	0.00585796	
0	0	0	0	0	0	0	0	0	0	0	0	0	0	0	0	0	0	0	0	0	0	0	0	0	0	0	0	0	0	0	0	0	0	0	0	0	0	0	0	0	0	0	0	9.43563e-07	0.000199658	0.0102592	0.0677187	-0.885409	0.105444	0.101133	0.143153	0.133671	0.168851	0.164918	0.163796	0.0813287	0.0522904	0.035828	0.0315782	0.0307103	0.0262892	0.0182525	0.0175805	0.0167503	0.0154122	0.0137866	0.0112578	0.00655701	
0	0	0	0	0	0	0	0	0	0	0	0	0	0	0	0	0	0	0	0	0	0	0	0	0	0	0	0	0	0	0	0	0	0	0	0	0	0	0	0	0	0	0	0	0	7.71149e-05	0.00397934	0.0257817	0.070357	-0.924245	0.113934	0.161681	0.150377	0.186514	0.17876	0.176679	0.0878832	0.0566594	0.038844	0.0339691	0.0334084	0.0284208	0.0196669	0.0189848	0.0179572	0.0167263	0.0148998	0.012167	0.00705126	
0	0	0	0	0	0	0	0	0	0	0	0	0	0	0	0	0	0	0	0	0	0	0	0	0	0	0	0	0	0	0	0	0	0	0	0	0	0	0	0	0	0	0	0	4.95057e-07	3.31688e-05	0.00187577	0.0122158	0.0332683	0.0587264	-0.918929	0.179039	0.166985	0.205159	0.193083	0.18933	0.093588	0.0603972	0.0415922	0.0362978	0.0356847	0.0303203	0.0209491	0.0201946	0.0192139	0.0178973	0.0159797	0.0129943	0.0075266	
0	0	0	0	0	0	0	0	0	0	0	0	0	0	0	0	0	0	0	0	0	0	0	0	0	0	0	0	0	0	0	0	0	0	0	0	0	0	0	0	0	0	0	0	1.49741e-07	1.737e-05	0.000777156	0.00493861	0.01331	0.0237115	0.0532771	-0.855856	0.192176	0.234513	0.215895	0.207821	0.102886	0.0661252	0.0453392	0.0399319	0.0389775	0.0331804	0.0230222	0.0221943	0.021029	0.0195231	0.0174817	0.0142928	0.00827934	
0	0	0	0	0	0	0	0	0	0	0	0	0	0	0	0	0	0	0	0	0	0	0	0	0	0	0	0	0	0	0	0	0	0	0	0	0	0	0	0	0	0	0	0	0	5.5689e-06	0.000264458	0.00163661	0.00436343	0.0077093	0.0173865	0.0746602	-0.827065	0.280756	0.253127	0.237366	0.116128	0.0748552	0.0512558	0.0448747	0.0440575	0.0375857	0.025858	0.0251935	0.0237265	0.0219763	0.0197333	0.0161566	0.0093182	
0	0	0	0	0	0	0	0	0	0	0	0	0	0	0	0	0	0	0	0	0	0	0	0	0	0	0	0	0	0	0	0	0	0	0	0	0	0	0	0	0	0	0	0	0	1.54617e-06	7.93184e-05	0.000497557	0.00127381	0.00223135	0.00494302	0.0209643	0.0713421	-0.723917	0.32042	0.289104	0.138349	0.0885219	0.0604453	0.0530229	0.0521648	0.0443275	0.0307009	0.0296107	0.0281227	0.0261533	0.0232506	0.0190281	0.0110321	
0	0	0	0	0	0	0	0	0	0	0	0	0	0	0	0	0	0	0	0	0	0	0	0	0	0	0	0	0	0	0	0	0	0	0	0	0	0	0	0	0	0	0	0	0	2.12507e-07	2.02944e-05	0.000121023	0.000314882	0.00054747	0.00120146	0.00500767	0.0167012	0.0969547	-0.637659	0.390522	0.179244	0.112713	0.0765522	0.0670116	0.0655333	0.0557519	0.0385715	0.0372554	0.0353671	0.0328127	0.0292505	0.0238854	0.0138282	
0	0	0	0	0	0	0	0	0	0	0	0	0	0	0	0	0	0	0	0	0	0	0	0	0	0	0	0	0	0	0	0	0	0	0	0	0	0	0	0	0	0	0	0	0	1.542e-07	5.33533e-06	3.74398e-05	8.91895e-05	0.000151918	0.000325363	0.00134318	0.0043288	0.0241136	0.122358	-0.501716	0.261235	0.159574	0.106205	0.0919364	0.0891967	0.0755665	0.0522242	0.0503122	0.0477585	0.0442872	0.0394919	0.032376	0.0187388	
0	0	0	0	0	0	0	0	0	0	0	0	0	0	0	0	0	0	0	0	0	0	0	0	0	0	0	0	0	0	0	0	0	0	0	0	0	0	0	0	0	0	0	0	0	3.79088e-08	2.1608e-06	1.3723e-05	3.43453e-05	6.16397e-05	0.000136358	0.000551611	0.00176208	0.00954945	0.0462962	0.235565	-0.581802	0.223594	0.146685	0.124919	0.119813	0.100638	0.0690266	0.066294	0.0628302	0.0581562	0.0519427	0.0424132	0.024548	
0	0	0	0	0	0	0	0	0	0	0	0	0	0	0	0	0	0	0	0	0	0	0	0	0	0	0	0	0	0	0	0	0	0	0	0	0	0	0	0	0	0	0	0	0	4.3788e-08	2.01425e-06	8.97654e-06	2.3339e-05	4.01974e-05	8.81014e-05	0.000346319	0.00112903	0.00605728	0.0289676	0.142974	0.226004	-0.616635	0.187265	0.158203	0.150583	0.125024	0.0852593	0.0813156	0.0769127	0.0711342	0.0633579	0.0517461	0.0299086	
0	0	0	0	0	0	0	0	0	0	0	0	0	0	0	0	0	0	0	0	0	0	0	0	0	0	0	0	0	0	0	0	0	0	0	0	0	0	0	0	0	0	0	0	0	0	1.1044e-06	6.20568e-06	1.9143e-05	3.20276e-05	6.82625e-05	0.000267738	0.000850547	0.0046094	0.0218553	0.10562	0.164637	0.209175	-0.645761	0.192218	0.181923	0.150121	0.10176	0.0966333	0.0909386	0.0839069	0.0744303	0.0607165	0.0351076	
0	0	0	0	0	0	0	0	0	0	0	0	0	0	0	0	0	0	0	0	0	0	0	0	0	0	0	0	0	0	0	0	0	0	0	0	0	0	0	0	0	0	0	0	0	0	1.3472e-06	6.16603e-06	1.35756e-05	2.65813e-05	5.43025e-05	0.000214464	0.000698937	0.00380242	0.0178927	0.0854509	0.131383	0.165404	0.180536	-0.628026	0.216595	0.178115	0.120176	0.113611	0.106357	0.0975888	0.086369	0.0704161	0.0406577	
0	0	0	0	0	0	0	0	0	0	0	0	0	0	0	0	0	0	0	0	0	0	0	0	0	0	0	0	0	0	0	0	0	0	0	0	0	0	0	0	0	0	0	0	0	0	8.36342e-07	4.8322e-06	1.11977e-05	2.20237e-05	4.41403e-05	0.000187015	0.000600354	0.0032261	0.0150812	0.0715743	0.108632	0.1357	0.147296	0.186855	-0.582654	0.215165	0.144431	0.136179	0.12663	0.115835	0.102008	0.082863	0.0477703	
0	0	0	0	0	0	0	0	0	0	0	0	0	0	0	0	0	0	0	0	0	0	0	0	0	0	0	0	0	0	0	0	0	0	0	0	0	0	0	0	0	0	0	0	0	0	3.91435e-07	3.37613e-06	1.18409e-05	1.76146e-05	3.97306e-05	0.000162543	0.000517134	0.00278917	0.0130798	0.0619217	0.0930966	0.11521	0.124257	0.157148	0.220116	-0.563734	0.177475	0.16651	0.154412	0.140312	0.123111	0.0993953	0.0570137	
0	0	0	0	0	0	0	0	0	0	0	0	0	0	0	0	0	0	0	0	0	0	0	0	0	0	0	0	0	0	0	0	0	0	0	0	0	0	0	0	0	0	0	0	0	0	7.87058e-07	3.08264e-06	9.31352e-06	1.54788e-05	3.6467e-05	0.000150394	0.000469677	0.00252587	0.0119422	0.0561751	0.0839751	0.103197	0.110572	0.139209	0.194277	0.233427	-0.593931	0.201833	0.186689	0.168668	0.147141	0.118438	0.0677275	
0	0	0	0	0	0	0	0	0	0	0	0	0	0	0	0	0	0	0	0	0	0	0	0	0	0	0	0	0	0	0	0	0	0	0	0	0	0	0	0	0	0	0	0	0	0	6.46722e-07	2.84558e-06	9.24812e-06	1.55213e-05	3.34355e-05	0.000135488	0.000439059	0.00239391	0.0112354	0.052572	0.0785293	0.0962091	0.102486	0.128324	0.178271	0.213435	0.196823	-0.556195	0.225289	0.203092	0.176382	0.141127	0.0805477	
0	0	0	0	0	0	0	0	0	0	0	0	0	0	0	0	0	0	0	0	0	0	0	0	0	0	0	0	0	0	0	0	0	0	0	0	0	0	0	0	0	0	0	0	0	0	8.54085e-07	3.35064e-06	8.27806e-06	1.51107e-05	3.23238e-05	0.000134748	0.000429342	0.00229256	0.0107164	0.0505261	0.0749591	0.0914555	0.0972004	0.121005	0.167445	0.199714	0.183186	0.227184	-0.509218	0.253884	0.219789	0.174533	0.0988914	
0	0	0	0	0	0	0	0	0	0	0	0	0	0	0	0	0	0	0	0	0	0	0	0	0	0	0	0	0	0	0	0	0	0	0	0	0	0	0	0	0	0	0	0	0	6.99104e-08	4.89373e-07	3.70525e-06	9.85737e-06	1.46812e-05	3.34871e-05	0.000130523	0.000411982	0.00226971	0.0105521	0.0496955	0.0737784	0.0896024	0.0949529	0.117839	0.162337	0.192248	0.175793	0.217186	0.269668	-0.448527	0.28911	0.228893	0.128722	
0	0	0	0	0	0	0	0	0	0	0	0	0	0	0	0	0	0	0	0	0	0	0	0	0	0	0	0	0	0	0	0	0	0	0	0	0	0	0	0	0	0	0	0	0	8.0442e-08	8.84862e-07	4.18298e-06	8.76818e-06	1.47209e-05	3.42683e-05	0.000132005	0.000441144	0.00230949	0.0109249	0.0513369	0.0758336	0.0922799	0.0974619	0.120845	0.165346	0.195063	0.177184	0.217922	0.269258	0.334404	-0.365016	0.328999	0.183836	
0	0	0	0	0	0	0	0	0	0	0	0	0	0	0	0	0	0	0	0	0	0	0	0	0	0	0	0	0	0	0	0	0	0	0	0	0	0	0	0	0	0	0	0	0	0	1.09332e-06	4.81062e-06	8.63726e-06	1.86958e-05	3.31277e-05	0.000165311	0.000481062	0.00261917	0.0123354	0.0576618	0.0857459	0.104234	0.10985	0.135518	0.185311	0.217341	0.196779	0.240785	0.295767	0.36454	0.453555	-0.231914	0.316419	
0	0	0	0	0	0	0	0	0	0	0	0	0	0	0	0	0	0	0	0	0	0	0	0	0	0	0	0	0	0	0	0	0	0	0	0	0	0	0	0	0	0	0	0	0	0	1.61023e-06	6.17256e-06	1.34186e-05	2.46902e-05	5.9847e-05	0.000225164	0.000729436	0.00386027	0.0179772	0.085085	0.125952	0.152378	0.16101	0.198576	0.270928	0.316801	0.28551	0.347817	0.424585	0.519783	0.641798	0.800084	0.00929019	  ); 
