numberOfGroups 69; 
capture ( 0.0046688   0.0015928  1.3338e-05  4.7525e-06   3.627e-06  5.1427e-06  7.7795e-06    1.08e-05  1.4997e-05  1.9778e-05  2.6023e-05  3.4636e-05  4.5978e-05  6.0861e-05  8.0038e-05  0.00010318  0.00013055  0.00016387  0.00020495  0.00028951  0.00045624  0.00067601  0.00089649   0.0011532   0.0015194   0.0019642   0.0027917   0.0036515   0.0040682   0.0045791   0.0052237   0.0058881   0.0062881   0.0065398   0.0066174   0.0066935   0.0067696   0.0068442   0.0069162   0.0070009   0.0070893   0.0072091   0.0074072   0.0077089   0.0083282   0.0093157    0.010392    0.011349    0.012004    0.012473    0.012905    0.013496     0.01434    0.015601    0.017502    0.020346    0.023275    0.025681    0.027821    0.029929     0.03244    0.035436    0.038549    0.041922    0.046361     0.05257      0.0622    0.080231     0.13286); 
scatteringMultiplicity ( 
1	1	1	1	1	1	1	1	1	1	1	1	1	1	1	1	1	1	1	1	1	1	1	1	1	1	1	1	1	1	1	1	1	1	1	1	1	1	1	1	1	1	1	1	1	1	1	1	1	1	1	1	1	1	1	1	1	1	1	1	1	1	1	1	1	1	1	1	1	
1	1	1	1	1	1	1	1	1	1	1	1	1	1	1	1	1	1	1	1	1	1	1	1	1	1	1	1	1	1	1	1	1	1	1	1	1	1	1	1	1	1	1	1	1	1	1	1	1	1	1	1	1	1	1	1	1	1	1	1	1	1	1	1	1	1	1	1	1	
1	1	1	1	1	1	1	1	1	1	1	1	1	1	1	1	1	1	1	1	1	1	1	1	1	1	1	1	1	1	1	1	1	1	1	1	1	1	1	1	1	1	1	1	1	1	1	1	1	1	1	1	1	1	1	1	1	1	1	1	1	1	1	1	1	1	1	1	1	
1	1	1	1	1	1	1	1	1	1	1	1	1	1	1	1	1	1	1	1	1	1	1	1	1	1	1	1	1	1	1	1	1	1	1	1	1	1	1	1	1	1	1	1	1	1	1	1	1	1	1	1	1	1	1	1	1	1	1	1	1	1	1	1	1	1	1	1	1	
1	1	1	1	1	1	1	1	1	1	1	1	1	1	1	1	1	1	1	1	1	1	1	1	1	1	1	1	1	1	1	1	1	1	1	1	1	1	1	1	1	1	1	1	1	1	1	1	1	1	1	1	1	1	1	1	1	1	1	1	1	1	1	1	1	1	1	1	1	
1	1	1	1	1	1	1	1	1	1	1	1	1	1	1	1	1	1	1	1	1	1	1	1	1	1	1	1	1	1	1	1	1	1	1	1	1	1	1	1	1	1	1	1	1	1	1	1	1	1	1	1	1	1	1	1	1	1	1	1	1	1	1	1	1	1	1	1	1	
1	1	1	1	1	1	1	1	1	1	1	1	1	1	1	1	1	1	1	1	1	1	1	1	1	1	1	1	1	1	1	1	1	1	1	1	1	1	1	1	1	1	1	1	1	1	1	1	1	1	1	1	1	1	1	1	1	1	1	1	1	1	1	1	1	1	1	1	1	
1	1	1	1	1	1	1	1	1	1	1	1	1	1	1	1	1	1	1	1	1	1	1	1	1	1	1	1	1	1	1	1	1	1	1	1	1	1	1	1	1	1	1	1	1	1	1	1	1	1	1	1	1	1	1	1	1	1	1	1	1	1	1	1	1	1	1	1	1	
1	1	1	1	1	1	1	1	1	1	1	1	1	1	1	1	1	1	1	1	1	1	1	1	1	1	1	1	1	1	1	1	1	1	1	1	1	1	1	1	1	1	1	1	1	1	1	1	1	1	1	1	1	1	1	1	1	1	1	1	1	1	1	1	1	1	1	1	1	
1	1	1	1	1	1	1	1	1	1	1	1	1	1	1	1	1	1	1	1	1	1	1	1	1	1	1	1	1	1	1	1	1	1	1	1	1	1	1	1	1	1	1	1	1	1	1	1	1	1	1	1	1	1	1	1	1	1	1	1	1	1	1	1	1	1	1	1	1	
1	1	1	1	1	1	1	1	1	1	1	1	1	1	1	1	1	1	1	1	1	1	1	1	1	1	1	1	1	1	1	1	1	1	1	1	1	1	1	1	1	1	1	1	1	1	1	1	1	1	1	1	1	1	1	1	1	1	1	1	1	1	1	1	1	1	1	1	1	
1	1	1	1	1	1	1	1	1	1	1	1	1	1	1	1	1	1	1	1	1	1	1	1	1	1	1	1	1	1	1	1	1	1	1	1	1	1	1	1	1	1	1	1	1	1	1	1	1	1	1	1	1	1	1	1	1	1	1	1	1	1	1	1	1	1	1	1	1	
1	1	1	1	1	1	1	1	1	1	1	1	1	1	1	1	1	1	1	1	1	1	1	1	1	1	1	1	1	1	1	1	1	1	1	1	1	1	1	1	1	1	1	1	1	1	1	1	1	1	1	1	1	1	1	1	1	1	1	1	1	1	1	1	1	1	1	1	1	
1	1	1	1	1	1	1	1	1	1	1	1	1	1	1	1	1	1	1	1	1	1	1	1	1	1	1	1	1	1	1	1	1	1	1	1	1	1	1	1	1	1	1	1	1	1	1	1	1	1	1	1	1	1	1	1	1	1	1	1	1	1	1	1	1	1	1	1	1	
1	1	1	1	1	1	1	1	1	1	1	1	1	1	1	1	1	1	1	1	1	1	1	1	1	1	1	1	1	1	1	1	1	1	1	1	1	1	1	1	1	1	1	1	1	1	1	1	1	1	1	1	1	1	1	1	1	1	1	1	1	1	1	1	1	1	1	1	1	
1	1	1	1	1	1	1	1	1	1	1	1	1	1	1	1	1	1	1	1	1	1	1	1	1	1	1	1	1	1	1	1	1	1	1	1	1	1	1	1	1	1	1	1	1	1	1	1	1	1	1	1	1	1	1	1	1	1	1	1	1	1	1	1	1	1	1	1	1	
1	1	1	1	1	1	1	1	1	1	1	1	1	1	1	1	1	1	1	1	1	1	1	1	1	1	1	1	1	1	1	1	1	1	1	1	1	1	1	1	1	1	1	1	1	1	1	1	1	1	1	1	1	1	1	1	1	1	1	1	1	1	1	1	1	1	1	1	1	
1	1	1	1	1	1	1	1	1	1	1	1	1	1	1	1	1	1	1	1	1	1	1	1	1	1	1	1	1	1	1	1	1	1	1	1	1	1	1	1	1	1	1	1	1	1	1	1	1	1	1	1	1	1	1	1	1	1	1	1	1	1	1	1	1	1	1	1	1	
1	1	1	1	1	1	1	1	1	1	1	1	1	1	1	1	1	1	1	1	1	1	1	1	1	1	1	1	1	1	1	1	1	1	1	1	1	1	1	1	1	1	1	1	1	1	1	1	1	1	1	1	1	1	1	1	1	1	1	1	1	1	1	1	1	1	1	1	1	
1	1	1	1	1	1	1	1	1	1	1	1	1	1	1	1	1	1	1	1	1	1	1	1	1	1	1	1	1	1	1	1	1	1	1	1	1	1	1	1	1	1	1	1	1	1	1	1	1	1	1	1	1	1	1	1	1	1	1	1	1	1	1	1	1	1	1	1	1	
1	1	1	1	1	1	1	1	1	1	1	1	1	1	1	1	1	1	1	1	1	1	1	1	1	1	1	1	1	1	1	1	1	1	1	1	1	1	1	1	1	1	1	1	1	1	1	1	1	1	1	1	1	1	1	1	1	1	1	1	1	1	1	1	1	1	1	1	1	
1	1	1	1	1	1	1	1	1	1	1	1	1	1	1	1	1	1	1	1	1	1	1	1	1	1	1	1	1	1	1	1	1	1	1	1	1	1	1	1	1	1	1	1	1	1	1	1	1	1	1	1	1	1	1	1	1	1	1	1	1	1	1	1	1	1	1	1	1	
1	1	1	1	1	1	1	1	1	1	1	1	1	1	1	1	1	1	1	1	1	1	1	1	1	1	1	1	1	1	1	1	1	1	1	1	1	1	1	1	1	1	1	1	1	1	1	1	1	1	1	1	1	1	1	1	1	1	1	1	1	1	1	1	1	1	1	1	1	
1	1	1	1	1	1	1	1	1	1	1	1	1	1	1	1	1	1	1	1	1	1	1	1	1	1	1	1	1	1	1	1	1	1	1	1	1	1	1	1	1	1	1	1	1	1	1	1	1	1	1	1	1	1	1	1	1	1	1	1	1	1	1	1	1	1	1	1	1	
1	1	1	1	1	1	1	1	1	1	1	1	1	1	1	1	1	1	1	1	1	1	1	1	1	1	1	1	1	1	1	1	1	1	1	1	1	1	1	1	1	1	1	1	1	1	1	1	1	1	1	1	1	1	1	1	1	1	1	1	1	1	1	1	1	1	1	1	1	
1	1	1	1	1	1	1	1	1	1	1	1	1	1	1	1	1	1	1	1	1	1	1	1	1	1	1	1	1	1	1	1	1	1	1	1	1	1	1	1	1	1	1	1	1	1	1	1	1	1	1	1	1	1	1	1	1	1	1	1	1	1	1	1	1	1	1	1	1	
1	1	1	1	1	1	1	1	1	1	1	1	1	1	1	1	1	1	1	1	1	1	1	1	1	1	1	1	1	1	1	1	1	1	1	1	1	1	1	1	1	1	1	1	1	1	1	1	1	1	1	1	1	1	1	1	1	1	1	1	1	1	1	1	1	1	1	1	1	
1	1	1	1	1	1	1	1	1	1	1	1	1	1	1	1	1	1	1	1	1	1	1	1	1	1	1	1	1	1	1	1	1	1	1	1	1	1	1	1	1	1	1	1	1	1	1	1	1	1	1	1	1	1	1	1	1	1	1	1	1	1	1	1	1	1	1	1	1	
1	1	1	1	1	1	1	1	1	1	1	1	1	1	1	1	1	1	1	1	1	1	1	1	1	1	1	1	1	1	1	1	1	1	1	1	1	1	1	1	1	1	1	1	1	1	1	1	1	1	1	1	1	1	1	1	1	1	1	1	1	1	1	1	1	1	1	1	1	
1	1	1	1	1	1	1	1	1	1	1	1	1	1	1	1	1	1	1	1	1	1	1	1	1	1	1	1	1	1	1	1	1	1	1	1	1	1	1	1	1	1	1	1	1	1	1	1	1	1	1	1	1	1	1	1	1	1	1	1	1	1	1	1	1	1	1	1	1	
1	1	1	1	1	1	1	1	1	1	1	1	1	1	1	1	1	1	1	1	1	1	1	1	1	1	1	1	1	1	1	1	1	1	1	1	1	1	1	1	1	1	1	1	1	1	1	1	1	1	1	1	1	1	1	1	1	1	1	1	1	1	1	1	1	1	1	1	1	
1	1	1	1	1	1	1	1	1	1	1	1	1	1	1	1	1	1	1	1	1	1	1	1	1	1	1	1	1	1	1	1	1	1	1	1	1	1	1	1	1	1	1	1	1	1	1	1	1	1	1	1	1	1	1	1	1	1	1	1	1	1	1	1	1	1	1	1	1	
1	1	1	1	1	1	1	1	1	1	1	1	1	1	1	1	1	1	1	1	1	1	1	1	1	1	1	1	1	1	1	1	1	1	1	1	1	1	1	1	1	1	1	1	1	1	1	1	1	1	1	1	1	1	1	1	1	1	1	1	1	1	1	1	1	1	1	1	1	
1	1	1	1	1	1	1	1	1	1	1	1	1	1	1	1	1	1	1	1	1	1	1	1	1	1	1	1	1	1	1	1	1	1	1	1	1	1	1	1	1	1	1	1	1	1	1	1	1	1	1	1	1	1	1	1	1	1	1	1	1	1	1	1	1	1	1	1	1	
1	1	1	1	1	1	1	1	1	1	1	1	1	1	1	1	1	1	1	1	1	1	1	1	1	1	1	1	1	1	1	1	1	1	1	1	1	1	1	1	1	1	1	1	1	1	1	1	1	1	1	1	1	1	1	1	1	1	1	1	1	1	1	1	1	1	1	1	1	
1	1	1	1	1	1	1	1	1	1	1	1	1	1	1	1	1	1	1	1	1	1	1	1	1	1	1	1	1	1	1	1	1	1	1	1	1	1	1	1	1	1	1	1	1	1	1	1	1	1	1	1	1	1	1	1	1	1	1	1	1	1	1	1	1	1	1	1	1	
1	1	1	1	1	1	1	1	1	1	1	1	1	1	1	1	1	1	1	1	1	1	1	1	1	1	1	1	1	1	1	1	1	1	1	1	1	1	1	1	1	1	1	1	1	1	1	1	1	1	1	1	1	1	1	1	1	1	1	1	1	1	1	1	1	1	1	1	1	
1	1	1	1	1	1	1	1	1	1	1	1	1	1	1	1	1	1	1	1	1	1	1	1	1	1	1	1	1	1	1	1	1	1	1	1	1	1	1	1	1	1	1	1	1	1	1	1	1	1	1	1	1	1	1	1	1	1	1	1	1	1	1	1	1	1	1	1	1	
1	1	1	1	1	1	1	1	1	1	1	1	1	1	1	1	1	1	1	1	1	1	1	1	1	1	1	1	1	1	1	1	1	1	1	1	1	1	1	1	1	1	1	1	1	1	1	1	1	1	1	1	1	1	1	1	1	1	1	1	1	1	1	1	1	1	1	1	1	
1	1	1	1	1	1	1	1	1	1	1	1	1	1	1	1	1	1	1	1	1	1	1	1	1	1	1	1	1	1	1	1	1	1	1	1	1	1	1	1	1	1	1	1	1	1	1	1	1	1	1	1	1	1	1	1	1	1	1	1	1	1	1	1	1	1	1	1	1	
1	1	1	1	1	1	1	1	1	1	1	1	1	1	1	1	1	1	1	1	1	1	1	1	1	1	1	1	1	1	1	1	1	1	1	1	1	1	1	1	1	1	1	1	1	1	1	1	1	1	1	1	1	1	1	1	1	1	1	1	1	1	1	1	1	1	1	1	1	
1	1	1	1	1	1	1	1	1	1	1	1	1	1	1	1	1	1	1	1	1	1	1	1	1	1	1	1	1	1	1	1	1	1	1	1	1	1	1	1	1	1	1	1	1	1	1	1	1	1	1	1	1	1	1	1	1	1	1	1	1	1	1	1	1	1	1	1	1	
1	1	1	1	1	1	1	1	1	1	1	1	1	1	1	1	1	1	1	1	1	1	1	1	1	1	1	1	1	1	1	1	1	1	1	1	1	1	1	1	1	1	1	1	1	1	1	1	1	1	1	1	1	1	1	1	1	1	1	1	1	1	1	1	1	1	1	1	1	
1	1	1	1	1	1	1	1	1	1	1	1	1	1	1	1	1	1	1	1	1	1	1	1	1	1	1	1	1	1	1	1	1	1	1	1	1	1	1	1	1	1	1	1	1	1	1	1	1	1	1	1	1	1	1	1	1	1	1	1	1	1	1	1	1	1	1	1	1	
1	1	1	1	1	1	1	1	1	1	1	1	1	1	1	1	1	1	1	1	1	1	1	1	1	1	1	1	1	1	1	1	1	1	1	1	1	1	1	1	1	1	1	1	1	1	1	1	1	1	1	1	1	1	1	1	1	1	1	1	1	1	1	1	1	1	1	1	1	
1	1	1	1	1	1	1	1	1	1	1	1	1	1	1	1	1	1	1	1	1	1	1	1	1	1	1	1	1	1	1	1	1	1	1	1	1	1	1	1	1	1	1	1	1	1	1	1	1	1	1	1	1	1	1	1	1	1	1	1	1	1	1	1	1	1	1	1	1	
1	1	1	1	1	1	1	1	1	1	1	1	1	1	1	1	1	1	1	1	1	1	1	1	1	1	1	1	1	1	1	1	1	1	1	1	1	1	1	1	1	1	1	1	1	1	1	1	1	1	1	1	1	1	1	1	1	1	1	1	1	1	1	1	1	1	1	1	1	
1	1	1	1	1	1	1	1	1	1	1	1	1	1	1	1	1	1	1	1	1	1	1	1	1	1	1	1	1	1	1	1	1	1	1	1	1	1	1	1	1	1	1	1	1	1	1	1	1	1	1	1	1	1	1	1	1	1	1	1	1	1	1	1	1	1	1	1	1	
1	1	1	1	1	1	1	1	1	1	1	1	1	1	1	1	1	1	1	1	1	1	1	1	1	1	1	1	1	1	1	1	1	1	1	1	1	1	1	1	1	1	1	1	1	1	1	1	1	1	1	1	1	1	1	1	1	1	1	1	1	1	1	1	1	1	1	1	1	
1	1	1	1	1	1	1	1	1	1	1	1	1	1	1	1	1	1	1	1	1	1	1	1	1	1	1	1	1	1	1	1	1	1	1	1	1	1	1	1	1	1	1	1	1	1	1	1	1	1	1	1	1	1	1	1	1	1	1	1	1	1	1	1	1	1	1	1	1	
1	1	1	1	1	1	1	1	1	1	1	1	1	1	1	1	1	1	1	1	1	1	1	1	1	1	1	1	1	1	1	1	1	1	1	1	1	1	1	1	1	1	1	1	1	1	1	1	1	1	1	1	1	1	1	1	1	1	1	1	1	1	1	1	1	1	1	1	1	
1	1	1	1	1	1	1	1	1	1	1	1	1	1	1	1	1	1	1	1	1	1	1	1	1	1	1	1	1	1	1	1	1	1	1	1	1	1	1	1	1	1	1	1	1	1	1	1	1	1	1	1	1	1	1	1	1	1	1	1	1	1	1	1	1	1	1	1	1	
1	1	1	1	1	1	1	1	1	1	1	1	1	1	1	1	1	1	1	1	1	1	1	1	1	1	1	1	1	1	1	1	1	1	1	1	1	1	1	1	1	1	1	1	1	1	1	1	1	1	1	1	1	1	1	1	1	1	1	1	1	1	1	1	1	1	1	1	1	
1	1	1	1	1	1	1	1	1	1	1	1	1	1	1	1	1	1	1	1	1	1	1	1	1	1	1	1	1	1	1	1	1	1	1	1	1	1	1	1	1	1	1	1	1	1	1	1	1	1	1	1	1	1	1	1	1	1	1	1	1	1	1	1	1	1	1	1	1	
1	1	1	1	1	1	1	1	1	1	1	1	1	1	1	1	1	1	1	1	1	1	1	1	1	1	1	1	1	1	1	1	1	1	1	1	1	1	1	1	1	1	1	1	1	1	1	1	1	1	1	1	1	1	1	1	1	1	1	1	1	1	1	1	1	1	1	1	1	
1	1	1	1	1	1	1	1	1	1	1	1	1	1	1	1	1	1	1	1	1	1	1	1	1	1	1	1	1	1	1	1	1	1	1	1	1	1	1	1	1	1	1	1	1	1	1	1	1	1	1	1	1	1	1	1	1	1	1	1	1	1	1	1	1	1	1	1	1	
1	1	1	1	1	1	1	1	1	1	1	1	1	1	1	1	1	1	1	1	1	1	1	1	1	1	1	1	1	1	1	1	1	1	1	1	1	1	1	1	1	1	1	1	1	1	1	1	1	1	1	1	1	1	1	1	1	1	1	1	1	1	1	1	1	1	1	1	1	
1	1	1	1	1	1	1	1	1	1	1	1	1	1	1	1	1	1	1	1	1	1	1	1	1	1	1	1	1	1	1	1	1	1	1	1	1	1	1	1	1	1	1	1	1	1	1	1	1	1	1	1	1	1	1	1	1	1	1	1	1	1	1	1	1	1	1	1	1	
1	1	1	1	1	1	1	1	1	1	1	1	1	1	1	1	1	1	1	1	1	1	1	1	1	1	1	1	1	1	1	1	1	1	1	1	1	1	1	1	1	1	1	1	1	1	1	1	1	1	1	1	1	1	1	1	1	1	1	1	1	1	1	1	1	1	1	1	1	
1	1	1	1	1	1	1	1	1	1	1	1	1	1	1	1	1	1	1	1	1	1	1	1	1	1	1	1	1	1	1	1	1	1	1	1	1	1	1	1	1	1	1	1	1	1	1	1	1	1	1	1	1	1	1	1	1	1	1	1	1	1	1	1	1	1	1	1	1	
1	1	1	1	1	1	1	1	1	1	1	1	1	1	1	1	1	1	1	1	1	1	1	1	1	1	1	1	1	1	1	1	1	1	1	1	1	1	1	1	1	1	1	1	1	1	1	1	1	1	1	1	1	1	1	1	1	1	1	1	1	1	1	1	1	1	1	1	1	
1	1	1	1	1	1	1	1	1	1	1	1	1	1	1	1	1	1	1	1	1	1	1	1	1	1	1	1	1	1	1	1	1	1	1	1	1	1	1	1	1	1	1	1	1	1	1	1	1	1	1	1	1	1	1	1	1	1	1	1	1	1	1	1	1	1	1	1	1	
1	1	1	1	1	1	1	1	1	1	1	1	1	1	1	1	1	1	1	1	1	1	1	1	1	1	1	1	1	1	1	1	1	1	1	1	1	1	1	1	1	1	1	1	1	1	1	1	1	1	1	1	1	1	1	1	1	1	1	1	1	1	1	1	1	1	1	1	1	
1	1	1	1	1	1	1	1	1	1	1	1	1	1	1	1	1	1	1	1	1	1	1	1	1	1	1	1	1	1	1	1	1	1	1	1	1	1	1	1	1	1	1	1	1	1	1	1	1	1	1	1	1	1	1	1	1	1	1	1	1	1	1	1	1	1	1	1	1	
1	1	1	1	1	1	1	1	1	1	1	1	1	1	1	1	1	1	1	1	1	1	1	1	1	1	1	1	1	1	1	1	1	1	1	1	1	1	1	1	1	1	1	1	1	1	1	1	1	1	1	1	1	1	1	1	1	1	1	1	1	1	1	1	1	1	1	1	1	
1	1	1	1	1	1	1	1	1	1	1	1	1	1	1	1	1	1	1	1	1	1	1	1	1	1	1	1	1	1	1	1	1	1	1	1	1	1	1	1	1	1	1	1	1	1	1	1	1	1	1	1	1	1	1	1	1	1	1	1	1	1	1	1	1	1	1	1	1	
1	1	1	1	1	1	1	1	1	1	1	1	1	1	1	1	1	1	1	1	1	1	1	1	1	1	1	1	1	1	1	1	1	1	1	1	1	1	1	1	1	1	1	1	1	1	1	1	1	1	1	1	1	1	1	1	1	1	1	1	1	1	1	1	1	1	1	1	1	
1	1	1	1	1	1	1	1	1	1	1	1	1	1	1	1	1	1	1	1	1	1	1	1	1	1	1	1	1	1	1	1	1	1	1	1	1	1	1	1	1	1	1	1	1	1	1	1	1	1	1	1	1	1	1	1	1	1	1	1	1	1	1	1	1	1	1	1	1	
1	1	1	1	1	1	1	1	1	1	1	1	1	1	1	1	1	1	1	1	1	1	1	1	1	1	1	1	1	1	1	1	1	1	1	1	1	1	1	1	1	1	1	1	1	1	1	1	1	1	1	1	1	1	1	1	1	1	1	1	1	1	1	1	1	1	1	1	1	  ); 
P0 ( 
0.00950168	0.0383696	0.0177844	0.0119923	0.0078862	0.0048059	0.00283969	0.0016917	0.000986605	0.000577967	0.000343219	0.000205581	0.000122812	7.47874e-05	4.53112e-05	2.4565e-05	1.61961e-05	9.84891e-06	6.56741e-06	6.77003e-06	2.73532e-06	8.94155e-07	3.56781e-07	2.20235e-07	1.76188e-07	9.24987e-08	6.60705e-08	8.8094e-09	0	0	4.4047e-09	0	0	0	0	0	0	0	0	0	0	0	0	0	0	0	0	0	0	0	0	0	0	0	0	0	0	0	0	0	0	0	0	0	0	0	0	0	0	
0	0.0165692	0.0530867	0.0230084	0.014057	0.00852772	0.00526035	0.00318297	0.00192272	0.00116595	0.000707941	0.000429628	0.000261015	0.000158388	9.62779e-05	5.36735e-05	3.43993e-05	2.14941e-05	1.39653e-05	1.44669e-05	5.89846e-06	1.99581e-06	7.4816e-07	5.26284e-07	3.22631e-07	1.76857e-07	1.7257e-07	2.25091e-08	2.46528e-08	1.07186e-08	1.17905e-08	5.35931e-09	6.43117e-09	2.14372e-09	0	0	1.07186e-09	0	1.07186e-09	1.07186e-09	1.07186e-09	0	1.07186e-09	1.07186e-09	2.14372e-09	1.07186e-09	0	0	0	0	0	0	0	0	0	0	0	0	0	0	0	0	0	0	0	0	0	0	0	
0	0	0.0165714	0.0580067	0.0314332	0.0190463	0.0117489	0.00711777	0.00429335	0.0026049	0.00158237	0.000959705	0.000581227	0.000352983	0.000214371	0.000120072	7.68136e-05	4.86326e-05	3.09743e-05	3.2107e-05	1.30719e-05	4.31794e-06	1.68251e-06	1.2422e-06	6.83319e-07	3.60005e-07	3.53092e-07	4.41366e-08	3.72236e-08	2.44612e-08	4.14777e-08	1.64847e-08	1.01035e-08	2.65883e-09	3.72236e-09	1.06353e-09	2.65883e-09	2.65883e-09	1.06353e-09	1.06353e-09	1.5953e-09	2.12706e-09	5.31766e-09	1.5953e-09	4.78589e-09	4.25413e-09	1.06353e-09	5.31766e-10	5.31766e-10	0	0	0	5.31766e-10	0	0	0	0	0	0	0	0	0	0	0	0	0	0	0	0	
0	0	0	-0.00676457	0.0833208	0.0402761	0.0248315	0.0150447	0.0090741	0.00550453	0.00334194	0.00202886	0.00123035	0.000746614	0.000452691	0.000253636	0.000161325	0.000102778	6.5371e-05	6.83012e-05	2.7532e-05	9.19556e-06	3.42235e-06	2.62181e-06	1.50501e-06	7.55705e-07	7.18265e-07	7.88219e-08	9.55716e-08	6.79839e-08	7.93145e-08	2.51245e-08	1.67497e-08	2.95582e-09	2.95582e-09	4.92637e-09	2.46318e-09	9.85274e-10	3.9411e-09	1.97055e-09	2.95582e-09	3.9411e-09	1.13306e-08	4.92637e-09	1.77349e-08	1.72423e-08	1.52717e-08	4.43373e-09	2.95582e-09	4.92637e-10	9.85274e-10	4.92637e-10	0	1.47791e-09	0	9.85274e-10	0	0	0	0	0	0	0	0	0	0	0	0	0	
0	0	0	0	-0.000945677	0.121356	0.0533652	0.0323377	0.0194949	0.0118318	0.00718108	0.00435489	0.00264424	0.00160172	0.000972817	0.000544992	0.000346815	0.000220416	0.000140814	0.000146376	5.91513e-05	1.97254e-05	7.38743e-06	5.4929e-06	3.20131e-06	1.67412e-06	1.60282e-06	1.73949e-07	2.08523e-07	1.41536e-07	1.64765e-07	4.91595e-08	3.94356e-08	8.64343e-09	8.10321e-09	5.94236e-09	6.48257e-09	8.64343e-09	1.08043e-08	7.563e-09	5.40214e-09	1.29651e-08	1.40456e-08	1.99879e-08	4.64584e-08	3.51139e-08	2.64705e-08	1.02641e-08	9.72386e-09	4.86193e-09	6.48257e-09	3.7815e-09	7.02278e-09	7.563e-09	4.86193e-09	4.86193e-09	5.40214e-10	5.40214e-10	0	0	0	0	0	0	0	0	0	0	0	
0	0	0	0	0	-0.0244279	0.130227	0.0674686	0.0406831	0.0246819	0.0149806	0.0090884	0.00551384	0.0033425	0.00203081	0.00113815	0.000725015	0.000460933	0.000293257	0.000304992	0.000123597	4.14428e-05	1.55002e-05	1.14246e-05	6.7158e-06	3.4525e-06	3.31975e-06	3.93671e-07	3.94179e-07	3.01611e-07	3.34671e-07	1.04267e-07	7.52756e-08	1.57672e-08	1.0681e-08	1.67844e-08	1.7293e-08	1.57672e-08	1.37327e-08	1.62758e-08	1.16982e-08	2.44137e-08	3.50947e-08	3.8655e-08	8.23962e-08	7.98531e-08	5.74739e-08	2.7974e-08	1.42413e-08	1.11896e-08	1.11896e-08	1.57672e-08	1.83103e-08	2.23792e-08	1.57672e-08	1.32241e-08	1.52586e-09	1.52586e-09	1.52586e-09	0	1.01724e-09	0	0	5.08619e-10	0	5.08619e-10	0	0	0	
0	0	0	0	0	0	-0.063523	0.187933	0.0894432	0.0542688	0.0329463	0.0199801	0.0121298	0.00735486	0.00446642	0.00250038	0.00159301	0.00101272	0.000645152	0.000670639	0.000272373	9.11937e-05	3.43228e-05	2.54864e-05	1.44224e-05	7.61168e-06	7.41865e-06	8.86747e-07	9.00799e-07	6.30116e-07	7.42531e-07	2.52934e-07	1.93768e-07	4.36348e-08	3.99369e-08	4.36348e-08	2.95829e-08	3.03225e-08	1.92289e-08	2.66246e-08	2.36663e-08	6.06449e-08	7.46968e-08	7.83947e-08	1.7306e-07	1.5605e-07	1.24248e-07	7.0999e-08	4.14161e-08	3.18016e-08	2.36663e-08	4.14161e-08	4.14161e-08	4.80722e-08	5.39888e-08	3.1062e-08	2.21872e-08	6.65615e-09	6.65615e-09	4.43744e-09	3.69786e-09	4.43744e-09	7.39573e-10	7.39573e-10	2.21872e-09	0	0	7.39573e-10	7.39573e-10	
0	0	0	0	0	0	0	-0.127012	0.211956	0.111802	0.0678714	0.0411645	0.0249843	0.0151506	0.00919742	0.00515613	0.00327822	0.00208677	0.00132795	0.00138202	0.000560227	0.000187766	7.06398e-05	5.21626e-05	3.03051e-05	1.56135e-05	1.51781e-05	1.81349e-06	1.82607e-06	1.31776e-06	1.58282e-06	5.20058e-07	3.77461e-07	6.20714e-08	5.70386e-08	6.79431e-08	6.03938e-08	4.94894e-08	6.20714e-08	7.88475e-08	6.12326e-08	9.56236e-08	1.44274e-07	1.6105e-07	4.02625e-07	3.16229e-07	2.40736e-07	1.20788e-07	7.04595e-08	5.28446e-08	5.36834e-08	8.05251e-08	8.80743e-08	1.08206e-07	9.22683e-08	8.89131e-08	3.35521e-08	2.93581e-08	1.42597e-08	1.34208e-08	1.34208e-08	1.17432e-08	2.51641e-09	2.51641e-09	8.38803e-10	3.35521e-09	8.38803e-10	8.38803e-10	8.38803e-10	
0	0	0	0	0	0	0	0	-0.234443	0.260004	0.14033	0.0851744	0.0516762	0.0313398	0.0190151	0.0106586	0.00677992	0.00431592	0.00274898	0.00286176	0.00115813	0.000388482	0.000145207	0.000107987	6.20606e-05	3.20969e-05	3.13749e-05	3.71739e-06	3.61002e-06	2.62945e-06	3.19588e-06	1.07041e-06	8.0527e-07	1.18325e-07	1.22708e-07	1.38046e-07	1.8954e-07	1.23803e-07	1.45716e-07	1.32568e-07	1.18325e-07	2.01591e-07	3.10056e-07	3.37447e-07	8.06366e-07	6.3326e-07	5.01787e-07	2.78284e-07	1.80775e-07	1.24899e-07	9.75089e-08	1.53385e-07	1.7201e-07	2.01591e-07	2.18026e-07	1.77488e-07	8.3266e-08	6.57363e-08	3.17726e-08	3.0677e-08	2.95814e-08	2.08165e-08	1.09561e-08	1.31473e-08	1.31473e-08	8.76485e-09	6.57363e-09	5.47803e-09	4.38242e-09	
0	0	0	0	0	0	0	0	0	-0.312546	0.307846	0.168588	0.102308	0.0620439	0.0376474	0.0210945	0.0134282	0.00854804	0.00543498	0.0056633	0.00229467	0.0007691	0.000287097	0.000213978	0.000123043	6.40752e-05	6.19253e-05	7.40586e-06	7.28634e-06	5.17361e-06	6.27446e-06	2.06891e-06	1.555e-06	2.81521e-07	2.61602e-07	3.08079e-07	2.50978e-07	2.49651e-07	2.35043e-07	2.86833e-07	2.41683e-07	4.32905e-07	6.54669e-07	7.31688e-07	1.5736e-06	1.26552e-06	1.0889e-06	6.2811e-07	3.34638e-07	2.07157e-07	2.33715e-07	3.08079e-07	3.16047e-07	4.28921e-07	4.01034e-07	4.01034e-07	2.00517e-07	1.1553e-07	8.63153e-08	5.84288e-08	7.4364e-08	5.97568e-08	3.31982e-08	2.52306e-08	3.31982e-08	3.18703e-08	1.8591e-08	2.25748e-08	1.59351e-08	
0	0	0	0	0	0	0	0	0	0	-0.377606	0.347253	0.192942	0.117038	0.0710147	0.0397895	0.0253339	0.0161094	0.0102572	0.0106807	0.00432689	0.00144827	0.000543325	0.00040201	0.000232011	0.000120449	0.000116455	1.37975e-05	1.4084e-05	9.71846e-06	1.19151e-05	4.00969e-06	2.91754e-06	5.46846e-07	5.2374e-07	4.94472e-07	4.75987e-07	4.89851e-07	5.02174e-07	4.68285e-07	4.43639e-07	7.99474e-07	1.21538e-06	1.38945e-06	2.94681e-06	2.50163e-06	1.94708e-06	9.56596e-07	5.34523e-07	3.68158e-07	4.06669e-07	6.0076e-07	6.22326e-07	7.8561e-07	7.74827e-07	7.68665e-07	3.77401e-07	2.249e-07	1.4788e-07	1.60203e-07	1.43258e-07	1.23233e-07	7.23993e-08	7.23993e-08	8.93439e-08	8.6263e-08	4.00507e-08	4.77528e-08	3.38891e-08	
0	0	0	0	0	0	0	0	0	0	0	-0.426737	0.384036	0.214244	0.130026	0.0728702	0.0463741	0.0295148	0.0187812	0.0195665	0.00792907	0.00265082	0.0009948	0.000737198	0.000425381	0.000219943	0.000213253	2.55927e-05	2.56847e-05	1.82213e-05	2.15602e-05	7.47192e-06	5.43862e-06	9.69782e-07	9.74895e-07	9.27173e-07	1.00728e-06	9.20355e-07	8.35137e-07	8.81155e-07	7.85711e-07	1.49302e-06	2.20885e-06	2.57359e-06	5.80506e-06	4.39044e-06	3.62859e-06	1.91229e-06	1.10954e-06	7.24354e-07	7.66963e-07	1.09931e-06	1.11636e-06	1.50325e-06	1.44359e-06	1.41632e-06	6.98788e-07	4.24386e-07	3.45985e-07	3.27237e-07	2.67585e-07	2.23271e-07	1.6021e-07	1.41462e-07	1.29531e-07	1.09079e-07	1.02262e-07	8.69224e-08	5.28352e-08	
0	0	0	0	0	0	0	0	0	0	0	0	-0.464892	0.40685	0.228351	0.127997	0.0814588	0.0518327	0.0329889	0.0343383	0.0139103	0.00466412	0.00174634	0.00129619	0.000747827	0.000387089	0.000374247	4.42679e-05	4.43724e-05	3.15508e-05	3.82832e-05	1.26768e-05	9.46269e-06	1.83793e-06	1.65102e-06	1.74631e-06	1.53558e-06	1.56123e-06	1.6272e-06	1.47694e-06	1.37982e-06	2.48478e-06	3.90492e-06	4.55726e-06	9.78336e-06	8.02972e-06	6.35854e-06	3.1133e-06	1.91306e-06	1.27537e-06	1.25522e-06	2.01201e-06	1.84343e-06	2.52509e-06	2.49028e-06	2.64237e-06	1.27721e-06	7.69622e-07	5.77217e-07	4.67271e-07	4.9659e-07	3.90308e-07	2.6387e-07	2.1806e-07	2.45546e-07	2.52876e-07	2.07065e-07	1.33768e-07	8.79568e-08	
0	0	0	0	0	0	0	0	0	0	0	0	0	-0.490496	0.42413	0.220522	0.14029	0.0892828	0.0568247	0.0591726	0.0239568	0.00802959	0.00300882	0.00222885	0.00128371	0.000667061	0.000643282	7.68549e-05	7.61148e-05	5.47334e-05	6.6091e-05	2.20445e-05	1.66788e-05	2.89673e-06	2.89673e-06	2.80808e-06	2.76953e-06	2.7676e-06	2.65389e-06	2.62113e-06	2.44189e-06	4.43086e-06	6.58365e-06	7.80171e-06	1.68851e-05	1.39459e-05	1.10184e-05	5.35211e-06	3.4171e-06	2.23759e-06	2.1181e-06	3.30339e-06	3.44216e-06	4.29595e-06	4.41159e-06	4.29595e-06	2.15279e-06	1.45126e-06	8.80776e-07	8.51866e-07	8.11393e-07	6.51427e-07	4.3557e-07	4.60625e-07	4.49061e-07	4.33642e-07	3.27641e-07	2.8524e-07	1.32984e-07	
0	0	0	0	0	0	0	0	0	0	0	0	0	0	-0.509607	0.404867	0.238011	0.15147	0.0964073	0.100366	0.0406435	0.0136194	0.00510597	0.00378958	0.00218181	0.00113176	0.00109211	0.000130457	0.000130689	9.28002e-05	0.000111659	3.77512e-05	2.76626e-05	5.12633e-06	4.96826e-06	4.68213e-06	4.85421e-06	4.69013e-06	4.392e-06	4.41201e-06	4.26594e-06	7.44739e-06	1.11351e-05	1.30359e-05	2.89292e-05	2.32666e-05	1.86205e-05	9.28422e-06	5.60255e-06	3.79373e-06	3.71369e-06	5.7206e-06	5.43047e-06	7.63147e-06	7.54543e-06	7.57745e-06	3.68968e-06	2.27103e-06	1.65675e-06	1.37663e-06	1.45066e-06	1.14452e-06	7.62347e-07	8.62392e-07	7.22329e-07	6.50296e-07	5.82265e-07	4.56207e-07	2.6412e-07	
0	0	0	0	0	0	0	0	0	0	0	0	0	0	0	-0.542207	0.423632	0.247674	0.157585	0.16411	0.0664737	0.0222723	0.00834786	0.00618555	0.00356814	0.00185484	0.00178889	0.000211741	0.000213075	0.000152345	0.000182448	6.0365e-05	4.55035e-05	8.09055e-06	7.81359e-06	8.0838e-06	7.80008e-06	7.47132e-06	7.14482e-06	7.37675e-06	6.81381e-06	1.21144e-05	1.78654e-05	2.12926e-05	4.71382e-05	3.74917e-05	3.02568e-05	1.54223e-05	8.9237e-06	5.94913e-06	6.1e-06	9.31776e-06	8.99576e-06	1.23036e-05	1.21392e-05	1.22878e-05	5.88609e-06	3.88428e-06	2.69535e-06	2.34408e-06	2.19321e-06	1.84419e-06	1.39384e-06	1.23846e-06	1.26098e-06	1.1529e-06	1.02004e-06	8.4666e-07	4.54854e-07	
0	0	0	0	0	0	0	0	0	0	0	0	0	0	0	0	-0.553127	0.426818	0.249642	0.259932	0.105249	0.0352822	0.0132213	0.0097907	0.00565391	0.00293075	0.00282718	0.000337485	0.000335845	0.000239606	0.000288308	9.70037e-05	7.19547e-05	1.29597e-05	1.22386e-05	1.21329e-05	1.26359e-05	1.25532e-05	1.18275e-05	1.17195e-05	1.03645e-05	1.92271e-05	2.92839e-05	3.38358e-05	7.48622e-05	6.02536e-05	4.82722e-05	2.35493e-05	1.40391e-05	9.56763e-06	9.69394e-06	1.44709e-05	1.40391e-05	1.91376e-05	1.9296e-05	1.92593e-05	9.42524e-06	6.35469e-06	4.12699e-06	3.66996e-06	3.72279e-06	2.94424e-06	2.08301e-06	2.28282e-06	1.81431e-06	1.70867e-06	1.59614e-06	1.36188e-06	7.67064e-07	
0	0	0	0	0	0	0	0	0	0	0	0	0	0	0	0	0	-0.554584	0.429424	0.411345	0.166542	0.0558008	0.0209138	0.0155237	0.008933	0.00464695	0.0044774	0.000533605	0.000531851	0.000382082	0.000457976	0.000152265	0.000113289	2.05852e-05	1.94461e-05	1.98358e-05	2.02256e-05	1.92025e-05	1.82119e-05	1.81539e-05	1.67688e-05	3.05333e-05	4.61514e-05	5.3573e-05	0.000118015	9.55647e-05	7.60142e-05	3.8855e-05	2.265e-05	1.51193e-05	1.49778e-05	2.27706e-05	2.31789e-05	3.06887e-05	3.01273e-05	3.01226e-05	1.48177e-05	9.58848e-06	6.65603e-06	5.78139e-06	5.80227e-06	4.84876e-06	3.44517e-06	3.14589e-06	3.08325e-06	2.86982e-06	2.55894e-06	2.10422e-06	1.24583e-06	
0	0	0	0	0	0	0	0	0	0	0	0	0	0	0	0	0	2.36062e-09	-0.562426	0.685409	0.26362	0.0883315	0.0331081	0.0245518	0.0141585	0.00734704	0.00708421	0.000846345	0.000844407	0.000603796	0.000722854	0.000242176	0.000181796	3.27748e-05	3.13301e-05	3.15709e-05	3.15142e-05	3.01852e-05	2.87311e-05	2.91772e-05	2.66136e-05	4.86334e-05	7.22915e-05	8.49445e-05	0.000186423	0.000150886	0.000122306	5.96764e-05	3.64102e-05	2.41916e-05	2.44324e-05	3.62426e-05	3.64951e-05	4.83148e-05	4.79016e-05	4.8022e-05	2.39036e-05	1.52874e-05	1.04623e-05	9.28195e-06	9.09074e-06	7.49024e-06	5.45067e-06	5.20752e-06	4.98562e-06	4.69763e-06	4.09095e-06	3.31667e-06	1.91682e-06	
0	0	0	0	0	0	0	0	0	0	0	0	0	0	0	0	0	0	0	-0.350001	0.551036	0.178899	0.0670538	0.0497193	0.0286718	0.0148846	0.014361	0.0017088	0.00170794	0.00122108	0.00146699	0.000489101	0.000366962	6.5917e-05	6.31241e-05	6.38027e-05	6.35797e-05	6.12256e-05	5.93367e-05	5.81711e-05	5.41764e-05	9.82107e-05	0.000146184	0.000171407	0.000379347	0.000305093	0.000244018	0.000121422	7.3335e-05	4.85388e-05	4.8546e-05	7.32277e-05	7.35447e-05	9.73705e-05	9.7972e-05	9.79443e-05	4.87558e-05	3.12812e-05	2.14259e-05	1.86643e-05	1.8316e-05	1.56303e-05	1.06653e-05	1.03447e-05	9.87097e-06	9.24537e-06	8.18342e-06	6.73695e-06	3.89583e-06	
0	0	0	0	0	0	0	0	0	0	0	0	0	0	0	0	0	0	0	9.95472e-09	-0.355626	0.45957	0.165825	0.122975	0.0708906	0.0368016	0.0354955	0.00423241	0.0042281	0.00302362	0.00362134	0.0012093	0.000903127	0.000163469	0.000157342	0.000157027	0.000157296	0.000151187	0.000144618	0.000145329	0.000132597	0.000241034	0.000362384	0.00042351	0.000935689	0.000756163	0.000604415	0.000301025	0.000181767	0.000120572	0.00012044	0.000180939	0.000181874	0.000243001	0.000241146	0.000239715	0.000120051	7.73693e-05	5.33038e-05	4.63056e-05	4.57158e-05	3.89167e-05	2.66762e-05	2.59905e-05	2.48308e-05	2.27652e-05	2.05142e-05	1.64415e-05	9.50925e-06	
0	0	0	0	0	0	0	0	0	0	0	0	0	0	0	0	0	0	0	0	8.26678e-08	-0.46205	0.383721	0.267645	0.154315	0.080085	0.0773002	0.00920127	0.0092036	0.00657408	0.00788264	0.00262941	0.00197424	0.000355403	0.000342486	0.000342588	0.000341759	0.000328829	0.000315688	0.000316093	0.000288631	0.00052724	0.000786299	0.000919024	0.00203638	0.00164408	0.00131737	0.000656514	0.000394921	0.000262956	0.000264384	0.000393223	0.000394427	0.000523808	0.000525364	0.000523761	0.000260281	0.000168167	0.000114924	0.000100695	9.89913e-05	8.42712e-05	5.83273e-05	5.64604e-05	5.33604e-05	5.00037e-05	4.37588e-05	3.59674e-05	2.0791e-05	
0	0	0	0	0	0	0	0	0	0	0	0	0	0	0	0	0	0	0	0	0	3.00058e-07	-0.590664	0.502148	0.269422	0.139852	0.134934	0.016084	0.0160735	0.0114829	0.0137805	0.00459458	0.0034468	0.000620086	0.000595342	0.000598471	0.000595923	0.000574097	0.000549503	0.000551325	0.000505394	0.000918907	0.00138035	0.00160823	0.00356095	0.00287429	0.00230083	0.00114324	0.000689405	0.000456777	0.000459014	0.000690268	0.000688679	0.000917897	0.00091911	0.000918615	0.000455705	0.000291777	0.000200211	0.000174912	0.000172429	0.000147028	0.00010199	9.77332e-05	9.33743e-05	8.66927e-05	7.72516e-05	6.384e-05	3.68214e-05	
0	0	0	0	0	0	0	0	0	0	0	0	0	0	0	0	0	0	0	0	0	0	7.3086e-07	-0.544914	0.474798	0.231587	0.223372	0.0266034	0.0266081	0.019012	0.0227973	0.00760643	0.00569957	0.00102323	0.000988984	0.000987894	0.000985905	0.000950693	0.000913506	0.000912874	0.000835348	0.00152091	0.00228174	0.00265711	0.00589147	0.00475313	0.00379764	0.00189964	0.00114171	0.000759891	0.000759327	0.001141	0.00113857	0.00152112	0.00152288	0.00151435	0.000756287	0.000486586	0.000332413	0.000291751	0.000285386	0.00024292	0.000169344	0.000162831	0.000154047	0.0001423	0.000127557	0.000103778	6.05972e-05	
0	0	0	0	0	0	0	0	0	0	0	0	0	0	0	0	0	0	0	0	0	0	0	2.35295e-06	-0.552848	0.429156	0.386521	0.0460385	0.0460595	0.0328865	0.0394633	0.0131552	0.00987342	0.00177886	0.00170772	0.00171233	0.00171009	0.00164657	0.00157711	0.00157824	0.00144698	0.00262783	0.00394822	0.00460407	0.0101908	0.00822218	0.00657643	0.00329157	0.0019747	0.00131593	0.00131722	0.00196919	0.0019731	0.00262657	0.00262906	0.00262209	0.0013056	0.000838318	0.000576069	0.000505054	0.000494939	0.000421728	0.000292118	0.000279969	0.0002677	0.00024711	0.000221363	0.000180967	0.000104582	
0	0	0	0	0	0	0	0	0	0	0	0	0	0	0	0	0	0	0	0	0	0	0	0	7.92847e-06	-0.563843	0.679464	0.0770992	0.0771209	0.0550556	0.0661075	0.0220203	0.0165329	0.00297191	0.00286129	0.00286207	0.00285955	0.00274959	0.00264443	0.00264767	0.00242025	0.00440422	0.00660802	0.00771276	0.0170706	0.0137774	0.0110057	0.00550208	0.00330262	0.00220229	0.00220506	0.00330314	0.00331117	0.00440522	0.00440883	0.0043977	0.00218465	0.00140449	0.000962543	0.000844433	0.000828093	0.000704052	0.000489308	0.000469411	0.000445753	0.000416143	0.000370412	0.000303199	0.000174707	
0	0	0	0	0	0	0	0	0	0	0	0	0	0	0	0	0	0	0	0	0	0	0	0	0	1.67474e-05	-0.394332	0.173678	0.159139	0.112552	0.135125	0.0450399	0.0337789	0.00607892	0.00585368	0.00585974	0.005857	0.00562981	0.00540036	0.00540064	0.0049562	0.00900084	0.0135083	0.0157598	0.0348957	0.0281298	0.0225113	0.0112559	0.00675329	0.00450572	0.00450407	0.00675467	0.00675781	0.00900402	0.00900222	0.00898345	0.0044687	0.00288196	0.00196854	0.00172884	0.00169349	0.00144256	0.000999216	0.000963329	0.000913883	0.000849466	0.000756802	0.000618177	0.000358721	
0	0	0	0	0	0	0	0	0	0	0	0	0	0	0	0	0	0	0	0	0	0	0	0	0	0	0.00043106	-0.728373	0.335068	0.191912	0.226764	0.0756152	0.0567222	0.0102114	0.00983982	0.00982666	0.0098223	0.00946222	0.00907838	0.00904622	0.00831162	0.0151161	0.0226648	0.0264541	0.0585913	0.047241	0.0378191	0.0189161	0.0113415	0.00755613	0.0075681	0.0113508	0.0113367	0.0151331	0.0151008	0.0150933	0.00750685	0.00483009	0.00330935	0.00289534	0.00283867	0.00242176	0.00168277	0.00161882	0.00153556	0.00142412	0.00127191	0.00104059	0.000602274	
0	0	0	0	0	0	0	0	0	0	0	0	0	0	0	0	0	0	0	0	0	0	0	0	0	0	0	0.00052349	-0.705824	0.291287	0.285335	0.0936664	0.0702489	0.0126535	0.0121856	0.0121837	0.0121903	0.0116985	0.0112278	0.0112378	0.0103124	0.018745	0.0281156	0.0327901	0.0726188	0.0585699	0.0468438	0.0234272	0.0140573	0.00937671	0.00937589	0.0140428	0.014063	0.0187421	0.0187106	0.0186922	0.00929802	0.00599154	0.00409435	0.0035934	0.00352221	0.00300675	0.00207586	0.00200523	0.00190147	0.00177082	0.00157741	0.0012942	0.000745794	
0	0	0	0	0	0	0	0	0	0	0	0	0	0	0	0	0	0	0	0	0	0	0	0	0	0	0	0	0.000902843	-0.711995	0.419709	0.117994	0.0882485	0.0158731	0.0152917	0.0152902	0.0152919	0.0147035	0.0141272	0.0141223	0.012949	0.023548	0.0353016	0.0412059	0.0911626	0.0735165	0.0588392	0.0294142	0.0176462	0.0117688	0.0117776	0.0176639	0.0176563	0.0235328	0.0235308	0.0234746	0.0116596	0.00751155	0.00514016	0.00451185	0.00442279	0.00377179	0.00260623	0.00250972	0.00239027	0.00221538	0.00198273	0.00162347	0.000932262	
0	0	0	0	0	0	0	0	0	0	0	0	0	0	0	0	0	0	0	0	0	0	0	0	0	0	0	0	0	0.000903852	-0.617808	0.189432	0.125831	0.0216096	0.0205871	0.0204677	0.0203538	0.0195175	0.0186854	0.0186818	0.0170747	0.0310727	0.0465906	0.0543312	0.120339	0.0970446	0.0776591	0.0388236	0.0233065	0.015528	0.0155351	0.0232937	0.0233098	0.0310664	0.0310375	0.0309739	0.0153872	0.00991839	0.00678977	0.0059627	0.00583258	0.00498216	0.00343781	0.00332563	0.00315853	0.00292524	0.00261345	0.00213229	0.00123595	
0	0	0	0	0	0	0	0	0	0	0	0	0	0	0	0	0	0	0	0	0	0	0	0	0	0	0	0	0	0	0.00421334	-0.77945	0.197794	0.0332163	0.0310791	0.0301882	0.0292877	0.0273905	0.0256465	0.0251399	0.0226288	0.0404478	0.0596697	0.0689737	0.152375	0.12281	0.0983156	0.0490984	0.029524	0.0196826	0.019649	0.0294647	0.0294797	0.0392921	0.0392921	0.0392032	0.0195087	0.0125443	0.0085947	0.0075554	0.00738699	0.00629684	0.00436125	0.0041806	0.00400765	0.00371638	0.00330027	0.00269865	0.00156424	
0	0	0	0	0	0	0	0	0	0	0	0	0	0	0	0	0	0	0	0	0	0	0	0	0	0	0	0	0	0	3.0414e-06	0.00666152	-0.847056	0.0420074	0.0399961	0.0393761	0.0385981	0.0362935	0.0340015	0.0330585	0.0294847	0.0515542	0.0730287	0.0810531	0.174389	0.140131	0.112168	0.0560528	0.033617	0.0224066	0.0224319	0.0336246	0.0336442	0.0448623	0.044832	0.0447353	0.0222484	0.0143236	0.0098192	0.0086094	0.00843647	0.00718948	0.00497794	0.00478927	0.00455425	0.00423366	0.00378224	0.0030798	0.00178751	
0	0	0	0	0	0	0	0	0	0	0	0	0	0	0	0	0	0	0	0	0	0	0	0	0	0	0	0	0	0	7.10871e-08	7.73427e-05	0.0271461	-1.02979	0.0441424	0.0438439	0.0435575	0.0413955	0.0391827	0.0383862	0.0343721	0.060387	0.0848537	0.0913083	0.189652	0.150885	0.120591	0.0603187	0.0362789	0.0241728	0.0242049	0.0361951	0.0361869	0.0482993	0.0481906	0.0480835	0.0238932	0.0154642	0.010568	0.00920428	0.00907362	0.00775112	0.00535549	0.00514564	0.00489598	0.00459421	0.00406796	0.00332396	0.00192411	
0	0	0	0	0	0	0	0	0	0	0	0	0	0	0	0	0	0	0	0	0	0	0	0	0	0	0	0	0	0	0	2.8383e-05	0.00986943	0.0183414	-1.05304	0.0452466	0.0448609	0.0429201	0.0406053	0.0400244	0.0359784	0.0633471	0.0893024	0.09548	0.195237	0.154562	0.123405	0.0618177	0.0371353	0.0247521	0.0246544	0.0370824	0.037085	0.0493944	0.0493489	0.0493337	0.0245703	0.0158108	0.0107981	0.00947044	0.00928021	0.00793539	0.00546125	0.00528043	0.00505084	0.00465363	0.00415422	0.00341626	0.00197221	
0	0	0	0	0	0	0	0	0	0	0	0	0	0	0	0	0	0	0	0	0	0	0	0	0	0	0	0	0	0	0	1.14906e-05	0.0036792	0.00680707	0.0183131	-1.05862	0.0461844	0.0442241	0.0420874	0.0415062	0.0375632	0.0662863	0.0939123	0.100339	0.201727	0.158237	0.126621	0.0633596	0.0378888	0.0253155	0.0252763	0.0377916	0.0378714	0.0506275	0.0506173	0.0504968	0.0250609	0.0161823	0.0110804	0.00970908	0.0095903	0.0081113	0.00561863	0.00544152	0.00513559	0.00476642	0.00425066	0.00349696	0.00201891	
0	0	0	0	0	0	0	0	0	0	0	0	0	0	0	0	0	0	0	0	0	0	0	0	0	0	0	0	0	0	0	3.94347e-06	0.00135756	0.0025079	0.00685798	0.018825	-1.05492	0.0455023	0.0435109	0.0430251	0.0390001	0.0691781	0.0987028	0.105541	0.208872	0.162383	0.129681	0.0648274	0.0388214	0.0260092	0.0259745	0.0387709	0.0387866	0.0519335	0.0518051	0.0517645	0.0257547	0.0165248	0.011334	0.00996263	0.00975815	0.00829541	0.0057556	0.00557872	0.00522416	0.00488115	0.0043637	0.00358519	0.0020448	
0	0	0	0	0	0	0	0	0	0	0	0	0	0	0	0	0	0	0	0	0	0	0	0	0	0	0	0	0	0	0	7.27237e-07	0.000505866	0.000952753	0.00257667	0.00716307	0.0195833	-1.04959	0.0448723	0.044448	0.0403246	0.0720034	0.103494	0.111204	0.216794	0.166401	0.132783	0.0665079	0.039904	0.0265466	0.0265565	0.0398723	0.0398559	0.0530805	0.0531773	0.0529879	0.0264044	0.0169318	0.0116266	0.0101626	0.00998526	0.00855253	0.00585557	0.00566758	0.00538963	0.00499968	0.00451149	0.0036444	0.0021039	
0	0	0	0	0	0	0	0	0	0	0	0	0	0	0	0	0	0	0	0	0	0	0	0	0	0	0	0	0	0	0	8.10018e-07	0.000197792	0.000370105	0.00101937	0.00276238	0.00769009	0.0198925	-1.04079	0.0458687	0.0417203	0.074816	0.108104	0.116862	0.225539	0.170452	0.136237	0.0680954	0.0408378	0.0272323	0.0272869	0.0407657	0.040802	0.0543968	0.0543754	0.0543519	0.0269906	0.0174577	0.0118965	0.0103905	0.0102614	0.00870527	0.00602573	0.00580916	0.00553095	0.00514119	0.00456872	0.00371931	0.0021679	
0	0	0	0	0	0	0	0	0	0	0	0	0	0	0	0	0	0	0	0	0	0	0	0	0	0	0	0	0	0	0	2.83748e-07	7.59025e-05	0.000146485	0.00040051	0.00113591	0.0030993	0.0080258	0.0198093	-1.02223	0.0430005	0.0772456	0.112662	0.122817	0.235291	0.175115	0.139457	0.0696459	0.041873	0.0278674	0.0278641	0.0417981	0.0417999	0.0557884	0.0558121	0.0555626	0.0276286	0.017823	0.0121306	0.0106968	0.0105092	0.00893237	0.00615718	0.00599317	0.00565963	0.0052538	0.00470163	0.00387131	0.00218486	
0	0	0	0	0	0	0	0	0	0	0	0	0	0	0	0	0	0	0	0	0	0	0	0	0	0	0	0	0	0	0	7.43059e-08	3.03911e-05	6.16739e-05	0.000168749	0.000461663	0.00128126	0.00329955	0.00823451	0.0210736	-1.00329	0.0797323	0.116769	0.128425	0.245946	0.179636	0.142688	0.0713231	0.0428722	0.0285223	0.0284677	0.0429432	0.0427924	0.0570347	0.057151	0.0571291	0.0282011	0.0183178	0.0124558	0.0109322	0.0107353	0.00911719	0.00628903	0.00611493	0.00580255	0.00537328	0.00480462	0.00393301	0.00227175	
0	0	0	0	0	0	0	0	0	0	0	0	0	0	0	0	0	0	0	0	0	0	0	0	0	0	0	0	0	0	0	0	1.026e-05	1.97457e-05	5.12614e-05	0.000149409	0.000411756	0.00107808	0.0027071	0.00687592	0.015319	-0.950617	0.122449	0.136352	0.261895	0.18667	0.147473	0.073859	0.0442634	0.0294869	0.0295343	0.0442427	0.0443033	0.0590342	0.0590083	0.0588594	0.0292974	0.0188234	0.0129315	0.0113028	0.0111055	0.00944948	0.00655678	0.0063074	0.00596107	0.00557805	0.004954	0.00405991	0.00234823	
0	0	0	0	0	0	0	0	0	0	0	0	0	0	0	0	0	0	0	0	0	0	0	0	0	0	0	0	0	0	0	0	1.52476e-06	3.16864e-06	9.43446e-06	2.28238e-05	6.89478e-05	0.00017387	0.000445564	0.00113383	0.00255247	0.0166888	-0.891709	0.149102	0.291461	0.200504	0.156173	0.077997	0.0467943	0.0311767	0.0312248	0.0467677	0.0468096	0.0623314	0.0624328	0.0622334	0.0309569	0.0199468	0.013635	0.0119874	0.0117529	0.0099899	0.00690354	0.00667724	0.00633214	0.00588903	0.00526762	0.00430897	0.00249062	
0	0	0	0	0	0	0	0	0	0	0	0	0	0	0	0	0	0	0	0	0	0	0	0	0	0	0	0	0	0	0	0	1.48477e-07	2.78395e-07	5.9391e-07	2.17148e-06	5.41943e-06	1.52561e-05	3.94579e-05	0.000100761	0.000226502	0.00149944	0.018026	-0.849956	0.335843	0.225408	0.169192	0.0842674	0.0505628	0.0337444	0.0336911	0.0505999	0.0505273	0.0673458	0.0674055	0.0672264	0.0334267	0.0215428	0.0147587	0.0129364	0.0126545	0.0107972	0.00747248	0.00720543	0.00684372	0.0063765	0.00567308	0.00462519	0.00269364	
0	0	0	0	0	0	0	0	0	0	0	0	0	0	0	0	0	0	0	0	0	0	0	0	0	0	0	0	0	0	0	0	7.10655e-09	0	4.26393e-08	4.26393e-08	1.49238e-07	4.33499e-07	1.29339e-06	2.78577e-06	6.75122e-06	4.56311e-05	0.000565703	0.00924109	-0.704527	0.297561	0.205585	0.0989001	0.0591256	0.0394112	0.0393715	0.0590996	0.0590856	0.0787491	0.0787567	0.0785525	0.0390085	0.0251646	0.017209	0.0150962	0.014815	0.0126248	0.0087378	0.0084133	0.00800298	0.00744143	0.00662224	0.00541906	0.00312987	
0	0	0	0	0	0	0	0	0	0	0	0	0	0	0	0	0	0	0	0	0	0	0	0	0	0	0	0	0	0	0	0	0	0	0	0	0	0	0	2.13535e-08	1.42357e-08	1.49475e-07	1.78658e-06	2.93398e-05	0.0151779	-0.700367	0.294951	0.130749	0.0754139	0.0496879	0.0493976	0.0738792	0.0738036	0.0982872	0.0983029	0.0980655	0.0487459	0.0313907	0.0215055	0.0188553	0.0184926	0.0157424	0.0109122	0.0105083	0.00999932	0.00927093	0.00826963	0.00677609	0.00391266	
0	0	0	0	0	0	0	0	0	0	0	0	0	0	0	0	0	0	0	0	0	0	0	0	0	0	0	0	0	0	0	0	0	0	0	0	0	0	0	0	0	7.3265e-09	1.4653e-08	4.02958e-07	0.000160348	0.0233078	-0.712641	0.188019	0.104393	0.0665106	0.0645467	0.0943979	0.0928781	0.122998	0.122767	0.122508	0.0609065	0.0392515	0.0268427	0.0235698	0.0231161	0.0196724	0.0136106	0.0131381	0.0124691	0.0115995	0.0103463	0.00846065	0.00488131	
0	0	0	0	0	0	0	0	0	0	0	0	0	0	0	0	0	0	0	0	0	0	0	0	0	0	0	0	0	0	0	0	0	0	0	0	0	0	0	0	0	0	0	0	6.86733e-06	0.000935137	0.0508785	-0.837217	0.139421	0.0883025	0.0844798	0.120206	0.114501	0.148312	0.14681	0.146265	0.0727105	0.0468366	0.0320512	0.0281273	0.0276001	0.0235315	0.0162859	0.0156967	0.0149256	0.0138394	0.0123304	0.0100954	0.00584931	
0	0	0	0	0	0	0	0	0	0	0	0	0	0	0	0	0	0	0	0	0	0	0	0	0	0	0	0	0	0	0	0	0	0	0	0	0	0	0	0	0	0	0	0	1.28634e-06	0.000192066	0.010306	0.067965	-0.918361	0.105351	0.101093	0.143191	0.133935	0.169071	0.164654	0.163604	0.0813065	0.0523819	0.035859	0.0314172	0.0308551	0.0262849	0.0181802	0.0175396	0.01664	0.0154855	0.0138207	0.0112855	0.00655091	
0	0	0	0	0	0	0	0	0	0	0	0	0	0	0	0	0	0	0	0	0	0	0	0	0	0	0	0	0	0	0	0	0	0	0	0	0	0	0	0	0	0	0	0	5.94805e-07	7.64749e-05	0.00389985	0.0258613	0.0702107	-0.961551	0.113816	0.161812	0.150468	0.186706	0.179106	0.176747	0.0877377	0.0565204	0.0386998	0.0340086	0.0333398	0.028396	0.0196102	0.0189249	0.0180177	0.0166996	0.0149489	0.0121791	0.00704705	
0	0	0	0	0	0	0	0	0	0	0	0	0	0	0	0	0	0	0	0	0	0	0	0	0	0	0	0	0	0	0	0	0	0	0	0	0	0	0	0	0	0	0	0	2.38388e-07	3.46722e-05	0.00185932	0.0121717	0.0332019	0.0586776	-0.953631	0.179261	0.16706	0.205019	0.193063	0.189343	0.0939043	0.0604481	0.041409	0.0362897	0.0355458	0.0303576	0.0209677	0.020257	0.0192687	0.0178742	0.0159358	0.0130161	0.00755909	
0	0	0	0	0	0	0	0	0	0	0	0	0	0	0	0	0	0	0	0	0	0	0	0	0	0	0	0	0	0	0	0	0	0	0	0	0	0	0	0	0	0	0	0	1.57897e-07	1.54265e-05	0.0007634	0.00488924	0.0133114	0.0235835	0.0529794	-0.880743	0.19224	0.234438	0.215763	0.20828	0.102937	0.0662805	0.0454182	0.0398047	0.0389977	0.0332544	0.0229968	0.0222026	0.0210944	0.0195607	0.0174785	0.0142804	0.00825693	
0	0	0	0	0	0	0	0	0	0	0	0	0	0	0	0	0	0	0	0	0	0	0	0	0	0	0	0	0	0	0	0	0	0	0	0	0	0	0	0	0	0	0	0	3.95224e-08	5.7044e-06	0.000261612	0.00163187	0.00436744	0.00769263	0.017381	0.0742212	-0.833652	0.280944	0.253243	0.237495	0.116397	0.0749136	0.0512513	0.0449704	0.0440797	0.0375521	0.0259792	0.025064	0.023795	0.0221102	0.0196995	0.0161052	0.00932677	
0	0	0	0	0	0	0	0	0	0	0	0	0	0	0	0	0	0	0	0	0	0	0	0	0	0	0	0	0	0	0	0	0	0	0	0	0	0	0	0	0	0	0	0	7.25323e-09	1.81331e-06	7.82623e-05	0.000480896	0.00125897	0.00218586	0.00486872	0.0207609	0.0702986	-0.706922	0.321237	0.289954	0.138705	0.088718	0.0606989	0.05318	0.0521698	0.0443861	0.0307625	0.0296308	0.028124	0.0261158	0.0233309	0.0190781	0.0110433	
0	0	0	0	0	0	0	0	0	0	0	0	0	0	0	0	0	0	0	0	0	0	0	0	0	0	0	0	0	0	0	0	0	0	0	0	0	0	0	0	0	0	0	0	0	4.22669e-07	2.01814e-05	0.000122809	0.000313394	0.000542135	0.0011826	0.00492801	0.0163566	0.094887	-0.596927	0.392507	0.180056	0.113234	0.0768737	0.067175	0.0657911	0.0559756	0.0387466	0.0373249	0.0354727	0.0329713	0.0294017	0.0240324	0.0139221	
0	0	0	0	0	0	0	0	0	0	0	0	0	0	0	0	0	0	0	0	0	0	0	0	0	0	0	0	0	0	0	0	0	0	0	0	0	0	0	0	0	0	0	0	0	1.43783e-07	5.69463e-06	3.38377e-05	8.72846e-05	0.000147497	0.00032041	0.00131252	0.00423311	0.0236196	0.119585	-0.44605	0.263183	0.160614	0.106938	0.092378	0.0897518	0.0760391	0.0524991	0.0505304	0.0479966	0.044551	0.0397458	0.0325075	0.0188118	
0	0	0	0	0	0	0	0	0	0	0	0	0	0	0	0	0	0	0	0	0	0	0	0	0	0	0	0	0	0	0	0	0	0	0	0	0	0	0	0	0	0	0	0	0	4.37003e-08	2.48218e-06	1.39491e-05	3.69442e-05	6.14077e-05	0.000134837	0.000546599	0.00175133	0.0095111	0.0461083	0.234475	-0.523034	0.224131	0.146962	0.125167	0.120065	0.100693	0.0691333	0.0663751	0.0628689	0.0583084	0.0519564	0.0425057	0.0245909	
0	0	0	0	0	0	0	0	0	0	0	0	0	0	0	0	0	0	0	0	0	0	0	0	0	0	0	0	0	0	0	0	0	0	0	0	0	0	0	0	0	0	0	0	0	3.80793e-08	1.55649e-06	9.4984e-06	2.384e-05	4.00166e-05	8.72206e-05	0.000351436	0.00112466	0.00607162	0.0289112	0.142727	0.225692	-0.560208	0.187423	0.158479	0.150602	0.125209	0.0853052	0.0814803	0.076932	0.0711452	0.0633734	0.0517393	0.0299292	
0	0	0	0	0	0	0	0	0	0	0	0	0	0	0	0	0	0	0	0	0	0	0	0	0	0	0	0	0	0	0	0	0	0	0	0	0	0	0	0	0	0	0	0	0	2.49211e-08	1.12699e-06	7.08867e-06	1.79653e-05	3.04231e-05	6.58692e-05	0.000267655	0.000853356	0.00461776	0.0217985	0.105546	0.164523	0.208891	-0.592338	0.192373	0.181982	0.150148	0.101764	0.0967306	0.0909176	0.0838352	0.074441	0.0607385	0.0351167	
0	0	0	0	0	0	0	0	0	0	0	0	0	0	0	0	0	0	0	0	0	0	0	0	0	0	0	0	0	0	0	0	0	0	0	0	0	0	0	0	0	0	0	0	0	1.07037e-08	9.3657e-07	5.77997e-06	1.43081e-05	2.51134e-05	5.40749e-05	0.000221707	0.000706915	0.00379378	0.0178578	0.0854523	0.131327	0.165601	0.180609	-0.577943	0.216666	0.178045	0.120083	0.113544	0.106303	0.0976251	0.086443	0.0703864	0.0406382	
0	0	0	0	0	0	0	0	0	0	0	0	0	0	0	0	0	0	0	0	0	0	0	0	0	0	0	0	0	0	0	0	0	0	0	0	0	0	0	0	0	0	0	0	0	9.45993e-09	7.80444e-07	4.8222e-06	1.25202e-05	2.13463e-05	4.61644e-05	0.000186372	0.000599511	0.00320064	0.0150836	0.0715467	0.108585	0.13571	0.147274	0.18693	-0.536396	0.215168	0.144547	0.136111	0.126745	0.115818	0.102099	0.0828985	0.0477983	
0	0	0	0	0	0	0	0	0	0	0	0	0	0	0	0	0	0	0	0	0	0	0	0	0	0	0	0	0	0	0	0	0	0	0	0	0	0	0	0	0	0	0	0	0	1.2338e-08	7.15607e-07	4.13325e-06	1.08723e-05	1.87637e-05	4.02911e-05	0.000163987	0.000518901	0.00279397	0.0131101	0.0618841	0.0930606	0.115192	0.124213	0.156989	0.220016	-0.521806	0.177508	0.166601	0.154409	0.14034	0.123017	0.0994371	0.0571612	
0	0	0	0	0	0	0	0	0	0	0	0	0	0	0	0	0	0	0	0	0	0	0	0	0	0	0	0	0	0	0	0	0	0	0	0	0	0	0	0	0	0	0	0	0	9.88195e-09	5.89623e-07	3.73867e-06	9.88195e-06	1.66577e-05	3.6639e-05	0.000148486	0.00047103	0.00254797	0.0119307	0.0561736	0.084016	0.103301	0.110665	0.139181	0.194319	0.233482	-0.55652	0.201813	0.186451	0.168749	0.147191	0.11832	0.0677829	
0	0	0	0	0	0	0	0	0	0	0	0	0	0	0	0	0	0	0	0	0	0	0	0	0	0	0	0	0	0	0	0	0	0	0	0	0	0	0	0	0	0	0	0	0	1.62373e-08	5.91039e-07	3.61768e-06	9.79111e-06	1.56528e-05	3.44264e-05	0.000138995	0.000443153	0.00238691	0.0112043	0.0527331	0.0785338	0.0961168	0.102488	0.128295	0.178362	0.213538	0.196776	-0.522998	0.225252	0.203131	0.176328	0.141074	0.0804616	
0	0	0	0	0	0	0	0	0	0	0	0	0	0	0	0	0	0	0	0	0	0	0	0	0	0	0	0	0	0	0	0	0	0	0	0	0	0	0	0	0	0	0	0	3.30858e-09	6.61715e-09	5.16138e-07	3.40783e-06	8.90669e-06	1.50209e-05	3.27715e-05	0.000133412	0.000422661	0.00228651	0.0107419	0.0504771	0.0750202	0.0914821	0.0971076	0.121039	0.16745	0.199576	0.183175	0.227149	-0.481778	0.25396	0.219549	0.174676	0.0990103	
0	0	0	0	0	0	0	0	0	0	0	0	0	0	0	0	0	0	0	0	0	0	0	0	0	0	0	0	0	0	0	0	0	0	0	0	0	0	0	0	0	0	0	0	3.54312e-09	7.08624e-09	5.77528e-07	3.41202e-06	8.86842e-06	1.47004e-05	3.19377e-05	0.000131035	0.000420129	0.00224892	0.0105666	0.0497041	0.0738097	0.0897231	0.0949822	0.117865	0.162224	0.192358	0.175856	0.217208	0.2695	-0.42874	0.289252	0.228652	0.12869	
0	0	0	0	0	0	0	0	0	0	0	0	0	0	0	0	0	0	0	0	0	0	0	0	0	0	0	0	0	0	0	0	0	0	0	0	0	0	0	0	0	0	0	0	0	0	5.65737e-07	3.66284e-06	8.94442e-06	1.55763e-05	3.27797e-05	0.000134418	0.00043098	0.00232026	0.0109056	0.0512139	0.0760062	0.0922921	0.0974804	0.12061	0.165342	0.194918	0.177269	0.218052	0.269289	0.334367	-0.354739	0.328762	0.183495	
0	0	0	0	0	0	0	0	0	0	0	0	0	0	0	0	0	0	0	0	0	0	0	0	0	0	0	0	0	0	0	0	0	0	0	0	0	0	0	0	0	0	0	0	0	2.29173e-08	6.76061e-07	3.70115e-06	1.04961e-05	1.73656e-05	3.74928e-05	0.000153231	0.000482822	0.00261946	0.0123024	0.0577895	0.0857548	0.104055	0.109735	0.135482	0.185197	0.217304	0.196712	0.240585	0.295539	0.36476	0.453604	-0.234286	0.31553	
0	0	0	0	0	0	0	0	0	0	0	0	0	0	0	0	0	0	0	0	0	0	0	0	0	0	0	0	0	0	0	0	0	0	0	0	0	0	0	0	0	0	0	0	0	1.4454e-08	1.01178e-06	5.82495e-06	1.47864e-05	2.40803e-05	5.46649e-05	0.000223834	0.000717928	0.00383692	0.0180391	0.0846762	0.125625	0.152286	0.16065	0.198213	0.270187	0.316103	0.285054	0.347275	0.424002	0.519571	0.640805	0.798418	-0.0106334	  ); 
