numberOfGroups 69; 
capture ( 0.00475307   0.00154657  0.000318075  0.000832402   0.00156925   0.00182166   0.00170344    0.0018232   0.00227343   0.00307464   0.00447931   0.00618968   0.00754496   0.00918373    0.0114066    0.0123828    0.0155845    0.0155905    0.0197046    0.0243962    0.0359592    0.0510516    0.0593185    0.0918365     0.115456    0.0495268     0.130577    0.0135029     0.125097    0.0313488    0.0305391     0.099296     0.429757      1.63394      3.87184      12.1717      25.0045      15.2276      5.17901      2.19748      1.23855     0.712349     0.380687     0.218843     0.128902     0.130845     0.163443     0.377561     0.795841      1.20944      1.30308      1.01417     0.636669     0.390461     0.267876     0.218107     0.207043     0.209805     0.216184      0.22453     0.236203     0.251721     0.268853     0.288525     0.315368     0.353932     0.415216     0.530917     0.834949); 
fission ( 0.012805   0.0083495   0.0087989   0.0069826   0.0019785   0.0013012   0.0010997   0.0010421   0.0010491   0.0010856   0.0011121   0.0011578   0.0012675   0.0014048   0.0016449   0.0019839   0.0026159   0.0027164   0.0044424   0.0062212    0.010968    0.018583    0.034313    0.011165    0.027447    0.077906    0.036606    0.010579   0.0094037   0.0095072    0.011752    0.015375     0.01876    0.022178    0.023342     0.02602    0.029953    0.027723    0.025441    0.025274    0.025721    0.026726    0.028949    0.032802    0.045034    0.081818     0.19571     0.52467      1.1131      1.6631      1.8128      1.4375     0.91036     0.55758     0.38506     0.32465     0.31994     0.33239     0.34847     0.36676     0.39049     0.42045      0.4521     0.48729     0.53395     0.59913     0.70011     0.88685      1.3744); 
nu ( 3.546      3.1136      2.8594      2.7544        2.93       2.959      2.9281      2.9072      2.8932      2.8843      2.8781      2.8743      2.8719      2.8697      2.8699      2.8681      2.8691      2.8675      2.8699      2.8546      2.8542      2.8632      2.8627      2.8401      2.8484      2.8621      2.8857      2.8744      2.8654      2.8804      2.8739      2.8748      2.8579      2.8242      2.8269      2.8364      2.8469      2.8482      2.8482      2.8498      2.8515      2.8534      2.8554      2.8566      2.8568      2.8559      2.8529      2.8518      2.8514      2.8516      2.8527      2.8557      2.8598      2.8622      2.8641       2.866      2.8672      2.8678      2.8683      2.8686       2.869      2.8693      2.8696      2.8698      2.8701      2.8703      2.8706      2.8708      2.8709); 
chi (   0.0282898173  0.1183020725  0.2168801329  0.2306991413  0.1740021066  0.1088300667  0.0615092377  0.0315178193  0.0154847095  0.0075409246  0.0036181022  0.0017327111  0.0008349855  0.0004029362  0.0001841111  0.0000832601  0.0000423436  0.0000215158  0.0000115916  0.0000088102  0.0000025484  0.0000006589  0.0000001347  0.0000001602  0.0000000582  0.0000000146  0.0000000146  0.0000000036  0.0000000073  0.0000000000  0.0000000036  0.0000000000  0.0000000000  0.0000000000  0.0000000000  0.0000000000  0.0000000000  0.0000000000  0.0000000000  0.0000000000  0.0000000000  0.0000000000  0.0000000000  0.0000000000  0.0000000000  0.0000000000  0.0000000000  0.0000000000  0.0000000000  0.0000000000  0.0000000000  0.0000000000  0.0000000000  0.0000000000  0.0000000000  0.0000000000  0.0000000000  0.0000000000  0.0000000000  0.0000000000  0.0000000000  0.0000000000  0.0000000000  0.0000000000  0.0000000000  0.0000000000  0.0000000000  0.0000000000  0.0000000000 ); 
 scatteringMultiplicity ( 
1	1	1.00796	1.04638	1.11403	1.19331	1.27808	1.35718	1.40928	1.47224	1.50937	1.53981	1.55397	1.61467	1.6427	1.69312	1.6	1.61905	1.76923	1.64706	1.66667	2	1	1	1	1	2	2	2	2	2	2	2	1	1	1	1	1	1	1	1	2	1	1	1	2	2	1	1	1	1	1	1	1	2	1	1	1	1	1	2	1	1	1	2	1	1	1	1	
1	1	1	1	1	1.00006	1.00016	1.00026	1.0004	1.00056	1.00048	1.00032	1.00061	1.00052	1.00161	1.00087	1	1.00392	1	1	1.02174	1	1	1	1	1	1	1	1	1	1	1	1	1	1	1	1	1	1	1	1	1	1	1	1	1	1	1	1	1	1	1	1	1	1	1	1	1	1	1	1	1	1	1	1	1	1	1	1	
1	1	1	1	1	1	1	1	1	1	1	1	1	1	1	1	1	1	1	1	1	1	1	1	1	1	1	1	1	1	1	1	1	1	1	1	1	1	1	1	1	1	1	1	1	1	1	1	1	1	1	1	1	1	1	1	1	1	1	1	1	1	1	1	1	1	1	1	1	
1	1	1	1	1	1	1	1	1	1	1	1	1	1	1	1	1	1	1	1	1	1	1	1	1	1	1	1	1	1	1	1	1	1	1	1	1	1	1	1	1	1	1	1	1	1	1	1	1	1	1	1	1	1	1	1	1	1	1	1	1	1	1	1	1	1	1	1	1	
1	1	1	1	1	1	1	1	1	1	1	1	1	1	1	1	1	1	1	1	1	1	1	1	1	1	1	1	1	1	1	1	1	1	1	1	1	1	1	1	1	1	1	1	1	1	1	1	1	1	1	1	1	1	1	1	1	1	1	1	1	1	1	1	1	1	1	1	1	
1	1	1	1	1	1	1	1	1	1	1	1	1	1	1	1	1	1	1	1	1	1	1	1	1	1	1	1	1	1	1	1	1	1	1	1	1	1	1	1	1	1	1	1	1	1	1	1	1	1	1	1	1	1	1	1	1	1	1	1	1	1	1	1	1	1	1	1	1	
1	1	1	1	1	1	1	1	1	1	1	1	1	1	1	1	1	1	1	1	1	1	1	1	1	1	1	1	1	1	1	1	1	1	1	1	1	1	1	1	1	1	1	1	1	1	1	1	1	1	1	1	1	1	1	1	1	1	1	1	1	1	1	1	1	1	1	1	1	
1	1	1	1	1	1	1	1	1	1	1	1	1	1	1	1	1	1	1	1	1	1	1	1	1	1	1	1	1	1	1	1	1	1	1	1	1	1	1	1	1	1	1	1	1	1	1	1	1	1	1	1	1	1	1	1	1	1	1	1	1	1	1	1	1	1	1	1	1	
1	1	1	1	1	1	1	1	1	1	1	1	1	1	1	1	1	1	1	1	1	1	1	1	1	1	1	1	1	1	1	1	1	1	1	1	1	1	1	1	1	1	1	1	1	1	1	1	1	1	1	1	1	1	1	1	1	1	1	1	1	1	1	1	1	1	1	1	1	
1	1	1	1	1	1	1	1	1	1	1	1	1	1	1	1	1	1	1	1	1	1	1	1	1	1	1	1	1	1	1	1	1	1	1	1	1	1	1	1	1	1	1	1	1	1	1	1	1	1	1	1	1	1	1	1	1	1	1	1	1	1	1	1	1	1	1	1	1	
1	1	1	1	1	1	1	1	1	1	1	1	1	1	1	1	1	1	1	1	1	1	1	1	1	1	1	1	1	1	1	1	1	1	1	1	1	1	1	1	1	1	1	1	1	1	1	1	1	1	1	1	1	1	1	1	1	1	1	1	1	1	1	1	1	1	1	1	1	
1	1	1	1	1	1	1	1	1	1	1	1	1	1	1	1	1	1	1	1	1	1	1	1	1	1	1	1	1	1	1	1	1	1	1	1	1	1	1	1	1	1	1	1	1	1	1	1	1	1	1	1	1	1	1	1	1	1	1	1	1	1	1	1	1	1	1	1	1	
1	1	1	1	1	1	1	1	1	1	1	1	1	1	1	1	1	1	1	1	1	1	1	1	1	1	1	1	1	1	1	1	1	1	1	1	1	1	1	1	1	1	1	1	1	1	1	1	1	1	1	1	1	1	1	1	1	1	1	1	1	1	1	1	1	1	1	1	1	
1	1	1	1	1	1	1	1	1	1	1	1	1	1	1	1	1	1	1	1	1	1	1	1	1	1	1	1	1	1	1	1	1	1	1	1	1	1	1	1	1	1	1	1	1	1	1	1	1	1	1	1	1	1	1	1	1	1	1	1	1	1	1	1	1	1	1	1	1	
1	1	1	1	1	1	1	1	1	1	1	1	1	1	1	1	1	1	1	1	1	1	1	1	1	1	1	1	1	1	1	1	1	1	1	1	1	1	1	1	1	1	1	1	1	1	1	1	1	1	1	1	1	1	1	1	1	1	1	1	1	1	1	1	1	1	1	1	1	
1	1	1	1	1	1	1	1	1	1	1	1	1	1	1	1	1	1	1	1	1	1	1	1	1	1	1	1	1	1	1	1	1	1	1	1	1	1	1	1	1	1	1	1	1	1	1	1	1	1	1	1	1	1	1	1	1	1	1	1	1	1	1	1	1	1	1	1	1	
1	1	1	1	1	1	1	1	1	1	1	1	1	1	1	1	1	1	1	1	1	1	1	1	1	1	1	1	1	1	1	1	1	1	1	1	1	1	1	1	1	1	1	1	1	1	1	1	1	1	1	1	1	1	1	1	1	1	1	1	1	1	1	1	1	1	1	1	1	
1	1	1	1	1	1	1	1	1	1	1	1	1	1	1	1	1	1	1	1	1	1	1	1	1	1	1	1	1	1	1	1	1	1	1	1	1	1	1	1	1	1	1	1	1	1	1	1	1	1	1	1	1	1	1	1	1	1	1	1	1	1	1	1	1	1	1	1	1	
1	1	1	1	1	1	1	1	1	1	1	1	1	1	1	1	1	1	1	1	1	1	1	1	1	1	1	1	1	1	1	1	1	1	1	1	1	1	1	1	1	1	1	1	1	1	1	1	1	1	1	1	1	1	1	1	1	1	1	1	1	1	1	1	1	1	1	1	1	
1	1	1	1	1	1	1	1	1	1	1	1	1	1	1	1	1	1	1	1	1	1	1	1	1	1	1	1	1	1	1	1	1	1	1	1	1	1	1	1	1	1	1	1	1	1	1	1	1	1	1	1	1	1	1	1	1	1	1	1	1	1	1	1	1	1	1	1	1	
1	1	1	1	1	1	1	1	1	1	1	1	1	1	1	1	1	1	1	1	1	1	1	1	1	1	1	1	1	1	1	1	1	1	1	1	1	1	1	1	1	1	1	1	1	1	1	1	1	1	1	1	1	1	1	1	1	1	1	1	1	1	1	1	1	1	1	1	1	
1	1	1	1	1	1	1	1	1	1	1	1	1	1	1	1	1	1	1	1	1	1	1	1	1	1	1	1	1	1	1	1	1	1	1	1	1	1	1	1	1	1	1	1	1	1	1	1	1	1	1	1	1	1	1	1	1	1	1	1	1	1	1	1	1	1	1	1	1	
1	1	1	1	1	1	1	1	1	1	1	1	1	1	1	1	1	1	1	1	1	1	1	1	1	1	1	1	1	1	1	1	1	1	1	1	1	1	1	1	1	1	1	1	1	1	1	1	1	1	1	1	1	1	1	1	1	1	1	1	1	1	1	1	1	1	1	1	1	
1	1	1	1	1	1	1	1	1	1	1	1	1	1	1	1	1	1	1	1	1	1	1	1	1	1	1	1	1	1	1	1	1	1	1	1	1	1	1	1	1	1	1	1	1	1	1	1	1	1	1	1	1	1	1	1	1	1	1	1	1	1	1	1	1	1	1	1	1	
1	1	1	1	1	1	1	1	1	1	1	1	1	1	1	1	1	1	1	1	1	1	1	1	1	1	1	1	1	1	1	1	1	1	1	1	1	1	1	1	1	1	1	1	1	1	1	1	1	1	1	1	1	1	1	1	1	1	1	1	1	1	1	1	1	1	1	1	1	
1	1	1	1	1	1	1	1	1	1	1	1	1	1	1	1	1	1	1	1	1	1	1	1	1	1	1	1	1	1	1	1	1	1	1	1	1	1	1	1	1	1	1	1	1	1	1	1	1	1	1	1	1	1	1	1	1	1	1	1	1	1	1	1	1	1	1	1	1	
1	1	1	1	1	1	1	1	1	1	1	1	1	1	1	1	1	1	1	1	1	1	1	1	1	1	1	1	1	1	1	1	1	1	1	1	1	1	1	1	1	1	1	1	1	1	1	1	1	1	1	1	1	1	1	1	1	1	1	1	1	1	1	1	1	1	1	1	1	
1	1	1	1	1	1	1	1	1	1	1	1	1	1	1	1	1	1	1	1	1	1	1	1	1	1	1	1	1	1	1	1	1	1	1	1	1	1	1	1	1	1	1	1	1	1	1	1	1	1	1	1	1	1	1	1	1	1	1	1	1	1	1	1	1	1	1	1	1	
1	1	1	1	1	1	1	1	1	1	1	1	1	1	1	1	1	1	1	1	1	1	1	1	1	1	1	1	1	1	1	1	1	1	1	1	1	1	1	1	1	1	1	1	1	1	1	1	1	1	1	1	1	1	1	1	1	1	1	1	1	1	1	1	1	1	1	1	1	
1	1	1	1	1	1	1	1	1	1	1	1	1	1	1	1	1	1	1	1	1	1	1	1	1	1	1	1	1	1	1	1	1	1	1	1	1	1	1	1	1	1	1	1	1	1	1	1	1	1	1	1	1	1	1	1	1	1	1	1	1	1	1	1	1	1	1	1	1	
1	1	1	1	1	1	1	1	1	1	1	1	1	1	1	1	1	1	1	1	1	1	1	1	1	1	1	1	1	1	1	1	1	1	1	1	1	1	1	1	1	1	1	1	1	1	1	1	1	1	1	1	1	1	1	1	1	1	1	1	1	1	1	1	1	1	1	1	1	
1	1	1	1	1	1	1	1	1	1	1	1	1	1	1	1	1	1	1	1	1	1	1	1	1	1	1	1	1	1	1	1	1	1	1	1	1	1	1	1	1	1	1	1	1	1	1	1	1	1	1	1	1	1	1	1	1	1	1	1	1	1	1	1	1	1	1	1	1	
1	1	1	1	1	1	1	1	1	1	1	1	1	1	1	1	1	1	1	1	1	1	1	1	1	1	1	1	1	1	1	1	1	1	1	1	1	1	1	1	1	1	1	1	1	1	1	1	1	1	1	1	1	1	1	1	1	1	1	1	1	1	1	1	1	1	1	1	1	
1	1	1	1	1	1	1	1	1	1	1	1	1	1	1	1	1	1	1	1	1	1	1	1	1	1	1	1	1	1	1	1	1	1	1	1	1	1	1	1	1	1	1	1	1	1	1	1	1	1	1	1	1	1	1	1	1	1	1	1	1	1	1	1	1	1	1	1	1	
1	1	1	1	1	1	1	1	1	1	1	1	1	1	1	1	1	1	1	1	1	1	1	1	1	1	1	1	1	1	1	1	1	1	1	1	1	1	1	1	1	1	1	1	1	1	1	1	1	1	1	1	1	1	1	1	1	1	1	1	1	1	1	1	1	1	1	1	1	
1	1	1	1	1	1	1	1	1	1	1	1	1	1	1	1	1	1	1	1	1	1	1	1	1	1	1	1	1	1	1	1	1	1	1	1	1	1	1	1	1	1	1	1	1	1	1	1	1	1	1	1	1	1	1	1	1	1	1	1	1	1	1	1	1	1	1	1	1	
1	1	1	1	1	1	1	1	1	1	1	1	1	1	1	1	1	1	1	1	1	1	1	1	1	1	1	1	1	1	1	1	1	1	1	1	1	1	1	1	1	1	1	1	1	1	1	1	1	1	1	1	1	1	1	1	1	1	1	1	1	1	1	1	1	1	1	1	1	
1	1	1	1	1	1	1	1	1	1	1	1	1	1	1	1	1	1	1	1	1	1	1	1	1	1	1	1	1	1	1	1	1	1	1	1	1	1	1	1	1	1	1	1	1	1	1	1	1	1	1	1	1	1	1	1	1	1	1	1	1	1	1	1	1	1	1	1	1	
1	1	1	1	1	1	1	1	1	1	1	1	1	1	1	1	1	1	1	1	1	1	1	1	1	1	1	1	1	1	1	1	1	1	1	1	1	1	1	1	1	1	1	1	1	1	1	1	1	1	1	1	1	1	1	1	1	1	1	1	1	1	1	1	1	1	1	1	1	
1	1	1	1	1	1	1	1	1	1	1	1	1	1	1	1	1	1	1	1	1	1	1	1	1	1	1	1	1	1	1	1	1	1	1	1	1	1	1	1	1	1	1	1	1	1	1	1	1	1	1	1	1	1	1	1	1	1	1	1	1	1	1	1	1	1	1	1	1	
1	1	1	1	1	1	1	1	1	1	1	1	1	1	1	1	1	1	1	1	1	1	1	1	1	1	1	1	1	1	1	1	1	1	1	1	1	1	1	1	1	1	1	1	1	1	1	1	1	1	1	1	1	1	1	1	1	1	1	1	1	1	1	1	1	1	1	1	1	
1	1	1	1	1	1	1	1	1	1	1	1	1	1	1	1	1	1	1	1	1	1	1	1	1	1	1	1	1	1	1	1	1	1	1	1	1	1	1	1	1	1	1	1	1	1	1	1	1	1	1	1	1	1	1	1	1	1	1	1	1	1	1	1	1	1	1	1	1	
1	1	1	1	1	1	1	1	1	1	1	1	1	1	1	1	1	1	1	1	1	1	1	1	1	1	1	1	1	1	1	1	1	1	1	1	1	1	1	1	1	1	1	1	1	1	1	1	1	1	1	1	1	1	1	1	1	1	1	1	1	1	1	1	1	1	1	1	1	
1	1	1	1	1	1	1	1	1	1	1	1	1	1	1	1	1	1	1	1	1	1	1	1	1	1	1	1	1	1	1	1	1	1	1	1	1	1	1	1	1	1	1	1	1	1	1	1	1	1	1	1	1	1	1	1	1	1	1	1	1	1	1	1	1	1	1	1	1	
1	1	1	1	1	1	1	1	1	1	1	1	1	1	1	1	1	1	1	1	1	1	1	1	1	1	1	1	1	1	1	1	1	1	1	1	1	1	1	1	1	1	1	1	1	1	1	1	1	1	1	1	1	1	1	1	1	1	1	1	1	1	1	1	1	1	1	1	1	
1	1	1	1	1	1	1	1	1	1	1	1	1	1	1	1	1	1	1	1	1	1	1	1	1	1	1	1	1	1	1	1	1	1	1	1	1	1	1	1	1	1	1	1	1	1	1	1	1	1	1	1	1	1	1	1	1	1	1	1	1	1	1	1	1	1	1	1	1	
1	1	1	1	1	1	1	1	1	1	1	1	1	1	1	1	1	1	1	1	1	1	1	1	1	1	1	1	1	1	1	1	1	1	1	1	1	1	1	1	1	1	1	1	1	1	1	1	1	1	1	1	1	1	1	1	1	1	1	1	1	1	1	1	1	1	1	1	1	
1	1	1	1	1	1	1	1	1	1	1	1	1	1	1	1	1	1	1	1	1	1	1	1	1	1	1	1	1	1	1	1	1	1	1	1	1	1	1	1	1	1	1	1	1	1	1	1	1	1	1	1	1	1	1	1	1	1	1	1	1	1	1	1	1	1	1	1	1	
1	1	1	1	1	1	1	1	1	1	1	1	1	1	1	1	1	1	1	1	1	1	1	1	1	1	1	1	1	1	1	1	1	1	1	1	1	1	1	1	1	1	1	1	1	1	1	1	1	1	1	1	1	1	1	1	1	1	1	1	1	1	1	1	1	1	1	1	1	
1	1	1	1	1	1	1	1	1	1	1	1	1	1	1	1	1	1	1	1	1	1	1	1	1	1	1	1	1	1	1	1	1	1	1	1	1	1	1	1	1	1	1	1	1	1	1	1	1	1	1	1	1	1	1	1	1	1	1	1	1	1	1	1	1	1	1	1	1	
1	1	1	1	1	1	1	1	1	1	1	1	1	1	1	1	1	1	1	1	1	1	1	1	1	1	1	1	1	1	1	1	1	1	1	1	1	1	1	1	1	1	1	1	1	1	1	1	1	1	1	1	1	1	1	1	1	1	1	1	1	1	1	1	1	1	1	1	1	
1	1	1	1	1	1	1	1	1	1	1	1	1	1	1	1	1	1	1	1	1	1	1	1	1	1	1	1	1	1	1	1	1	1	1	1	1	1	1	1	1	1	1	1	1	1	1	1	1	1	1	1	1	1	1	1	1	1	1	1	1	1	1	1	1	1	1	1	1	
1	1	1	1	1	1	1	1	1	1	1	1	1	1	1	1	1	1	1	1	1	1	1	1	1	1	1	1	1	1	1	1	1	1	1	1	1	1	1	1	1	1	1	1	1	1	1	1	1	1	1	1	1	1	1	1	1	1	1	1	1	1	1	1	1	1	1	1	1	
1	1	1	1	1	1	1	1	1	1	1	1	1	1	1	1	1	1	1	1	1	1	1	1	1	1	1	1	1	1	1	1	1	1	1	1	1	1	1	1	1	1	1	1	1	1	1	1	1	1	1	1	1	1	1	1	1	1	1	1	1	1	1	1	1	1	1	1	1	
1	1	1	1	1	1	1	1	1	1	1	1	1	1	1	1	1	1	1	1	1	1	1	1	1	1	1	1	1	1	1	1	1	1	1	1	1	1	1	1	1	1	1	1	1	1	1	1	1	1	1	1	1	1	1	1	1	1	1	1	1	1	1	1	1	1	1	1	1	
1	1	1	1	1	1	1	1	1	1	1	1	1	1	1	1	1	1	1	1	1	1	1	1	1	1	1	1	1	1	1	1	1	1	1	1	1	1	1	1	1	1	1	1	1	1	1	1	1	1	1	1	1	1	1	1	1	1	1	1	1	1	1	1	1	1	1	1	1	
1	1	1	1	1	1	1	1	1	1	1	1	1	1	1	1	1	1	1	1	1	1	1	1	1	1	1	1	1	1	1	1	1	1	1	1	1	1	1	1	1	1	1	1	1	1	1	1	1	1	1	1	1	1	1	1	1	1	1	1	1	1	1	1	1	1	1	1	1	
1	1	1	1	1	1	1	1	1	1	1	1	1	1	1	1	1	1	1	1	1	1	1	1	1	1	1	1	1	1	1	1	1	1	1	1	1	1	1	1	1	1	1	1	1	1	1	1	1	1	1	1	1	1	1	1	1	1	1	1	1	1	1	1	1	1	1	1	1	
1	1	1	1	1	1	1	1	1	1	1	1	1	1	1	1	1	1	1	1	1	1	1	1	1	1	1	1	1	1	1	1	1	1	1	1	1	1	1	1	1	1	1	1	1	1	1	1	1	1	1	1	1	1	1	1	1	1	1	1	1	1	1	1	1	1	1	1	1	
1	1	1	1	1	1	1	1	1	1	1	1	1	1	1	1	1	1	1	1	1	1	1	1	1	1	1	1	1	1	1	1	1	1	1	1	1	1	1	1	1	1	1	1	1	1	1	1	1	1	1	1	1	1	1	1	1	1	1	1	1	1	1	1	1	1	1	1	1	
1	1	1	1	1	1	1	1	1	1	1	1	1	1	1	1	1	1	1	1	1	1	1	1	1	1	1	1	1	1	1	1	1	1	1	1	1	1	1	1	1	1	1	1	1	1	1	1	1	1	1	1	1	1	1	1	1	1	1	1	1	1	1	1	1	1	1	1	1	
1	1	1	1	1	1	1	1	1	1	1	1	1	1	1	1	1	1	1	1	1	1	1	1	1	1	1	1	1	1	1	1	1	1	1	1	1	1	1	1	1	1	1	1	1	1	1	1	1	1	1	1	1	1	1	1	1	1	1	1	1	1	1	1	1	1	1	1	1	
1	1	1	1	1	1	1	1	1	1	1	1	1	1	1	1	1	1	1	1	1	1	1	1	1	1	1	1	1	1	1	1	1	1	1	1	1	1	1	1	1	1	1	1	1	1	1	1	1	1	1	1	1	1	1	1	1	1	1	1	1	1	1	1	1	1	1	1	1	
1	1	1	1	1	1	1	1	1	1	1	1	1	1	1	1	1	1	1	1	1	1	1	1	1	1	1	1	1	1	1	1	1	1	1	1	1	1	1	1	1	1	1	1	1	1	1	1	1	1	1	1	1	1	1	1	1	1	1	1	1	1	1	1	1	1	1	1	1	
1	1	1	1	1	1	1	1	1	1	1	1	1	1	1	1	1	1	1	1	1	1	1	1	1	1	1	1	1	1	1	1	1	1	1	1	1	1	1	1	1	1	1	1	1	1	1	1	1	1	1	1	1	1	1	1	1	1	1	1	1	1	1	1	1	1	1	1	1	
1	1	1	1	1	1	1	1	1	1	1	1	1	1	1	1	1	1	1	1	1	1	1	1	1	1	1	1	1	1	1	1	1	1	1	1	1	1	1	1	1	1	1	1	1	1	1	1	1	1	1	1	1	1	1	1	1	1	1	1	1	1	1	1	1	1	1	1	1	
1	1	1	1	1	1	1	1	1	1	1	1	1	1	1	1	1	1	1	1	1	1	1	1	1	1	1	1	1	1	1	1	1	1	1	1	1	1	1	1	1	1	1	1	1	1	1	1	1	1	1	1	1	1	1	1	1	1	1	1	1	1	1	1	1	1	1	1	1	
1	1	1	1	1	1	1	1	1	1	1	1	1	1	1	1	1	1	1	1	1	1	1	1	1	1	1	1	1	1	1	1	1	1	1	1	1	1	1	1	1	1	1	1	1	1	1	1	1	1	1	1	1	1	1	1	1	1	1	1	1	1	1	1	1	1	1	1	1	
1	1	1	1	1	1	1	1	1	1	1	1	1	1	1	1	1	1	1	1	1	1	1	1	1	1	1	1	1	1	1	1	1	1	1	1	1	1	1	1	1	1	1	1	1	1	1	1	1	1	1	1	1	1	1	1	1	1	1	1	1	1	1	1	1	1	1	1	1	  ); 
P0 ( 
0.0252262	0.0169278	0.00673512	0.0106415	0.0111967	0.00871287	0.00532808	0.0027626	0.00134299	0.000574383	0.000253954	0.000108609	4.97981e-05	2.21427e-05	1.04995e-05	4.32331e-06	1.60123e-06	9.60736e-07	5.94741e-07	3.88869e-07	1.37248e-07	6.8624e-08	0	0	0	0	9.14986e-08	1.37248e-07	1.60123e-07	6.8624e-08	2.97371e-07	2.28747e-08	6.8624e-08	0	0	0	0	0	0	0	0	2.28747e-08	0	0	0	4.57493e-08	2.28747e-08	0	0	0	0	0	0	0	2.28747e-08	0	0	0	0	0	2.28747e-08	0	0	0	2.28747e-08	0	0	0	0	
0	0.0439988	0.0215205	0.00858836	0.0111619	0.0113671	0.0085184	0.00494049	0.00239937	0.00103899	0.000423833	0.000171556	7.24133e-05	3.20331e-05	1.3784e-05	6.35886e-06	2.91008e-06	1.41617e-06	6.71984e-07	6.88645e-07	2.55465e-07	7.21967e-08	2.7768e-08	1.66608e-08	0	1.11072e-08	0	0	0	0	0	0	0	0	0	0	0	0	0	0	0	0	0	0	0	0	0	0	0	0	0	0	0	0	0	0	0	0	0	0	0	0	0	0	0	0	0	0	0	
0	0	0.0667459	0.018658	0.013041	0.0114856	0.00829225	0.00459972	0.00216769	0.000921883	0.000374824	0.000159878	6.94786e-05	3.17457e-05	1.50215e-05	6.47479e-06	3.55975e-06	1.73028e-06	8.65142e-07	9.0096e-07	3.16851e-07	7.16359e-08	1.92866e-08	1.10209e-08	1.10209e-08	5.51046e-09	2.75523e-09	0	0	0	0	0	0	0	0	0	0	0	0	0	0	0	0	0	0	0	0	0	0	0	0	0	0	0	0	0	0	0	0	0	0	0	0	0	0	0	0	0	0	
0	0	7.61976e-09	0.0908915	0.0278393	0.0137293	0.0101327	0.00393721	0.00146362	0.000593028	0.00023018	9.34107e-05	4.07962e-05	1.93186e-05	8.68399e-06	3.86068e-06	1.877e-06	8.28014e-07	4.77505e-07	3.88608e-07	1.52395e-07	3.80988e-08	1.26996e-08	2.79391e-08	2.53992e-09	0	5.07984e-09	0	0	0	0	0	0	0	0	0	0	0	0	0	0	0	0	0	0	0	0	0	0	0	0	0	0	2.53992e-09	5.33383e-08	1.01597e-07	6.60379e-08	2.03194e-08	2.79391e-08	1.26996e-08	1.01597e-08	5.07984e-09	5.07984e-09	5.07984e-09	2.53992e-09	2.53992e-09	0	0	0	
0	0	0	2.75316e-08	0.151588	0.0418125	0.00466473	0.00579705	0.00347525	0.00130001	0.000513606	0.000202151	9.01634e-05	3.8971e-05	1.68081e-05	6.80032e-06	3.06427e-06	1.55829e-06	6.93797e-07	4.81804e-07	8.53481e-08	1.92722e-08	5.50633e-09	8.25949e-09	2.75316e-09	0	0	0	0	0	0	0	0	0	0	0	0	0	0	0	0	0	0	0	0	0	0	0	0	0	0	0	0	5.50633e-09	4.12975e-08	1.21139e-07	5.78165e-08	4.12975e-08	3.85443e-08	1.37658e-08	1.37658e-08	1.37658e-08	8.25949e-09	1.10127e-08	8.25949e-09	8.25949e-09	0	2.75316e-09	0	
0	0	0	0	0	0.191548	0.0263827	0.00010325	0.000307792	0.000459852	0.000249384	0.000131034	5.67765e-05	2.50516e-05	1.12976e-05	4.17827e-06	1.79658e-06	7.39767e-07	3.14465e-07	2.21672e-07	4.12414e-08	2.57759e-09	2.57759e-09	2.57759e-09	0	0	0	0	0	0	0	0	0	0	0	0	0	0	0	0	0	0	0	0	0	0	0	0	0	0	0	0	0	0	0	0	0	0	0	0	0	0	0	0	0	0	0	0	0	
0	0	0	0	0	0	0.26879	0.0477262	0.000142104	1.57551e-05	5.91816e-06	2.6468e-06	1.43955e-06	4.68426e-07	1.94225e-07	8.37835e-08	3.42751e-08	1.1425e-08	3.80834e-09	0	0	0	0	0	0	0	0	0	0	0	0	0	0	0	0	0	0	0	0	3.80834e-09	3.80834e-09	7.61668e-09	1.90417e-08	1.1425e-08	6.85502e-08	5.33168e-08	3.04667e-08	1.1425e-08	0	7.61668e-09	0	1.1425e-08	0	7.61668e-09	0	0	7.61668e-09	0	0	0	0	0	0	0	0	0	0	0	0	
0	0	0	0	0	0	0	0.285853	0.0366334	7.20873e-05	2.18458e-05	4.87874e-06	8.07336e-07	5.38224e-07	2.21366e-07	6.51078e-08	4.34052e-08	2.17026e-08	8.68103e-09	0	0	0	0	0	0	0	0	0	0	0	0	0	0	0	0	0	0	0	0	0	0	0	0	0	0	0	0	0	0	0	0	0	0	0	0	0	0	0	0	0	0	0	0	0	0	0	0	0	0	
0	0	0	0	0	0	0	0	0.326137	0.0391504	0.000234655	5.20863e-06	2.56086e-06	8.34307e-07	3.88185e-07	1.44845e-07	4.63504e-08	1.73814e-08	1.15876e-08	1.15876e-08	0	0	0	0	0	0	0	0	0	0	0	0	0	0	0	0	0	0	0	0	0	0	0	0	0	0	0	0	0	0	0	0	0	0	0	0	0	0	0	0	0	0	0	0	0	0	0	0	0	
0	0	0	0	0	0	0	0	0	0.354349	0.0346095	0.00170947	0.000238475	1.08828e-06	1.63597e-07	7.82423e-08	4.26776e-08	2.84517e-08	7.11293e-09	0	0	0	0	0	0	0	0	0	0	0	0	0	0	0	0	0	0	0	0	0	0	0	0	0	0	0	0	0	0	0	0	0	0	0	0	0	0	0	0	0	0	0	0	0	0	0	0	0	0	
0	0	0	0	0	0	0	0	0	0	0.323653	0.0386981	0.000608261	0.000370721	0.000148859	5.3856e-05	2.19733e-05	8.99557e-06	3.79776e-06	2.05397e-06	3.43726e-07	4.19178e-08	1.67671e-08	0	0	8.38357e-09	0	0	0	0	0	0	0	0	0	0	0	0	0	0	0	0	0	0	0	0	0	0	0	0	0	0	0	0	0	0	0	0	0	0	0	0	0	0	0	0	0	0	0	
0	0	0	0	0	0	0	0	0	0	0	0.39597	0.0308473	7.41304e-08	0	0	0	0	0	0	0	0	0	0	0	0	0	0	0	0	0	0	0	0	0	0	0	0	0	0	0	0	0	0	0	0	0	0	0	0	0	0	0	0	0	0	0	0	0	0	0	0	0	0	0	0	0	0	0	
0	0	0	0	0	0	0	0	0	0	0	0	0.338649	0.0311972	4.48977e-05	4.0276e-08	0	1.0069e-08	0	0	0	0	0	0	0	0	0	0	0	0	0	0	0	0	0	0	0	0	0	0	0	0	0	0	0	0	0	0	0	0	0	0	0	0	0	0	0	0	0	0	0	0	0	0	0	0	0	0	0	
0	0	0	0	0	0	0	0	0	0	0	0	0	0.317051	0.0317461	5.29295e-05	3.69719e-05	2.43144e-05	5.56761e-06	0	0	0	0	0	0	0	0	0	0	0	0	0	0	0	0	0	0	0	0	0	0	0	0	0	0	0	0	0	0	0	0	0	0	0	0	0	0	0	0	0	0	0	0	0	0	0	0	0	0	
0	0	0	0	0	0	0	0	0	0	0	0	0	0	0.346576	0.0365212	0	0	8.50017e-06	1.00598e-05	2.20581e-06	4.34478e-07	1.11405e-07	1.11405e-08	0	2.22809e-08	0	0	0	0	0	0	0	0	0	0	0	0	0	0	0	0	0	0	0	0	0	0	0	0	0	0	0	0	0	0	0	0	0	0	0	0	0	0	0	0	0	0	0	
0	0	0	0	0	0	0	0	0	0	0	0	0	0	0	0.345751	0.0347276	0	0	0	0	0	0	0	0	0	0	0	0	0	0	0	0	0	0	0	0	0	0	0	0	0	0	0	0	0	0	0	0	0	0	0	0	0	0	0	0	0	0	0	0	0	0	0	0	0	0	0	0	
0	0	0	0	0	0	0	0	0	0	0	0	0	0	0	0	0.370639	0.0372763	0	0	0	0	0	0	0	0	0	0	0	0	0	0	0	0	0	0	0	0	0	0	0	0	0	0	0	0	0	0	0	0	0	0	0	0	0	0	0	0	0	0	0	0	0	0	0	0	0	0	0	
0	0	0	0	0	0	0	0	0	0	0	0	0	0	0	0	0	0.329785	0.0351824	0	0	0	0	0	0	0	0	0	0	0	0	0	0	0	0	0	0	0	0	0	0	0	0	0	0	0	0	0	0	0	0	0	0	0	0	0	0	0	0	0	0	0	0	0	0	0	0	0	0	
0	0	0	0	0	0	0	0	0	0	0	0	0	0	0	0	0	0	0.320418	0.0346368	0	0	0	0	0	0	0	0	0	0	0	0	0	0	0	0	0	0	0	0	0	0	0	0	0	0	0	0	0	0	0	0	0	0	0	0	0	0	0	0	0	0	0	0	0	0	0	0	0	
0	0	0	0	0	0	0	0	0	0	0	0	0	0	0	0	0	0	0	0.317914	0.0176408	0	0	0	0	0	0	0	0	0	0	0	0	0	0	0	0	0	0	0	0	0	0	0	0	0	0	0	0	0	0	0	0	0	0	0	0	0	0	0	0	0	0	0	0	0	0	0	0	
0	0	0	0	0	0	0	0	0	0	0	0	0	0	0	0	0	0	0	0	0.358894	0.017638	0	0	0	0	0	0	0	0	0	0	0	0	0	0	0	0	0	0	0	0	0	0	0	0	0	0	0	0	0	0	0	0	0	0	0	0	0	0	0	0	0	0	0	0	0	0	0	
0	0	0	0	0	0	0	0	0	0	0	0	0	0	0	0	0	0	0	0	0	0.340911	0.0234317	0	0	0	0	0	0	0	0	0	0	0	0	0	0	0	0	0	0	0	0	0	0	0	0	0	0	0	0	0	0	0	0	0	0	0	0	0	0	0	0	0	0	0	0	0	0	
0	0	0	0	0	0	0	0	0	0	0	0	0	0	0	0	0	0	0	0	0	0	0.316707	0.0368822	0	0	0	0	0	0	0	0	0	0	0	0	0	0	0	0	0	0	0	0	0	0	0	0	0	0	0	0	0	0	0	0	0	0	0	0	0	0	0	0	0	0	0	0	0	
0	0	0	0	0	0	0	0	0	0	0	0	0	0	0	0	0	0	0	0	0	0	0	0.367337	0.0308234	0	0	0	0	0	0	0	0	0	0	0	0	0	0	0	0	0	0	0	0	0	0	0	0	0	0	0	0	0	0	0	0	0	0	0	0	0	0	0	0	0	0	0	0	
0	0	0	0	0	0	0	0	0	0	0	0	0	0	0	0	0	0	0	0	0	0	0	0	0.292952	0.0295083	0	0	0	0	0	0	0	0	0	0	0	0	0	0	0	0	0	0	0	0	0	0	0	0	0	0	0	0	0	0	0	0	0	0	0	0	0	0	0	0	0	0	0	
0	0	0	0	0	0	0	0	0	0	0	0	0	0	0	0	0	0	0	0	0	0	0	0	0	0.252483	0.0324926	0	0	0	0	0	0	0	0	0	0	0	0	0	0	0	0	0	0	0	0	0	0	0	0	0	0	0	0	0	0	0	0	0	0	0	0	0	0	0	0	0	0	
0	0	0	0	0	0	0	0	0	0	0	0	0	0	0	0	0	0	0	0	0	0	0	0	0	7.62489e-05	0.274204	0.0176514	0.00130527	2.4865e-07	0	0	0	0	0	0	0	0	0	0	0	0	0	0	0	0	0	0	0	0	0	0	0	0	0	0	0	0	0	0	0	0	0	0	0	0	0	0	0	
0	0	0	0	0	0	0	0	0	0	0	0	0	0	0	0	0	0	0	0	0	0	0	0	0	0	0.00102794	0.203947	0.0741412	0.00226748	1.2434e-06	0	0	0	0	0	0	0	0	0	0	0	0	0	0	0	0	0	0	0	0	0	0	0	0	0	0	0	0	0	0	0	0	0	0	0	0	0	0	
0	0	0	0	0	0	0	0	0	0	0	0	0	0	0	0	0	0	0	0	0	0	0	0	0	0	0	0.00126951	0.239657	0.0543288	0.00270849	0	0	0	0	0	0	0	0	0	0	0	0	0	0	0	0	0	0	0	0	0	0	0	0	0	0	0	0	0	0	0	0	0	0	0	0	0	0	
0	0	0	0	0	0	0	0	0	0	0	0	0	0	0	0	0	0	0	0	0	0	0	0	0	0	0	0	0.00159535	0.215483	0.0709458	0.000309343	3.58524e-06	0	0	0	0	0	0	0	0	0	0	0	0	0	0	0	0	0	0	0	0	0	0	0	0	0	0	0	0	0	0	0	0	0	0	0	0	
0	0	0	0	0	0	0	0	0	0	0	0	0	0	0	0	0	0	0	0	0	0	0	0	0	0	0	0	0	0.00145753	0.244679	0.0380584	0.00765709	0.000496097	0.000336053	0.000225149	0.000144716	8.2979e-05	5.04398e-05	2.93039e-05	1.60707e-05	1.3021e-05	5.01216e-06	5.83425e-07	5.30387e-08	0	0	0	0	0	0	0	0	0	0	0	0	0	0	0	0	0	0	0	0	0	0	0	0	
0	0	0	0	0	0	0	0	0	0	0	0	0	0	0	0	0	0	0	0	0	0	0	0	0	0	0	0	0	0	0.00564273	0.211431	0.06551	0.00568956	0.00464923	0.00382742	0.00303261	0.00226473	0.00165676	0.00120288	0.000782768	0.000877441	0.000519657	0.00013142	1.57e-05	0	0	0	0	0	0	0	0	0	0	0	0	0	0	0	0	0	0	0	0	0	0	0	0	
0	0	0	0	0	0	0	0	0	0	0	0	0	0	0	0	0	0	0	0	0	0	0	0	0	0	0	0	0	0	7.64224e-07	0.00944603	0.244011	0.0282672	0.0154196	0.0108073	0.0088614	0.00727356	0.00599523	0.00508602	0.00386457	0.00526201	0.00440728	0.00183043	0.000458753	2.6202e-06	0	0	0	0	0	0	0	0	0	0	0	0	0	0	0	0	0	0	0	0	0	0	0	
0	0	0	0	0	0	0	0	0	0	0	0	0	0	0	0	0	0	0	0	0	0	0	0	0	0	0	0	0	0	0	1.5143e-05	0.0624509	0.194493	0.112397	0.0460988	0.0200808	0.0125338	0.00998274	0.00857327	0.00692735	0.0102705	0.0102588	0.00547944	0.00190103	1.98024e-05	0	0	0	0	0	0	0	0	0	0	0	0	0	0	0	0	0	0	0	0	0	0	0	
0	0	0	0	0	0	0	0	0	0	0	0	0	0	0	0	0	0	0	0	0	0	0	0	0	0	0	0	0	0	0	9.76412e-06	0.013682	0.0852896	0.345245	0.171817	0.0625953	0.0224624	0.0124663	0.0103451	0.00796508	0.0120074	0.0123956	0.00719616	0.00284136	2.92924e-05	0	0	0	0	0	0	0	0	0	0	0	0	0	0	0	0	0	0	0	0	0	0	0	
0	0	0	0	0	0	0	0	0	0	0	0	0	0	0	0	0	0	0	0	0	0	0	0	0	0	0	0	0	0	0	7.1936e-06	0.0030357	0.0246884	0.185027	0.901174	0.378959	0.119493	0.0327093	0.0140419	0.00934449	0.0133441	0.0145598	0.00976172	0.00379103	4.31616e-05	0	0	0	0	0	0	0	0	0	0	0	0	0	0	0	0	0	0	0	0	0	0	0	
0	0	0	0	0	0	0	0	0	0	0	0	0	0	0	0	0	0	0	0	0	0	0	0	0	0	0	0	0	0	0	0	0.000500199	0.00397217	0.0406338	0.324982	1.71458	0.661086	0.205758	0.0512851	0.0158298	0.0166831	0.0185074	0.013167	0.00654672	0.000117694	0	0	0	0	0	0	0	0	0	0	0	0	0	0	0	0	0	0	0	0	0	0	0	
0	0	0	0	0	0	0	0	0	0	0	0	0	0	0	0	0	0	0	0	0	0	0	0	0	0	0	0	0	0	0	0	0.000112406	0.000271648	0.00226686	0.0254131	0.198715	0.998874	0.402901	0.139683	0.0369067	0.0240643	0.0224063	0.0160928	0.00926414	0.000206078	0	0	0	0	0	0	0	0	0	0	0	0	0	0	0	0	0	0	0	0	0	0	0	
0	0	0	0	0	0	0	0	0	0	0	0	0	0	0	0	0	0	0	0	0	0	0	0	0	0	0	0	0	0	0	0	5.6022e-05	0.000122548	0.000252099	0.0015406	0.012675	0.0813474	0.352783	0.168413	0.0623034	0.0360676	0.0262708	0.0190195	0.0122478	0.000420165	0	0	0	0	0	0	0	0	0	0	0	0	0	0	0	0	0	0	0	0	0	0	0	
0	0	0	0	0	0	0	0	0	0	0	0	0	0	0	0	0	0	0	0	0	0	0	0	0	0	0	0	0	0	0	0	1.46933e-05	2.7754e-05	0.000101221	0.000344476	0.0015379	0.0086217	0.0476683	0.176679	0.0978704	0.0627845	0.03186	0.022391	0.0160777	0.000646505	1.14281e-05	0	0	0	0	0	0	0	0	0	0	0	0	0	0	0	0	0	0	0	0	0	0	
0	0	0	0	0	0	0	0	0	0	0	0	0	0	0	0	0	0	0	0	0	0	0	0	0	0	0	0	0	0	0	0	1.17217e-05	1.28939e-05	4.8059e-05	0.000127767	0.000425498	0.00159533	0.00751714	0.0409686	0.11525	0.113644	0.044491	0.0262086	0.0204321	0.000970558	5.86086e-06	0	0	0	0	0	0	0	0	0	0	0	0	0	0	0	0	0	0	0	0	0	0	
0	0	0	0	0	0	0	0	0	0	0	0	0	0	0	0	0	0	0	0	0	0	0	0	0	0	0	0	0	0	0	0	9.18371e-07	4.13267e-06	9.6429e-06	2.89287e-05	0.000101939	0.000307195	0.00110067	0.00515252	0.0221989	0.132997	0.0968854	0.033588	0.0282895	0.00188266	2.75511e-05	0	0	0	0	0	0	0	0	0	0	0	0	0	0	0	0	0	0	0	0	0	0	
0	0	0	0	0	0	0	0	0	0	0	0	0	0	0	0	0	0	0	0	0	0	0	0	0	0	0	0	0	0	0	0	2.279e-07	0	1.5953e-06	3.8743e-06	1.00276e-05	3.98825e-05	0.000102099	0.000330455	0.00106065	0.0172992	0.142863	0.0815677	0.0448901	0.00450262	0.00010415	6.837e-07	0	0	0	0	0	0	0	0	0	0	0	0	0	0	0	0	0	0	0	0	0	
0	0	0	0	0	0	0	0	0	0	0	0	0	0	0	0	0	0	0	0	0	0	0	0	0	0	0	0	0	0	0	0	0	0	1.56306e-07	0	7.81532e-07	1.71937e-06	6.56487e-06	2.04761e-05	5.06433e-05	0.000420777	0.0154718	0.149467	0.10395	0.0121184	0.000570987	7.50271e-06	1.56306e-07	0	0	0	0	0	0	0	0	0	0	0	0	0	0	0	0	0	0	0	0	
0	0	0	0	0	0	0	0	0	0	0	0	0	0	0	0	0	0	0	0	0	0	0	0	0	0	0	0	0	0	0	0	0	0	0	0	0	0	5.51763e-08	4.96587e-07	9.37997e-07	7.11774e-06	0.000124147	0.00677052	0.208796	0.0608092	0.00719703	0.000371171	3.81268e-05	6.23492e-06	2.31741e-06	7.72468e-07	2.20705e-07	0	0	0	0	0	0	0	0	0	0	0	0	0	0	0	0	
0	0	0	0	0	0	0	0	0	0	0	0	0	0	0	0	0	0	0	0	0	0	0	0	0	0	0	0	0	0	0	0	0	0	0	0	0	0	0	0	0	0	5.66987e-08	2.55144e-06	0.00933339	0.213106	0.0587623	0.00644012	0.00132193	0.000377953	0.000173951	7.92647e-05	1.73498e-05	2.26795e-06	5.66987e-08	0	0	0	0	0	0	0	0	0	0	0	0	0	0	
0	0	0	0	0	0	0	0	0	0	0	0	0	0	0	0	0	0	0	0	0	0	0	0	0	0	0	0	0	0	0	0	0	0	0	0	0	0	0	0	0	0	0	0	1.56492e-05	0.0127379	0.216555	0.0446489	0.0104583	0.00408775	0.0024855	0.00174873	0.000541952	0.000134676	9.08448e-06	0	0	0	0	0	0	0	0	0	0	0	0	0	0	
0	0	0	0	0	0	0	0	0	0	0	0	0	0	0	0	0	0	0	0	0	0	0	0	0	0	0	0	0	0	0	0	0	0	0	0	0	0	0	0	0	0	0	0	1.71844e-07	8.05949e-05	0.0266618	0.189047	0.0493617	0.0145684	0.00965747	0.00834424	0.00356181	0.00124226	0.000148302	5.49901e-06	0	0	0	0	0	0	0	0	0	0	0	0	0	
0	0	0	0	0	0	0	0	0	0	0	0	0	0	0	0	0	0	0	0	0	0	0	0	0	0	0	0	0	0	0	0	0	0	0	0	0	0	0	0	0	0	0	0	0	8.81662e-06	0.00151381	0.0386829	0.16962	0.0529813	0.0223863	0.0184192	0.00904893	0.00402214	0.000607906	3.74706e-05	4.40831e-07	0	0	0	0	0	0	0	0	0	0	0	0	
0	0	0	0	0	0	0	0	0	0	0	0	0	0	0	0	0	0	0	0	0	0	0	0	0	0	0	0	0	0	0	0	0	0	0	0	0	0	0	0	0	0	0	0	0	0	0.000350196	0.00516939	0.0454348	0.150086	0.0669745	0.0334828	0.0157917	0.00806694	0.00149944	0.000111103	1.77764e-06	8.88822e-07	0	0	0	0	0	0	0	0	0	0	0	
0	0	0	0	0	0	0	0	0	0	0	0	0	0	0	0	0	0	0	0	0	0	0	0	0	0	0	0	0	0	0	0	0	0	0	0	0	0	0	0	0	0	0	0	0	0	0.000110577	0.00157296	0.00850801	0.0387583	0.149025	0.0827377	0.0246671	0.0136913	0.0030888	0.000318832	1.10577e-05	0	0	0	0	0	0	0	0	0	0	0	0	
0	0	0	0	0	0	0	0	0	0	0	0	0	0	0	0	0	0	0	0	0	0	0	0	0	0	0	0	0	0	0	0	0	0	0	0	0	0	0	0	0	0	0	0	0	0	2.82024e-05	0.000389664	0.00185995	0.00516528	0.0267716	0.165339	0.0704079	0.0255077	0.0069707	0.0010026	3.33729e-05	3.76033e-06	4.70041e-07	0	0	0	0	0	0	0	0	0	0	
0	0	0	0	0	0	0	0	0	0	0	0	0	0	0	0	0	0	0	0	0	0	0	0	0	0	0	0	0	0	0	0	0	0	0	0	0	0	0	0	0	0	0	0	0	0	3.55249e-06	5.89121e-05	0.000313803	0.000830394	0.00261433	0.0301535	0.156438	0.0781518	0.0169202	0.00315579	0.000170519	2.36832e-05	3.25645e-06	2.07228e-06	2.96041e-07	0	0	0	0	0	0	0	0	
0	0	0	0	0	0	0	0	0	0	0	0	0	0	0	0	0	0	0	0	0	0	0	0	0	0	0	0	0	0	0	0	0	0	0	0	0	0	0	0	0	0	0	0	0	0	2.69009e-07	5.38018e-06	3.79303e-05	0.000100071	0.000334244	0.00246466	0.0229126	0.180992	0.0651364	0.0117097	0.00100246	0.000150511	3.87373e-05	1.22399e-05	3.76613e-06	2.69009e-07	0	0	0	0	0	0	0	
0	0	0	0	0	0	0	0	0	0	0	0	0	0	0	0	0	0	0	0	0	0	0	0	0	0	0	0	0	0	0	0	0	0	0	0	0	0	0	0	0	0	0	0	0	0	0	3.23898e-07	8.09745e-07	5.50626e-06	2.07295e-05	0.000187456	0.00121915	0.0243374	0.191848	0.0610555	0.00576101	0.00130158	0.000358717	0.000136604	5.3848e-05	1.74905e-05	4.53457e-06	2.10534e-06	8.09745e-07	8.09745e-08	0	0	8.09745e-08	
0	0	0	0	0	0	0	0	0	0	0	0	0	0	0	0	0	0	0	0	0	0	0	0	0	0	0	0	0	0	0	0	0	0	0	0	0	0	0	0	0	0	0	0	0	0	0	0	0	9.38359e-08	6.09933e-07	7.50687e-06	6.20725e-05	0.00113016	0.0235525	0.206248	0.0434737	0.0086726	0.00303526	0.00142358	0.000707147	0.000273813	8.90503e-05	4.15693e-05	1.58583e-05	4.92639e-06	1.40754e-06	4.22262e-07	0	
0	0	0	0	0	0	0	0	0	0	0	0	0	0	0	0	0	0	0	0	0	0	0	0	0	0	0	0	0	0	0	0	0	0	0	0	0	0	0	0	0	0	0	0	0	0	0	0	0	0	0	1.8212e-07	2.67109e-06	7.86757e-05	0.00162791	0.0445298	0.16896	0.0502872	0.0121753	0.00604	0.00337826	0.00154037	0.000565239	0.000297341	0.000135922	5.44538e-05	1.56016e-05	3.15674e-06	1.21413e-07	
0	0	0	0	0	0	0	0	0	0	0	0	0	0	0	0	0	0	0	0	0	0	0	0	0	0	0	0	0	0	0	0	0	0	0	0	0	0	0	0	0	0	0	0	0	0	0	0	0	0	0	0	4.41574e-07	1.35416e-05	0.000378944	0.008381	0.0533729	0.143586	0.0515077	0.0168176	0.00870224	0.00414351	0.00168173	0.000974332	0.000493311	0.000210336	7.06518e-05	1.78101e-05	1.54551e-06	
0	0	0	0	0	0	0	0	0	0	0	0	0	0	0	0	0	0	0	0	0	0	0	0	0	0	0	0	0	0	0	0	0	0	0	0	0	0	0	0	0	0	0	0	0	0	0	0	0	0	0	0	9.20595e-08	3.22208e-06	0.000116087	0.00325044	0.0140252	0.0589662	0.120732	0.057632	0.0198189	0.00847123	0.00354162	0.0021355	0.00116326	0.000548583	0.000209435	5.54198e-05	5.43151e-06	
0	0	0	0	0	0	0	0	0	0	0	0	0	0	0	0	0	0	0	0	0	0	0	0	0	0	0	0	0	0	0	0	0	0	0	0	0	0	0	0	0	0	0	0	0	0	0	0	0	0	0	0	0	3.76919e-07	3.88226e-05	0.00145312	0.00648159	0.0178846	0.0551232	0.117546	0.0602771	0.0175892	0.00663905	0.00404274	0.00229129	0.0011414	0.000476708	0.000137764	1.74325e-05	
0	0	0	0	0	0	0	0	0	0	0	0	0	0	0	0	0	0	0	0	0	0	0	0	0	0	0	0	0	0	0	0	0	0	0	0	0	0	0	0	0	0	0	0	0	0	0	0	0	0	0	0	0	4.40942e-07	1.48157e-05	0.000626579	0.00311226	0.00786765	0.0163744	0.0528532	0.124622	0.0555416	0.0145364	0.00782584	0.0044962	0.00237227	0.00104794	0.000329472	5.16784e-05	
0	0	0	0	0	0	0	0	0	0	0	0	0	0	0	0	0	0	0	0	0	0	0	0	0	0	0	0	0	0	0	0	0	0	0	0	0	0	0	0	0	0	0	0	0	0	0	0	0	0	0	0	0	0	3.5125e-06	0.000247144	0.001405	0.00385273	0.00705984	0.0156581	0.0578603	0.121212	0.0488584	0.0190449	0.00910343	0.00474802	0.00220468	0.000767482	0.000137573	
0	0	0	0	0	0	0	0	0	0	0	0	0	0	0	0	0	0	0	0	0	0	0	0	0	0	0	0	0	0	0	0	0	0	0	0	0	0	0	0	0	0	0	0	0	0	0	0	0	0	0	0	0	0	2.60004e-06	0.000106465	0.000709675	0.00206662	0.00388515	0.00774061	0.0197497	0.0649372	0.101818	0.0570845	0.0199488	0.00883522	0.00415911	0.00153704	0.000302153	
0	0	0	0	0	0	0	0	0	0	0	0	0	0	0	0	0	0	0	0	0	0	0	0	0	0	0	0	0	0	0	0	0	0	0	0	0	0	0	0	0	0	0	0	0	0	0	0	0	0	0	0	0	0	5.65873e-07	4.56943e-05	0.000361169	0.00115764	0.00229363	0.00456787	0.0103609	0.0247185	0.0560332	0.108787	0.0565423	0.0181539	0.00746528	0.00282541	0.000586952	
0	0	0	0	0	0	0	0	0	0	0	0	0	0	0	0	0	0	0	0	0	0	0	0	0	0	0	0	0	0	0	0	0	0	0	0	0	0	0	0	0	0	0	0	0	0	0	0	0	0	0	0	0	0	4.57098e-07	1.99599e-05	0.00017385	0.000599865	0.00125062	0.00263959	0.00599621	0.0119453	0.0197881	0.0577272	0.116788	0.0554031	0.0156833	0.00554597	0.00122959	
0	0	0	0	0	0	0	0	0	0	0	0	0	0	0	0	0	0	0	0	0	0	0	0	0	0	0	0	0	0	0	0	0	0	0	0	0	0	0	0	0	0	0	0	0	0	0	0	0	0	0	0	0	0	0	7.85033e-06	7.78055e-05	0.000273017	0.000634307	0.00138724	0.00332418	0.0066344	0.00932549	0.0195471	0.0595371	0.127866	0.0529416	0.0123299	0.0027675	
0	0	0	0	0	0	0	0	0	0	0	0	0	0	0	0	0	0	0	0	0	0	0	0	0	0	0	0	0	0	0	0	0	0	0	0	0	0	0	0	0	0	0	0	0	0	0	0	0	0	0	0	0	0	0	1.77792e-06	2.55576e-05	0.000111787	0.000265354	0.000670497	0.00171725	0.00355606	0.00503862	0.00928606	0.0194442	0.0625483	0.142873	0.0475717	0.00701277	
0	0	0	0	0	0	0	0	0	0	0	0	0	0	0	0	0	0	0	0	0	0	0	0	0	0	0	0	0	0	0	0	0	0	0	0	0	0	0	0	0	0	0	0	0	0	0	0	0	0	0	0	0	0	0	7.08824e-07	7.79707e-06	2.87074e-05	0.000110577	0.00024738	0.000759151	0.00174902	0.00262974	0.00492562	0.00951419	0.0201047	0.0681513	0.165281	0.0341582	
0	0	0	0	0	0	0	0	0	0	0	0	0	0	0	0	0	0	0	0	0	0	0	0	0	0	0	0	0	0	0	0	0	0	0	0	0	0	0	0	0	0	0	0	0	0	0	0	0	0	0	0	0	0	0	0	1.1886e-06	9.50877e-06	2.61491e-05	8.67675e-05	0.000285263	0.000769022	0.00120286	0.00249843	0.00556144	0.0114034	0.0252125	0.0928068	0.198118	  ); 
