numberOfGroups 69; 
capture ( 0.00373641   0.00130329  0.000242367  0.000763842   0.00151541   0.00176946    0.0016498   0.00176152   0.00219305   0.00298268   0.00441472   0.00603709   0.00745975   0.00908247    0.0106966    0.0116044    0.0151094    0.0153443    0.0203394    0.0246872     0.034755    0.0536441    0.0635666    0.0947267     0.118949    0.0568341     0.133022      0.01429     0.138781    0.0369692    0.0361101     0.121904     0.529045      2.04415      4.85017      15.2795      31.4148      19.1043      6.49602      2.75252      1.55117      0.89038      0.47497     0.271963      0.15885     0.160656     0.199944     0.465465     0.987604      1.50467      1.62147      1.26033      0.78927     0.482064      0.32893      0.26593     0.251062     0.253741     0.261026     0.270772     0.284548     0.302967      0.32335     0.346825     0.378904     0.425029      0.49842     0.636906     0.998623); 
fission ( 0.013262   0.0087322   0.0092123   0.0074105   0.0023621    0.001611    0.001363   0.0012909   0.0012985    0.001343   0.0013748   0.0014294   0.0015654   0.0017325   0.0020298   0.0024475   0.0032468   0.0033393   0.0054721   0.0076482    0.013422     0.02271    0.041379    0.013417    0.032434    0.092827     0.04437    0.013015    0.011566    0.011785    0.014545    0.019039    0.023015    0.026914    0.028375    0.031799    0.036823    0.034078    0.031258    0.031076    0.031656    0.032936    0.035726    0.040537    0.055765     0.10149     0.24198     0.65053      1.3854       2.073        2.26      1.7913      1.1339     0.69423     0.47937     0.40361     0.39726     0.41251     0.43235     0.45493     0.48427     0.52132     0.56048     0.60403     0.66178     0.74244     0.86741      1.0982      1.6968); 
nu ( 3.5605      3.1329      2.8789      2.7759      2.9477      2.9632      2.9313      2.9106      2.8969      2.8883      2.8824      2.8791      2.8768      2.8749       2.875      2.8737      2.8742      2.8732      2.8745      2.8593      2.8585      2.8666      2.8659        2.85      2.8527      2.8637      2.8896       2.881      2.8718      2.8835      2.8773      2.8779      2.8648      2.8351      2.8373      2.8451      2.8537      2.8548      2.8547      2.8559      2.8573      2.8587      2.8601      2.8607        2.86       2.858      2.8541      2.8524      2.8518      2.8519      2.8529      2.8561      2.8603       2.863      2.8653      2.8677      2.8693      2.8702      2.8707      2.8712      2.8716      2.8721      2.8724      2.8727       2.873      2.8733      2.8736      2.8739      2.8741); 
chi (   0.0283120215  0.1182940899  0.2168581648  0.2306011752  0.1739811322  0.1088790827  0.0615498468  0.0315334240  0.0155031118  0.0075465757  0.0036197528  0.0017286513  0.0008370196  0.0004032713  0.0001839961  0.0000828177  0.0000410291  0.0000217389  0.0000109954  0.0000089356  0.0000022784  0.0000005038  0.0000002075  0.0000000852  0.0000000333  0.0000000408  0.0000000111  0.0000000037  0.0000000037  0.0000000000  0.0000000000  0.0000000000  0.0000000000  0.0000000000  0.0000000000  0.0000000000  0.0000000000  0.0000000000  0.0000000000  0.0000000000  0.0000000000  0.0000000000  0.0000000000  0.0000000000  0.0000000000  0.0000000000  0.0000000000  0.0000000000  0.0000000000  0.0000000000  0.0000000000  0.0000000000  0.0000000000  0.0000000000  0.0000000000  0.0000000000  0.0000000000  0.0000000000  0.0000000000  0.0000000000  0.0000000000  0.0000000000  0.0000000000  0.0000000000  0.0000000000  0.0000000000  0.0000000000  0.0000000000  0.0000000000 ); 
 scatteringMultiplicity ( 
1	1	1.02354	1.07652	1.16678	1.28621	1.41159	1.5152	1.60955	1.6775	1.72232	1.72932	1.7449	1.7589	1.73753	1.78065	1.78571	1.73529	1.78571	1.66667	1.625	1.5	2	1	2	1	2	2	2	2	2	2	2	1	1	1	1	1	1	2	1	1	1	1	2	2	2	2	1	1	1	1	1	2	1	1	1	1	1	1	1	1	1	1	1	1	1	1	1	
1	1	1	1	1	1.00011	1.00027	1.00046	1.00059	1.00107	1.00107	1.00072	1.00063	1.00091	1.00142	1.00207	1.00462	1.00485	1	1.00893	1.01754	1	1	1	1	1	1	1	1	1	1	1	1	1	1	1	1	1	1	1	1	1	1	1	1	1	1	1	1	1	1	1	1	1	1	1	1	1	1	1	1	1	1	1	1	1	1	1	1	
1	1	1	1	1	1	1	1	1	1	1	1	1	1	1	1	1	1	1	1	1	1	1	1	1	1	1	1	1	1	1	1	1	1	1	1	1	1	1	1	1	1	1	1	1	1	1	1	1	1	1	1	1	1	1	1	1	1	1	1	1	1	1	1	1	1	1	1	1	
1	1	1	1	1	1	1	1	1	1	1	1	1	1	1	1	1	1	1	1	1	1	1	1	1	1	1	1	1	1	1	1	1	1	1	1	1	1	1	1	1	1	1	1	1	1	1	1	1	1	1	1	1	1	1	1	1	1	1	1	1	1	1	1	1	1	1	1	1	
1	1	1	1	1	1	1	1	1	1	1	1	1	1	1	1	1	1	1	1	1	1	1	1	1	1	1	1	1	1	1	1	1	1	1	1	1	1	1	1	1	1	1	1	1	1	1	1	1	1	1	1	1	1	1	1	1	1	1	1	1	1	1	1	1	1	1	1	1	
1	1	1	1	1	1	1	1	1	1	1	1	1	1	1	1	1	1	1	1	1	1	1	1	1	1	1	1	1	1	1	1	1	1	1	1	1	1	1	1	1	1	1	1	1	1	1	1	1	1	1	1	1	1	1	1	1	1	1	1	1	1	1	1	1	1	1	1	1	
1	1	1	1	1	1	1	1	1	1	1	1	1	1	1	1	1	1	1	1	1	1	1	1	1	1	1	1	1	1	1	1	1	1	1	1	1	1	1	1	1	1	1	1	1	1	1	1	1	1	1	1	1	1	1	1	1	1	1	1	1	1	1	1	1	1	1	1	1	
1	1	1	1	1	1	1	1	1	1	1	1	1	1	1	1	1	1	1	1	1	1	1	1	1	1	1	1	1	1	1	1	1	1	1	1	1	1	1	1	1	1	1	1	1	1	1	1	1	1	1	1	1	1	1	1	1	1	1	1	1	1	1	1	1	1	1	1	1	
1	1	1	1	1	1	1	1	1	1	1	1	1	1	1	1	1	1	1	1	1	1	1	1	1	1	1	1	1	1	1	1	1	1	1	1	1	1	1	1	1	1	1	1	1	1	1	1	1	1	1	1	1	1	1	1	1	1	1	1	1	1	1	1	1	1	1	1	1	
1	1	1	1	1	1	1	1	1	1	1	1	1	1	1	1	1	1	1	1	1	1	1	1	1	1	1	1	1	1	1	1	1	1	1	1	1	1	1	1	1	1	1	1	1	1	1	1	1	1	1	1	1	1	1	1	1	1	1	1	1	1	1	1	1	1	1	1	1	
1	1	1	1	1	1	1	1	1	1	1	1	1	1	1	1	1	1	1	1	1	1	1	1	1	1	1	1	1	1	1	1	1	1	1	1	1	1	1	1	1	1	1	1	1	1	1	1	1	1	1	1	1	1	1	1	1	1	1	1	1	1	1	1	1	1	1	1	1	
1	1	1	1	1	1	1	1	1	1	1	1	1	1	1	1	1	1	1	1	1	1	1	1	1	1	1	1	1	1	1	1	1	1	1	1	1	1	1	1	1	1	1	1	1	1	1	1	1	1	1	1	1	1	1	1	1	1	1	1	1	1	1	1	1	1	1	1	1	
1	1	1	1	1	1	1	1	1	1	1	1	1	1	1	1	1	1	1	1	1	1	1	1	1	1	1	1	1	1	1	1	1	1	1	1	1	1	1	1	1	1	1	1	1	1	1	1	1	1	1	1	1	1	1	1	1	1	1	1	1	1	1	1	1	1	1	1	1	
1	1	1	1	1	1	1	1	1	1	1	1	1	1	1	1	1	1	1	1	1	1	1	1	1	1	1	1	1	1	1	1	1	1	1	1	1	1	1	1	1	1	1	1	1	1	1	1	1	1	1	1	1	1	1	1	1	1	1	1	1	1	1	1	1	1	1	1	1	
1	1	1	1	1	1	1	1	1	1	1	1	1	1	1	1	1	1	1	1	1	1	1	1	1	1	1	1	1	1	1	1	1	1	1	1	1	1	1	1	1	1	1	1	1	1	1	1	1	1	1	1	1	1	1	1	1	1	1	1	1	1	1	1	1	1	1	1	1	
1	1	1	1	1	1	1	1	1	1	1	1	1	1	1	1	1	1	1	1	1	1	1	1	1	1	1	1	1	1	1	1	1	1	1	1	1	1	1	1	1	1	1	1	1	1	1	1	1	1	1	1	1	1	1	1	1	1	1	1	1	1	1	1	1	1	1	1	1	
1	1	1	1	1	1	1	1	1	1	1	1	1	1	1	1	1	1	1	1	1	1	1	1	1	1	1	1	1	1	1	1	1	1	1	1	1	1	1	1	1	1	1	1	1	1	1	1	1	1	1	1	1	1	1	1	1	1	1	1	1	1	1	1	1	1	1	1	1	
1	1	1	1	1	1	1	1	1	1	1	1	1	1	1	1	1	1	1	1	1	1	1	1	1	1	1	1	1	1	1	1	1	1	1	1	1	1	1	1	1	1	1	1	1	1	1	1	1	1	1	1	1	1	1	1	1	1	1	1	1	1	1	1	1	1	1	1	1	
1	1	1	1	1	1	1	1	1	1	1	1	1	1	1	1	1	1	1	1	1	1	1	1	1	1	1	1	1	1	1	1	1	1	1	1	1	1	1	1	1	1	1	1	1	1	1	1	1	1	1	1	1	1	1	1	1	1	1	1	1	1	1	1	1	1	1	1	1	
1	1	1	1	1	1	1	1	1	1	1	1	1	1	1	1	1	1	1	1	1	1	1	1	1	1	1	1	1	1	1	1	1	1	1	1	1	1	1	1	1	1	1	1	1	1	1	1	1	1	1	1	1	1	1	1	1	1	1	1	1	1	1	1	1	1	1	1	1	
1	1	1	1	1	1	1	1	1	1	1	1	1	1	1	1	1	1	1	1	1	1	1	1	1	1	1	1	1	1	1	1	1	1	1	1	1	1	1	1	1	1	1	1	1	1	1	1	1	1	1	1	1	1	1	1	1	1	1	1	1	1	1	1	1	1	1	1	1	
1	1	1	1	1	1	1	1	1	1	1	1	1	1	1	1	1	1	1	1	1	1	1	1	1	1	1	1	1	1	1	1	1	1	1	1	1	1	1	1	1	1	1	1	1	1	1	1	1	1	1	1	1	1	1	1	1	1	1	1	1	1	1	1	1	1	1	1	1	
1	1	1	1	1	1	1	1	1	1	1	1	1	1	1	1	1	1	1	1	1	1	1	1	1	1	1	1	1	1	1	1	1	1	1	1	1	1	1	1	1	1	1	1	1	1	1	1	1	1	1	1	1	1	1	1	1	1	1	1	1	1	1	1	1	1	1	1	1	
1	1	1	1	1	1	1	1	1	1	1	1	1	1	1	1	1	1	1	1	1	1	1	1	1	1	1	1	1	1	1	1	1	1	1	1	1	1	1	1	1	1	1	1	1	1	1	1	1	1	1	1	1	1	1	1	1	1	1	1	1	1	1	1	1	1	1	1	1	
1	1	1	1	1	1	1	1	1	1	1	1	1	1	1	1	1	1	1	1	1	1	1	1	1	1	1	1	1	1	1	1	1	1	1	1	1	1	1	1	1	1	1	1	1	1	1	1	1	1	1	1	1	1	1	1	1	1	1	1	1	1	1	1	1	1	1	1	1	
1	1	1	1	1	1	1	1	1	1	1	1	1	1	1	1	1	1	1	1	1	1	1	1	1	1	1	1	1	1	1	1	1	1	1	1	1	1	1	1	1	1	1	1	1	1	1	1	1	1	1	1	1	1	1	1	1	1	1	1	1	1	1	1	1	1	1	1	1	
1	1	1	1	1	1	1	1	1	1	1	1	1	1	1	1	1	1	1	1	1	1	1	1	1	1	1	1	1	1	1	1	1	1	1	1	1	1	1	1	1	1	1	1	1	1	1	1	1	1	1	1	1	1	1	1	1	1	1	1	1	1	1	1	1	1	1	1	1	
1	1	1	1	1	1	1	1	1	1	1	1	1	1	1	1	1	1	1	1	1	1	1	1	1	1	1	1	1	1	1	1	1	1	1	1	1	1	1	1	1	1	1	1	1	1	1	1	1	1	1	1	1	1	1	1	1	1	1	1	1	1	1	1	1	1	1	1	1	
1	1	1	1	1	1	1	1	1	1	1	1	1	1	1	1	1	1	1	1	1	1	1	1	1	1	1	1	1	1	1	1	1	1	1	1	1	1	1	1	1	1	1	1	1	1	1	1	1	1	1	1	1	1	1	1	1	1	1	1	1	1	1	1	1	1	1	1	1	
1	1	1	1	1	1	1	1	1	1	1	1	1	1	1	1	1	1	1	1	1	1	1	1	1	1	1	1	1	1	1	1	1	1	1	1	1	1	1	1	1	1	1	1	1	1	1	1	1	1	1	1	1	1	1	1	1	1	1	1	1	1	1	1	1	1	1	1	1	
1	1	1	1	1	1	1	1	1	1	1	1	1	1	1	1	1	1	1	1	1	1	1	1	1	1	1	1	1	1	1	1	1	1	1	1	1	1	1	1	1	1	1	1	1	1	1	1	1	1	1	1	1	1	1	1	1	1	1	1	1	1	1	1	1	1	1	1	1	
1	1	1	1	1	1	1	1	1	1	1	1	1	1	1	1	1	1	1	1	1	1	1	1	1	1	1	1	1	1	1	1	1	1	1	1	1	1	1	1	1	1	1	1	1	1	1	1	1	1	1	1	1	1	1	1	1	1	1	1	1	1	1	1	1	1	1	1	1	
1	1	1	1	1	1	1	1	1	1	1	1	1	1	1	1	1	1	1	1	1	1	1	1	1	1	1	1	1	1	1	1	1	1	1	1	1	1	1	1	1	1	1	1	1	1	1	1	1	1	1	1	1	1	1	1	1	1	1	1	1	1	1	1	1	1	1	1	1	
1	1	1	1	1	1	1	1	1	1	1	1	1	1	1	1	1	1	1	1	1	1	1	1	1	1	1	1	1	1	1	1	1	1	1	1	1	1	1	1	1	1	1	1	1	1	1	1	1	1	1	1	1	1	1	1	1	1	1	1	1	1	1	1	1	1	1	1	1	
1	1	1	1	1	1	1	1	1	1	1	1	1	1	1	1	1	1	1	1	1	1	1	1	1	1	1	1	1	1	1	1	1	1	1	1	1	1	1	1	1	1	1	1	1	1	1	1	1	1	1	1	1	1	1	1	1	1	1	1	1	1	1	1	1	1	1	1	1	
1	1	1	1	1	1	1	1	1	1	1	1	1	1	1	1	1	1	1	1	1	1	1	1	1	1	1	1	1	1	1	1	1	1	1	1	1	1	1	1	1	1	1	1	1	1	1	1	1	1	1	1	1	1	1	1	1	1	1	1	1	1	1	1	1	1	1	1	1	
1	1	1	1	1	1	1	1	1	1	1	1	1	1	1	1	1	1	1	1	1	1	1	1	1	1	1	1	1	1	1	1	1	1	1	1	1	1	1	1	1	1	1	1	1	1	1	1	1	1	1	1	1	1	1	1	1	1	1	1	1	1	1	1	1	1	1	1	1	
1	1	1	1	1	1	1	1	1	1	1	1	1	1	1	1	1	1	1	1	1	1	1	1	1	1	1	1	1	1	1	1	1	1	1	1	1	1	1	1	1	1	1	1	1	1	1	1	1	1	1	1	1	1	1	1	1	1	1	1	1	1	1	1	1	1	1	1	1	
1	1	1	1	1	1	1	1	1	1	1	1	1	1	1	1	1	1	1	1	1	1	1	1	1	1	1	1	1	1	1	1	1	1	1	1	1	1	1	1	1	1	1	1	1	1	1	1	1	1	1	1	1	1	1	1	1	1	1	1	1	1	1	1	1	1	1	1	1	
1	1	1	1	1	1	1	1	1	1	1	1	1	1	1	1	1	1	1	1	1	1	1	1	1	1	1	1	1	1	1	1	1	1	1	1	1	1	1	1	1	1	1	1	1	1	1	1	1	1	1	1	1	1	1	1	1	1	1	1	1	1	1	1	1	1	1	1	1	
1	1	1	1	1	1	1	1	1	1	1	1	1	1	1	1	1	1	1	1	1	1	1	1	1	1	1	1	1	1	1	1	1	1	1	1	1	1	1	1	1	1	1	1	1	1	1	1	1	1	1	1	1	1	1	1	1	1	1	1	1	1	1	1	1	1	1	1	1	
1	1	1	1	1	1	1	1	1	1	1	1	1	1	1	1	1	1	1	1	1	1	1	1	1	1	1	1	1	1	1	1	1	1	1	1	1	1	1	1	1	1	1	1	1	1	1	1	1	1	1	1	1	1	1	1	1	1	1	1	1	1	1	1	1	1	1	1	1	
1	1	1	1	1	1	1	1	1	1	1	1	1	1	1	1	1	1	1	1	1	1	1	1	1	1	1	1	1	1	1	1	1	1	1	1	1	1	1	1	1	1	1	1	1	1	1	1	1	1	1	1	1	1	1	1	1	1	1	1	1	1	1	1	1	1	1	1	1	
1	1	1	1	1	1	1	1	1	1	1	1	1	1	1	1	1	1	1	1	1	1	1	1	1	1	1	1	1	1	1	1	1	1	1	1	1	1	1	1	1	1	1	1	1	1	1	1	1	1	1	1	1	1	1	1	1	1	1	1	1	1	1	1	1	1	1	1	1	
1	1	1	1	1	1	1	1	1	1	1	1	1	1	1	1	1	1	1	1	1	1	1	1	1	1	1	1	1	1	1	1	1	1	1	1	1	1	1	1	1	1	1	1	1	1	1	1	1	1	1	1	1	1	1	1	1	1	1	1	1	1	1	1	1	1	1	1	1	
1	1	1	1	1	1	1	1	1	1	1	1	1	1	1	1	1	1	1	1	1	1	1	1	1	1	1	1	1	1	1	1	1	1	1	1	1	1	1	1	1	1	1	1	1	1	1	1	1	1	1	1	1	1	1	1	1	1	1	1	1	1	1	1	1	1	1	1	1	
1	1	1	1	1	1	1	1	1	1	1	1	1	1	1	1	1	1	1	1	1	1	1	1	1	1	1	1	1	1	1	1	1	1	1	1	1	1	1	1	1	1	1	1	1	1	1	1	1	1	1	1	1	1	1	1	1	1	1	1	1	1	1	1	1	1	1	1	1	
1	1	1	1	1	1	1	1	1	1	1	1	1	1	1	1	1	1	1	1	1	1	1	1	1	1	1	1	1	1	1	1	1	1	1	1	1	1	1	1	1	1	1	1	1	1	1	1	1	1	1	1	1	1	1	1	1	1	1	1	1	1	1	1	1	1	1	1	1	
1	1	1	1	1	1	1	1	1	1	1	1	1	1	1	1	1	1	1	1	1	1	1	1	1	1	1	1	1	1	1	1	1	1	1	1	1	1	1	1	1	1	1	1	1	1	1	1	1	1	1	1	1	1	1	1	1	1	1	1	1	1	1	1	1	1	1	1	1	
1	1	1	1	1	1	1	1	1	1	1	1	1	1	1	1	1	1	1	1	1	1	1	1	1	1	1	1	1	1	1	1	1	1	1	1	1	1	1	1	1	1	1	1	1	1	1	1	1	1	1	1	1	1	1	1	1	1	1	1	1	1	1	1	1	1	1	1	1	
1	1	1	1	1	1	1	1	1	1	1	1	1	1	1	1	1	1	1	1	1	1	1	1	1	1	1	1	1	1	1	1	1	1	1	1	1	1	1	1	1	1	1	1	1	1	1	1	1	1	1	1	1	1	1	1	1	1	1	1	1	1	1	1	1	1	1	1	1	
1	1	1	1	1	1	1	1	1	1	1	1	1	1	1	1	1	1	1	1	1	1	1	1	1	1	1	1	1	1	1	1	1	1	1	1	1	1	1	1	1	1	1	1	1	1	1	1	1	1	1	1	1	1	1	1	1	1	1	1	1	1	1	1	1	1	1	1	1	
1	1	1	1	1	1	1	1	1	1	1	1	1	1	1	1	1	1	1	1	1	1	1	1	1	1	1	1	1	1	1	1	1	1	1	1	1	1	1	1	1	1	1	1	1	1	1	1	1	1	1	1	1	1	1	1	1	1	1	1	1	1	1	1	1	1	1	1	1	
1	1	1	1	1	1	1	1	1	1	1	1	1	1	1	1	1	1	1	1	1	1	1	1	1	1	1	1	1	1	1	1	1	1	1	1	1	1	1	1	1	1	1	1	1	1	1	1	1	1	1	1	1	1	1	1	1	1	1	1	1	1	1	1	1	1	1	1	1	
1	1	1	1	1	1	1	1	1	1	1	1	1	1	1	1	1	1	1	1	1	1	1	1	1	1	1	1	1	1	1	1	1	1	1	1	1	1	1	1	1	1	1	1	1	1	1	1	1	1	1	1	1	1	1	1	1	1	1	1	1	1	1	1	1	1	1	1	1	
1	1	1	1	1	1	1	1	1	1	1	1	1	1	1	1	1	1	1	1	1	1	1	1	1	1	1	1	1	1	1	1	1	1	1	1	1	1	1	1	1	1	1	1	1	1	1	1	1	1	1	1	1	1	1	1	1	1	1	1	1	1	1	1	1	1	1	1	1	
1	1	1	1	1	1	1	1	1	1	1	1	1	1	1	1	1	1	1	1	1	1	1	1	1	1	1	1	1	1	1	1	1	1	1	1	1	1	1	1	1	1	1	1	1	1	1	1	1	1	1	1	1	1	1	1	1	1	1	1	1	1	1	1	1	1	1	1	1	
1	1	1	1	1	1	1	1	1	1	1	1	1	1	1	1	1	1	1	1	1	1	1	1	1	1	1	1	1	1	1	1	1	1	1	1	1	1	1	1	1	1	1	1	1	1	1	1	1	1	1	1	1	1	1	1	1	1	1	1	1	1	1	1	1	1	1	1	1	
1	1	1	1	1	1	1	1	1	1	1	1	1	1	1	1	1	1	1	1	1	1	1	1	1	1	1	1	1	1	1	1	1	1	1	1	1	1	1	1	1	1	1	1	1	1	1	1	1	1	1	1	1	1	1	1	1	1	1	1	1	1	1	1	1	1	1	1	1	
1	1	1	1	1	1	1	1	1	1	1	1	1	1	1	1	1	1	1	1	1	1	1	1	1	1	1	1	1	1	1	1	1	1	1	1	1	1	1	1	1	1	1	1	1	1	1	1	1	1	1	1	1	1	1	1	1	1	1	1	1	1	1	1	1	1	1	1	1	
1	1	1	1	1	1	1	1	1	1	1	1	1	1	1	1	1	1	1	1	1	1	1	1	1	1	1	1	1	1	1	1	1	1	1	1	1	1	1	1	1	1	1	1	1	1	1	1	1	1	1	1	1	1	1	1	1	1	1	1	1	1	1	1	1	1	1	1	1	
1	1	1	1	1	1	1	1	1	1	1	1	1	1	1	1	1	1	1	1	1	1	1	1	1	1	1	1	1	1	1	1	1	1	1	1	1	1	1	1	1	1	1	1	1	1	1	1	1	1	1	1	1	1	1	1	1	1	1	1	1	1	1	1	1	1	1	1	1	
1	1	1	1	1	1	1	1	1	1	1	1	1	1	1	1	1	1	1	1	1	1	1	1	1	1	1	1	1	1	1	1	1	1	1	1	1	1	1	1	1	1	1	1	1	1	1	1	1	1	1	1	1	1	1	1	1	1	1	1	1	1	1	1	1	1	1	1	1	
1	1	1	1	1	1	1	1	1	1	1	1	1	1	1	1	1	1	1	1	1	1	1	1	1	1	1	1	1	1	1	1	1	1	1	1	1	1	1	1	1	1	1	1	1	1	1	1	1	1	1	1	1	1	1	1	1	1	1	1	1	1	1	1	1	1	1	1	1	
1	1	1	1	1	1	1	1	1	1	1	1	1	1	1	1	1	1	1	1	1	1	1	1	1	1	1	1	1	1	1	1	1	1	1	1	1	1	1	1	1	1	1	1	1	1	1	1	1	1	1	1	1	1	1	1	1	1	1	1	1	1	1	1	1	1	1	1	1	
1	1	1	1	1	1	1	1	1	1	1	1	1	1	1	1	1	1	1	1	1	1	1	1	1	1	1	1	1	1	1	1	1	1	1	1	1	1	1	1	1	1	1	1	1	1	1	1	1	1	1	1	1	1	1	1	1	1	1	1	1	1	1	1	1	1	1	1	1	
1	1	1	1	1	1	1	1	1	1	1	1	1	1	1	1	1	1	1	1	1	1	1	1	1	1	1	1	1	1	1	1	1	1	1	1	1	1	1	1	1	1	1	1	1	1	1	1	1	1	1	1	1	1	1	1	1	1	1	1	1	1	1	1	1	1	1	1	1	
1	1	1	1	1	1	1	1	1	1	1	1	1	1	1	1	1	1	1	1	1	1	1	1	1	1	1	1	1	1	1	1	1	1	1	1	1	1	1	1	1	1	1	1	1	1	1	1	1	1	1	1	1	1	1	1	1	1	1	1	1	1	1	1	1	1	1	1	1	
1	1	1	1	1	1	1	1	1	1	1	1	1	1	1	1	1	1	1	1	1	1	1	1	1	1	1	1	1	1	1	1	1	1	1	1	1	1	1	1	1	1	1	1	1	1	1	1	1	1	1	1	1	1	1	1	1	1	1	1	1	1	1	1	1	1	1	1	1	  ); 
P0 ( 
0.0176115	0.0108044	0.00237591	0.00622759	0.00754049	0.00576777	0.00353279	0.00188373	0.000888037	0.0003949	0.000172764	7.74106e-05	3.64148e-05	1.84725e-05	8.08039e-06	3.2873e-06	1.48459e-06	7.21085e-07	5.93835e-07	4.45376e-07	1.69667e-07	4.24168e-08	6.36252e-08	0	2.12084e-08	2.12084e-08	3.60543e-07	1.69667e-07	1.48459e-07	1.2725e-07	2.96917e-07	2.12084e-08	4.24168e-08	0	0	0	0	0	0	2.12084e-08	0	0	0	0	6.36252e-08	6.36252e-08	2.12084e-08	2.12084e-08	0	0	0	0	0	2.12084e-08	0	0	0	0	0	0	0	0	0	0	0	0	0	0	0	
0	0.0305757	0.0147509	0.00337188	0.00696671	0.00810858	0.00649148	0.00378742	0.00178189	0.000743476	0.00028813	0.000115277	4.97811e-05	2.28011e-05	1.09994e-05	5.04376e-06	2.25615e-06	1.07336e-06	4.32471e-07	5.83576e-07	2.96998e-07	5.73155e-08	2.60525e-08	1.56315e-08	5.2105e-09	1.0421e-08	0	0	0	0	0	0	0	0	0	0	0	0	0	0	0	0	0	0	0	0	0	0	0	0	0	0	0	0	0	0	0	0	0	0	0	0	0	0	0	0	0	0	0	
0	0	0.0442858	0.0108873	0.00896769	0.00842439	0.00624966	0.00346321	0.00158374	0.000658293	0.000257316	0.000104437	4.53841e-05	2.1267e-05	9.87239e-06	4.53788e-06	2.24791e-06	1.1279e-06	5.04793e-07	4.86389e-07	2.07701e-07	3.68078e-08	1.31457e-08	1.05165e-08	1.57748e-08	5.25826e-09	0	0	0	0	0	0	0	0	0	0	0	0	0	0	0	0	0	0	0	0	0	0	0	0	0	0	0	0	0	0	0	0	0	0	0	0	0	0	0	0	0	0	0	
0	0	7.49181e-09	0.0563544	0.0213405	0.0109254	0.00852858	0.00346744	0.00127803	0.000511983	0.000197404	8.08641e-05	3.57085e-05	1.61748e-05	7.80397e-06	3.39878e-06	1.67317e-06	8.24099e-07	4.07055e-07	4.12049e-07	1.79803e-07	3.99563e-08	1.24863e-08	7.49181e-09	7.49181e-09	4.99454e-09	0	0	0	0	0	0	0	0	0	0	0	0	0	0	0	0	0	0	0	0	0	0	0	0	0	0	0	2.49727e-09	6.24317e-08	1.27361e-07	5.99345e-08	4.49508e-08	2.24754e-08	2.24754e-08	1.99782e-08	1.74809e-08	1.49836e-08	2.49727e-09	4.99454e-09	0	2.49727e-09	2.49727e-09	0	
0	0	0	1.64564e-08	0.105862	0.0344867	0.00405178	0.00498932	0.00308067	0.00113956	0.000442674	0.000173845	7.90263e-05	3.47449e-05	1.52167e-05	6.06418e-06	3.0938e-06	1.43171e-06	6.69226e-07	4.19638e-07	7.95392e-08	8.22819e-09	0	0	0	0	0	0	0	0	0	0	0	0	0	0	0	0	0	0	0	0	0	0	0	0	0	0	0	0	0	0	0	1.91991e-08	9.32529e-08	2.02962e-07	1.2068e-07	3.56555e-08	4.66264e-08	1.09709e-08	2.46846e-08	2.19418e-08	8.22819e-09	8.22819e-09	0	8.22819e-09	0	0	0	
0	0	0	0	0	0.125874	0.0199385	0.000125713	0.000324092	0.000472468	0.000250035	0.00013106	5.62038e-05	2.53309e-05	1.1577e-05	4.46528e-06	1.81361e-06	7.44645e-07	2.93188e-07	2.54269e-07	2.85404e-08	2.59458e-09	2.59458e-09	0	0	2.59458e-09	0	0	0	0	0	0	0	0	0	0	0	0	0	0	0	0	0	0	0	0	0	0	0	0	0	0	0	0	0	0	0	0	0	0	0	0	0	0	0	0	0	0	0	
0	0	0	0	0	0	0.19049	0.0387626	0.000148155	1.89729e-05	7.35935e-06	3.31267e-06	1.77931e-06	4.9959e-07	2.03679e-07	1.95993e-07	3.4587e-08	3.0744e-08	1.1529e-08	3.843e-09	0	0	0	0	0	0	0	0	0	0	0	0	0	0	0	0	0	0	0	7.686e-09	1.5372e-08	1.1529e-08	1.1529e-08	1.5372e-08	4.6116e-08	4.2273e-08	5.3802e-08	1.9215e-08	1.1529e-08	7.686e-09	7.686e-09	7.686e-09	3.843e-09	1.1529e-08	3.843e-09	7.686e-09	3.843e-09	0	0	0	3.843e-09	0	0	0	0	0	0	0	0	
0	0	0	0	0	0	0	0.194932	0.0284153	7.25631e-05	2.25247e-05	4.93645e-06	9.49653e-07	5.60164e-07	1.92556e-07	8.31494e-08	2.62577e-08	8.75256e-09	0	0	0	0	0	0	0	0	0	0	0	0	0	0	0	0	0	0	0	0	0	0	0	0	0	0	0	0	0	0	0	0	0	0	0	0	0	0	0	0	0	0	0	0	0	0	0	0	0	0	0	
0	0	0	0	0	0	0	0	0.206486	0.0299232	0.000237334	5.89875e-06	2.77485e-06	9.48221e-07	5.00288e-07	8.14423e-08	3.49038e-08	3.49038e-08	0	1.16346e-08	0	0	0	0	0	0	0	0	0	0	0	0	0	0	0	0	0	0	0	0	0	0	0	0	0	0	0	0	0	0	0	0	0	0	0	0	0	0	0	0	0	0	0	0	0	0	0	0	0	
0	0	0	0	0	0	0	0	0	0.222675	0.028732	0.00165878	0.00023627	1.58863e-06	2.21836e-07	8.5872e-08	1.4312e-08	0	0	0	0	0	0	0	0	0	0	0	0	0	0	0	0	0	0	0	0	0	0	0	0	0	0	0	0	0	0	0	0	0	0	0	0	0	0	0	0	0	0	0	0	0	0	0	0	0	0	0	0	
0	0	0	0	0	0	0	0	0	0	0.239042	0.0263053	0.00060335	0.000371689	0.000147876	5.25395e-05	2.15613e-05	9.38355e-06	3.61997e-06	2.13528e-06	3.75342e-07	5.83865e-08	8.34093e-09	8.34093e-09	8.34093e-09	8.34093e-09	0	0	0	0	0	0	0	0	0	0	0	0	0	0	0	0	0	0	0	0	0	0	0	0	0	0	0	0	0	0	0	0	0	0	0	0	0	0	0	0	0	0	0	
0	0	0	0	0	0	0	0	0	0	0	0.2503	0.0271147	3.73145e-08	0	0	0	0	0	0	0	0	0	0	0	0	0	0	0	0	0	0	0	0	0	0	0	0	0	0	0	0	0	0	0	0	0	0	0	0	0	0	0	0	0	0	0	0	0	0	0	0	0	0	0	0	0	0	0	
0	0	0	0	0	0	0	0	0	0	0	0	0.256956	0.0276169	5.48419e-05	4.02584e-08	2.01292e-08	1.00646e-08	0	0	0	0	0	0	0	0	0	0	0	0	0	0	0	0	0	0	0	0	0	0	0	0	0	0	0	0	0	0	0	0	0	0	0	0	0	0	0	0	0	0	0	0	0	0	0	0	0	0	0	
0	0	0	0	0	0	0	0	0	0	0	0	0	0.256863	0.0275278	6.54471e-05	4.54148e-05	3.09454e-05	7.52668e-06	1.06159e-08	0	0	0	0	0	0	0	0	0	0	0	0	0	0	0	0	0	0	0	0	0	0	0	0	0	0	0	0	0	0	0	0	0	0	0	0	0	0	0	0	0	0	0	0	0	0	0	0	0	
0	0	0	0	0	0	0	0	0	0	0	0	0	0	0.263523	0.0276096	0	0	1.07861e-05	1.20654e-05	2.58072e-06	4.63207e-07	1.10287e-07	6.61724e-08	0	0	0	0	0	0	0	0	0	0	0	0	0	0	0	0	0	0	0	0	0	0	0	0	0	0	0	0	0	0	0	0	0	0	0	0	0	0	0	0	0	0	0	0	0	
0	0	0	0	0	0	0	0	0	0	0	0	0	0	0	0.266619	0.0306045	0	0	0	0	0	0	0	0	0	0	0	0	0	0	0	0	0	0	0	0	0	0	0	0	0	0	0	0	0	0	0	0	0	0	0	0	0	0	0	0	0	0	0	0	0	0	0	0	0	0	0	0	
0	0	0	0	0	0	0	0	0	0	0	0	0	0	0	0	0.281343	0.0311181	0	0	0	0	0	0	0	0	0	0	0	0	0	0	0	0	0	0	0	0	0	0	0	0	0	0	0	0	0	0	0	0	0	0	0	0	0	0	0	0	0	0	0	0	0	0	0	0	0	0	0	
0	0	0	0	0	0	0	0	0	0	0	0	0	0	0	0	0	0.2705	0.030812	0	0	0	0	0	0	0	0	0	0	0	0	0	0	0	0	0	0	0	0	0	0	0	0	0	0	0	0	0	0	0	0	0	0	0	0	0	0	0	0	0	0	0	0	0	0	0	0	0	0	
0	0	0	0	0	0	0	0	0	0	0	0	0	0	0	0	0	0	0.271237	0.0301319	0	0	0	0	0	0	0	0	0	0	0	0	0	0	0	0	0	0	0	0	0	0	0	0	0	0	0	0	0	0	0	0	0	0	0	0	0	0	0	0	0	0	0	0	0	0	0	0	0	
0	0	0	0	0	0	0	0	0	0	0	0	0	0	0	0	0	0	0	0.261165	0.0152601	0	0	0	0	0	0	0	0	0	0	0	0	0	0	0	0	0	0	0	0	0	0	0	0	0	0	0	0	0	0	0	0	0	0	0	0	0	0	0	0	0	0	0	0	0	0	0	0	
0	0	0	0	0	0	0	0	0	0	0	0	0	0	0	0	0	0	0	0	0.294776	0.0151923	0	0	0	0	0	0	0	0	0	0	0	0	0	0	0	0	0	0	0	0	0	0	0	0	0	0	0	0	0	0	0	0	0	0	0	0	0	0	0	0	0	0	0	0	0	0	0	
0	0	0	0	0	0	0	0	0	0	0	0	0	0	0	0	0	0	0	0	0	0.284658	0.0201556	0	0	0	0	0	0	0	0	0	0	0	0	0	0	0	0	0	0	0	0	0	0	0	0	0	0	0	0	0	0	0	0	0	0	0	0	0	0	0	0	0	0	0	0	0	0	
0	0	0	0	0	0	0	0	0	0	0	0	0	0	0	0	0	0	0	0	0	0	0.262972	0.0317681	0	0	0	0	0	0	0	0	0	0	0	0	0	0	0	0	0	0	0	0	0	0	0	0	0	0	0	0	0	0	0	0	0	0	0	0	0	0	0	0	0	0	0	0	0	
0	0	0	0	0	0	0	0	0	0	0	0	0	0	0	0	0	0	0	0	0	0	0	0.309356	0.0265673	0	0	0	0	0	0	0	0	0	0	0	0	0	0	0	0	0	0	0	0	0	0	0	0	0	0	0	0	0	0	0	0	0	0	0	0	0	0	0	0	0	0	0	0	
0	0	0	0	0	0	0	0	0	0	0	0	0	0	0	0	0	0	0	0	0	0	0	0	0.235241	0.0251432	0	0	0	0	0	0	0	0	0	0	0	0	0	0	0	0	0	0	0	0	0	0	0	0	0	0	0	0	0	0	0	0	0	0	0	0	0	0	0	0	0	0	0	
0	0	0	0	0	0	0	0	0	0	0	0	0	0	0	0	0	0	0	0	0	0	0	0	0	0.196255	0.0277507	0	0	0	0	0	0	0	0	0	0	0	0	0	0	0	0	0	0	0	0	0	0	0	0	0	0	0	0	0	0	0	0	0	0	0	0	0	0	0	0	0	0	
0	0	0	0	0	0	0	0	0	0	0	0	0	0	0	0	0	0	0	0	0	0	0	0	0	6.61814e-05	0.215249	0.0148734	0.00128836	1.6463e-07	0	0	0	0	0	0	0	0	0	0	0	0	0	0	0	0	0	0	0	0	0	0	0	0	0	0	0	0	0	0	0	0	0	0	0	0	0	0	0	
0	0	0	0	0	0	0	0	0	0	0	0	0	0	0	0	0	0	0	0	0	0	0	0	0	0	0.000807003	0.154879	0.0624167	0.00226436	7.61746e-07	0	0	0	0	0	0	0	0	0	0	0	0	0	0	0	0	0	0	0	0	0	0	0	0	0	0	0	0	0	0	0	0	0	0	0	0	0	0	
0	0	0	0	0	0	0	0	0	0	0	0	0	0	0	0	0	0	0	0	0	0	0	0	0	0	0	0.0010148	0.187441	0.046389	0.00254845	0	0	0	0	0	0	0	0	0	0	0	0	0	0	0	0	0	0	0	0	0	0	0	0	0	0	0	0	0	0	0	0	0	0	0	0	0	0	
0	0	0	0	0	0	0	0	0	0	0	0	0	0	0	0	0	0	0	0	0	0	0	0	0	0	0	0	0.00122104	0.166732	0.0600552	0.000306151	3.17477e-06	4.29023e-08	0	0	0	0	0	0	0	0	0	0	0	0	0	0	0	0	0	0	0	0	0	0	0	0	0	0	0	0	0	0	0	0	0	0	0	
0	0	0	0	0	0	0	0	0	0	0	0	0	0	0	0	0	0	0	0	0	0	0	0	0	0	0	0	0	0.00114581	0.191773	0.0315057	0.00733933	0.000497738	0.00032717	0.000225775	0.000144395	8.48379e-05	5.03194e-05	2.88465e-05	1.45583e-05	1.21814e-05	4.88878e-06	6.75246e-07	0	0	0	0	0	0	0	0	0	0	0	0	0	0	0	0	0	0	0	0	0	0	0	0	0	
0	0	0	0	0	0	0	0	0	0	0	0	0	0	0	0	0	0	0	0	0	0	0	0	0	0	0	0	0	0	0.0044422	0.170473	0.0518316	0.00521637	0.00432062	0.00360085	0.00292544	0.00215558	0.00161361	0.00118114	0.000763784	0.00086777	0.00051477	0.000132172	1.59652e-05	7.06423e-08	0	0	0	0	0	0	0	0	0	0	0	0	0	0	0	0	0	0	0	0	0	0	0	
0	0	0	0	0	0	0	0	0	0	0	0	0	0	0	0	0	0	0	0	0	0	0	0	0	0	0	0	0	0	4.87226e-07	0.00787784	0.212363	0.0227766	0.0118872	0.00850819	0.00738659	0.00637852	0.00540858	0.00467493	0.00363714	0.0049507	0.00421085	0.00178715	0.000441305	2.19252e-06	0	0	0	0	0	0	0	0	0	0	0	0	0	0	0	0	0	0	0	0	0	0	0	
0	0	0	0	0	0	0	0	0	0	0	0	0	0	0	0	0	0	0	0	0	0	0	0	0	0	0	0	0	0	0	1.87414e-05	0.0614674	0.201519	0.110271	0.0400374	0.015081	0.00950765	0.00813953	0.00744321	0.00610536	0.0097138	0.00950476	0.0052793	0.00184098	7.20822e-06	0	0	0	0	0	0	0	0	0	0	0	0	0	0	0	0	0	0	0	0	0	0	0	
0	0	0	0	0	0	0	0	0	0	0	0	0	0	0	0	0	0	0	0	0	0	0	0	0	0	0	0	0	0	0	3.13216e-06	0.0134213	0.0919195	0.376229	0.186724	0.060814	0.0181853	0.00932757	0.0081029	0.00674667	0.0109062	0.0117832	0.00710061	0.00289725	3.44538e-05	0	0	0	0	0	0	0	0	0	0	0	0	0	0	0	0	0	0	0	0	0	0	0	
0	0	0	0	0	0	0	0	0	0	0	0	0	0	0	0	0	0	0	0	0	0	0	0	0	0	0	0	0	0	0	0	0.0024653	0.0278052	0.217361	1.01748	0.445806	0.130783	0.0299883	0.0117808	0.00801694	0.0124771	0.0138791	0.00919314	0.00410257	6.58669e-05	0	0	0	0	0	0	0	0	0	0	0	0	0	0	0	0	0	0	0	0	0	0	0	
0	0	0	0	0	0	0	0	0	0	0	0	0	0	0	0	0	0	0	0	0	0	0	0	0	0	0	0	0	0	0	0	0.000502	0.00399669	0.0481534	0.392622	1.97699	0.796983	0.241327	0.0531541	0.0134188	0.0139981	0.0162378	0.0119322	0.00641016	0.000154462	0	0	0	0	0	0	0	0	0	0	0	0	0	0	0	0	0	0	0	0	0	0	0	
0	0	0	0	0	0	0	0	0	0	0	0	0	0	0	0	0	0	0	0	0	0	0	0	0	0	0	0	0	0	0	0	0.000109789	0.000256175	0.00259835	0.0294846	0.235596	1.13999	0.476754	0.153522	0.0368526	0.0195425	0.0194449	0.0145044	0.00856357	0.00020738	0	0	0	0	0	0	0	0	0	0	0	0	0	0	0	0	0	0	0	0	0	0	0	
0	0	0	0	0	0	0	0	0	0	0	0	0	0	0	0	0	0	0	0	0	0	0	0	0	0	0	0	0	0	0	0	2.67789e-05	4.90947e-05	0.000263326	0.0013925	0.0124611	0.0902985	0.393784	0.183422	0.0594983	0.0293363	0.0213473	0.0168216	0.0118274	0.000343663	0	0	0	0	0	0	0	0	0	0	0	0	0	0	0	0	0	0	0	0	0	0	0	
0	0	0	0	0	0	0	0	0	0	0	0	0	0	0	0	0	0	0	0	0	0	0	0	0	0	0	0	0	0	0	0	2.03831e-05	2.24214e-05	9.7839e-05	0.000197716	0.00113738	0.00729512	0.0464552	0.18522	0.0931529	0.0522603	0.0244414	0.0200957	0.0154056	0.000621686	0	0	0	0	0	0	0	0	0	0	0	0	0	0	0	0	0	0	0	0	0	0	0	
0	0	0	0	0	0	0	0	0	0	0	0	0	0	0	0	0	0	0	0	0	0	0	0	0	0	0	0	0	0	0	0	5.5811e-06	9.76692e-06	3.76724e-05	9.62739e-05	0.000267893	0.00106599	0.00618944	0.0367208	0.115063	0.0984213	0.0322713	0.0229467	0.0192785	0.000982273	6.97637e-06	0	0	0	0	0	0	0	0	0	0	0	0	0	0	0	0	0	0	0	0	0	0	
0	0	0	0	0	0	0	0	0	0	0	0	0	0	0	0	0	0	0	0	0	0	0	0	0	0	0	0	0	0	0	0	0	2.12774e-06	8.51098e-06	1.96816e-05	8.56417e-05	0.000228732	0.000755349	0.00380441	0.0186635	0.119631	0.0749429	0.0267729	0.0265324	0.0018405	2.55329e-05	1.06387e-06	0	0	0	0	0	0	0	0	0	0	0	0	0	0	0	0	0	0	0	0	0	
0	0	0	0	0	0	0	0	0	0	0	0	0	0	0	0	0	0	0	0	0	0	0	0	0	0	0	0	0	0	0	0	0	1.52825e-06	5.09416e-07	3.05649e-06	1.27354e-05	3.00555e-05	9.0676e-05	0.000236114	0.000722861	0.0135716	0.11829	0.0599641	0.0397028	0.00452208	0.000103411	7.64124e-07	0	0	0	0	0	0	0	0	0	0	0	0	0	0	0	0	0	0	0	0	0	
0	0	0	0	0	0	0	0	0	0	0	0	0	0	0	0	0	0	0	0	0	0	0	0	0	0	0	0	0	0	0	0	0	0	3.4144e-07	1.7072e-07	8.53599e-07	2.21936e-06	6.48736e-06	1.57062e-05	3.9607e-05	0.000299443	0.0116839	0.117373	0.080826	0.0117225	0.000583179	6.65808e-06	5.1216e-07	0	0	0	0	0	0	0	0	0	0	0	0	0	0	0	0	0	0	0	0	
0	0	0	0	0	0	0	0	0	0	0	0	0	0	0	0	0	0	0	0	0	0	0	0	0	0	0	0	0	0	0	0	0	0	0	0	0	1.19259e-07	5.96294e-08	3.57776e-07	7.15553e-07	7.45367e-06	0.000107393	0.00508054	0.160357	0.049557	0.00696066	0.000375427	3.83417e-05	7.39404e-06	2.62369e-06	7.15553e-07	1.78888e-07	0	0	0	0	0	0	0	0	0	0	0	0	0	0	0	0	
0	0	0	0	0	0	0	0	0	0	0	0	0	0	0	0	0	0	0	0	0	0	0	0	0	0	0	0	0	0	0	0	0	0	0	0	0	0	0	0	0	0	6.20774e-08	2.66933e-06	0.0070726	0.16498	0.0475607	0.00614479	0.00129736	0.00037414	0.000166181	8.47977e-05	1.74437e-05	2.42102e-06	1.24155e-07	0	0	0	0	0	0	0	0	0	0	0	0	0	0	
0	0	0	0	0	0	0	0	0	0	0	0	0	0	0	0	0	0	0	0	0	0	0	0	0	0	0	0	0	0	0	0	0	0	0	0	0	0	0	0	0	0	0	0	1.42879e-05	0.00981106	0.1696	0.0346387	0.00934738	0.00384585	0.00233427	0.00168191	0.000542189	0.000130246	8.79835e-06	7.51995e-08	0	0	0	0	0	0	0	0	0	0	0	0	0	
0	0	0	0	0	0	0	0	0	0	0	0	0	0	0	0	0	0	0	0	0	0	0	0	0	0	0	0	0	0	0	0	0	0	0	0	0	0	0	0	0	0	0	0	0	8.31684e-05	0.0205134	0.151553	0.0366318	0.0118039	0.00857948	0.00774196	0.00344576	0.00123106	0.000143825	6.67015e-06	0	0	0	0	0	0	0	0	0	0	0	0	0	
0	0	0	0	0	0	0	0	0	0	0	0	0	0	0	0	0	0	0	0	0	0	0	0	0	0	0	0	0	0	0	0	0	0	0	0	0	0	0	0	0	0	0	0	0	1.01747e-05	0.0013425	0.0296808	0.140797	0.0392727	0.0166148	0.0158358	0.00838679	0.00392575	0.000606526	4.29599e-05	0	0	0	0	0	0	0	0	0	0	0	0	0	
0	0	0	0	0	0	0	0	0	0	0	0	0	0	0	0	0	0	0	0	0	0	0	0	0	0	0	0	0	0	0	0	0	0	0	0	0	0	0	0	0	0	0	0	0	0	0.00034134	0.00389291	0.0344615	0.128135	0.0506415	0.025647	0.0137569	0.00748859	0.00151281	0.000110297	2.32204e-06	0	0	0	0	0	0	0	0	0	0	0	0	
0	0	0	0	0	0	0	0	0	0	0	0	0	0	0	0	0	0	0	0	0	0	0	0	0	0	0	0	0	0	0	0	0	0	0	0	0	0	0	0	0	0	0	0	0	0	0.000118969	0.00142763	0.00621884	0.0297663	0.124201	0.0621451	0.0202187	0.0123608	0.00308839	0.000329268	4.80683e-06	0	0	0	0	0	0	0	0	0	0	0	0	
0	0	0	0	0	0	0	0	0	0	0	0	0	0	0	0	0	0	0	0	0	0	0	0	0	0	0	0	0	0	0	0	0	0	0	0	0	0	0	0	0	0	0	0	0	0	2.69226e-05	0.000364067	0.00152602	0.0038071	0.0200182	0.13384	0.0525187	0.0219426	0.00676492	0.000948411	3.91602e-05	3.05939e-06	6.11878e-07	0	0	0	0	0	0	0	0	0	0	
0	0	0	0	0	0	0	0	0	0	0	0	0	0	0	0	0	0	0	0	0	0	0	0	0	0	0	0	0	0	0	0	0	0	0	0	0	0	0	0	0	0	0	0	0	0	2.27469e-06	4.54938e-05	0.000312391	0.000714632	0.00209158	0.0222749	0.123898	0.0590919	0.0153254	0.0030515	0.00016302	1.66811e-05	1.51646e-06	7.5823e-07	0	3.79115e-07	0	0	0	0	0	0	0	
0	0	0	0	0	0	0	0	0	0	0	0	0	0	0	0	0	0	0	0	0	0	0	0	0	0	0	0	0	0	0	0	0	0	0	0	0	0	0	0	0	0	0	0	0	0	1.70097e-07	4.76272e-06	3.52101e-05	9.4404e-05	0.000307366	0.00205562	0.0171939	0.14053	0.0503027	0.010803	0.000990646	0.000160061	3.77616e-05	1.19068e-05	2.55146e-06	1.19068e-06	5.10292e-07	0	0	0	0	0	0	
0	0	0	0	0	0	0	0	0	0	0	0	0	0	0	0	0	0	0	0	0	0	0	0	0	0	0	0	0	0	0	0	0	0	0	0	0	0	0	0	0	0	0	0	0	0	0	1.03365e-07	1.65384e-06	5.78843e-06	2.2947e-05	0.000175617	0.00111634	0.0187119	0.149213	0.0475503	0.00534582	0.00125526	0.000346582	0.000137889	5.51968e-05	1.63316e-05	4.44468e-06	2.27402e-06	6.20188e-07	3.10094e-07	1.03365e-07	0	0	
0	0	0	0	0	0	0	0	0	0	0	0	0	0	0	0	0	0	0	0	0	0	0	0	0	0	0	0	0	0	0	0	0	0	0	0	0	0	0	0	0	0	0	0	0	0	0	0	0	1.24339e-07	6.21697e-07	6.90084e-06	6.47187e-05	0.00102903	0.0184127	0.160476	0.0332993	0.00747181	0.00276836	0.00135853	0.000693938	0.000265527	8.7908e-05	4.35188e-05	1.75319e-05	5.09792e-06	1.55424e-06	3.10849e-07	0	
0	0	0	0	0	0	0	0	0	0	0	0	0	0	0	0	0	0	0	0	0	0	0	0	0	0	0	0	0	0	0	0	0	0	0	0	0	0	0	0	0	0	0	0	0	0	0	0	0	0	0	4.18517e-07	2.92962e-06	8.09412e-05	0.00151696	0.0343751	0.132987	0.0377573	0.00979229	0.0053335	0.00312641	0.00143518	0.000554451	0.000282583	0.000131833	5.25657e-05	1.56525e-05	3.34814e-06	0	
0	0	0	0	0	0	0	0	0	0	0	0	0	0	0	0	0	0	0	0	0	0	0	0	0	0	0	0	0	0	0	0	0	0	0	0	0	0	0	0	0	0	0	0	0	0	0	0	0	0	0	0	1.03472e-07	1.14854e-05	0.000364945	0.00721623	0.0404867	0.113918	0.0388103	0.0127983	0.00731298	0.00376203	0.00158653	0.000927626	0.000460657	0.000205185	7.95699e-05	1.53138e-05	2.06944e-06	
0	0	0	0	0	0	0	0	0	0	0	0	0	0	0	0	0	0	0	0	0	0	0	0	0	0	0	0	0	0	0	0	0	0	0	0	0	0	0	0	0	0	0	0	0	0	0	0	0	0	0	0	0	2.35933e-06	0.000109184	0.00298612	0.011256	0.0447003	0.0963292	0.0437519	0.0149453	0.00714496	0.00316294	0.00199363	0.00107638	0.000518003	0.000206048	4.77108e-05	6.94691e-06	
0	0	0	0	0	0	0	0	0	0	0	0	0	0	0	0	0	0	0	0	0	0	0	0	0	0	0	0	0	0	0	0	0	0	0	0	0	0	0	0	0	0	0	0	0	0	0	0	0	0	0	0	0	8.12066e-07	3.97912e-05	0.00139405	0.00568027	0.0135966	0.0418474	0.0940209	0.0457153	0.0132864	0.00555575	0.00359596	0.0021333	0.00110157	0.000450291	0.000133991	1.75948e-05	
0	0	0	0	0	0	0	0	0	0	0	0	0	0	0	0	0	0	0	0	0	0	0	0	0	0	0	0	0	0	0	0	0	0	0	0	0	0	0	0	0	0	0	0	0	0	0	0	0	0	0	0	0	0	1.25334e-05	0.000613753	0.00288639	0.00675218	0.0122382	0.0403092	0.0992572	0.0421537	0.0108864	0.00645867	0.00398447	0.00219386	0.000999603	0.000331879	4.69363e-05	
0	0	0	0	0	0	0	0	0	0	0	0	0	0	0	0	0	0	0	0	0	0	0	0	0	0	0	0	0	0	0	0	0	0	0	0	0	0	0	0	0	0	0	0	0	0	0	0	0	0	0	0	0	0	3.56132e-06	0.000244876	0.00138051	0.00348254	0.00601379	0.0118177	0.0439541	0.0967258	0.0373501	0.0140628	0.00739316	0.00422415	0.00208736	0.000744886	0.000126641	
0	0	0	0	0	0	0	0	0	0	0	0	0	0	0	0	0	0	0	0	0	0	0	0	0	0	0	0	0	0	0	0	0	0	0	0	0	0	0	0	0	0	0	0	0	0	0	0	0	0	0	0	0	0	1.20678e-06	0.000107202	0.000675795	0.00196644	0.00347592	0.00639692	0.014811	0.049611	0.0818891	0.0438285	0.0148371	0.00733358	0.00369515	0.00145055	0.000281581	
0	0	0	0	0	0	0	0	0	0	0	0	0	0	0	0	0	0	0	0	0	0	0	0	0	0	0	0	0	0	0	0	0	0	0	0	0	0	0	0	0	0	0	0	0	0	0	0	0	0	0	0	0	0	4.18141e-07	4.89224e-05	0.000347475	0.00109825	0.0020953	0.00405701	0.00853968	0.0183062	0.0431826	0.087026	0.0433319	0.0136481	0.00626249	0.00261631	0.000552364	
0	0	0	0	0	0	0	0	0	0	0	0	0	0	0	0	0	0	0	0	0	0	0	0	0	0	0	0	0	0	0	0	0	0	0	0	0	0	0	0	0	0	0	0	0	0	0	0	0	0	0	0	0	0	4.51629e-07	1.51296e-05	0.0001662	0.000556407	0.00117762	0.00244693	0.00535068	0.00959396	0.0146734	0.0440944	0.0937401	0.0421921	0.0119133	0.00482972	0.00117356	
0	0	0	0	0	0	0	0	0	0	0	0	0	0	0	0	0	0	0	0	0	0	0	0	0	0	0	0	0	0	0	0	0	0	0	0	0	0	0	0	0	0	0	0	0	0	0	0	0	0	0	0	0	0	0	8.07865e-06	7.03624e-05	0.000253305	0.000580881	0.00132438	0.00309803	0.00591097	0.00762807	0.0145749	0.0456225	0.101988	0.0401895	0.0098484	0.00253148	
0	0	0	0	0	0	0	0	0	0	0	0	0	0	0	0	0	0	0	0	0	0	0	0	0	0	0	0	0	0	0	0	0	0	0	0	0	0	0	0	0	0	0	0	0	0	0	0	0	0	0	0	0	0	0	1.66907e-06	2.23655e-05	0.000116167	0.000270055	0.000631575	0.00163101	0.00330041	0.00452017	0.0078563	0.0150193	0.0476025	0.113411	0.0360776	0.00597393	
0	0	0	0	0	0	0	0	0	0	0	0	0	0	0	0	0	0	0	0	0	0	0	0	0	0	0	0	0	0	0	0	0	0	0	0	0	0	0	0	0	0	0	0	0	0	0	0	0	0	0	0	0	0	0	5.37705e-07	9.14099e-06	2.95738e-05	9.57115e-05	0.000258636	0.000727515	0.00163624	0.00253528	0.0045264	0.00829625	0.0159892	0.0520563	0.131478	0.0259448	
0	0	0	0	0	0	0	0	0	0	0	0	0	0	0	0	0	0	0	0	0	0	0	0	0	0	0	0	0	0	0	0	0	0	0	0	0	0	0	0	0	0	0	0	0	0	0	0	0	0	0	0	0	0	0	0	0	1.293e-05	1.84714e-05	9.23572e-05	0.000295543	0.000755482	0.00129854	0.00256199	0.00507595	0.0101907	0.021462	0.0706994	0.155594	  ); 
