numberOfGroups 33; 
capture ( 0.009842167553273029 0.005688577577741612 0.0019365592255229914 0.00033178504040314754 0.0010945961109077018 0.002211565205742332 0.0025494414826101775 0.0022973039839642695 0.0024070064393009716 0.0029939311119480294 0.004106982008192972 0.006150063206349046 0.008424972535653979 0.010459993274039335 0.013023016951501631 0.015755738117708234 0.01828546225709829 0.02688448417673044 0.034341330029187704 0.05614830162463022 0.06921439026816642 0.06110792303087237 0.18011376173091775 0.4435311106005429 0.08037125907619155 0.4309121859580227 1.4528386617657634 2.644370406842263 0.011967216509365244 3.5048705028852054 0.010369331158144632 0.01882737517618807 0.050102409807732326  ); 
fission ( 0.020617640018463137 0.01740772247314453 0.010687886476516724 0.011136351823806763 0.008483601808547974 0.000682109221816063 3.8751319516450165e-05 6.888916250318289e-06 3.186470130458474e-06 2.225086063845083e-06 7.885947707109153e-07 1.4071525947656484e-06 8.118621917674318e-07 1.8638998153619468e-06 1.6628307639621198e-06 2.530628116801381e-06 4.348289905919955e-10 9.31878041399159e-11 2.6590919333102646e-09 1.2362005654722453e-05 1.5878096455708146e-05 3.2535401260247456e-07 2.9409060516627504e-07 5.329591772351705e-09 1.9714727386599407e-07 9.723572293296457e-07 6.302387919276953e-07 6.285817944444716e-06 3.056783953070408e-08 1.5700572112109513e-06 8.146692380250897e-08 1.826484913181048e-07 4.945741966366768e-07  ); 
nu ( 3.4954 3.4954 3.0124 2.7574 2.6437 2.5507 2.4917 2.4564 2.4379 2.4257 2.4177 2.4139 2.4115 2.4097 2.4089 2.4084 2.4081 2.4079 2.4077 2.4077 2.4077 2.4076 2.4076 2.4076 2.4076 2.4076 2.4076 2.4076 2.4076 2.4076 2.4076 2.4076 2.4076 ); 
chi ( 1.0 1.0 1.0 0.0 1.0 1.0 1.0 1.0 1.0 1.0 1.0 1.0 1.0 1.0 1.0 1.0 1.0 1.0 1.0 1.0 1.0 1.0 0.0 0.0 0.0 0.0 0.0 0.0 0.0 0.0 0.0 0.0 0.0  ); 
scatteringMultiplicity ( 1.0 1.0 1.0 1.0 1.0 1.0 1.0 1.0 1.0 1.0 1.0 1.0 1.0 1.0 1.0 1.0 1.0 1.0 1.0 1.0 1.0 1.0 1.0 1.0 1.0 1.0 1.0 1.0 1.0 1.0 1.0 1.0 1.0 
1.0 1.0 1.0 1.0 1.0 1.0 1.0 1.0 1.0 1.0 1.0 1.0 1.0 1.0 1.0 1.0 1.0 1.0 1.0 1.0 1.0 1.0 1.0 1.0 1.0 1.0 1.0 1.0 1.0 1.0 1.0 1.0 1.0 
1.0 1.0 1.0 1.0 1.0 1.0 1.0 1.0 1.0 1.0 1.0 1.0 1.0 1.0 1.0 1.0 1.0 1.0 1.0 1.0 1.0 1.0 1.0 1.0 1.0 1.0 1.0 1.0 1.0 1.0 1.0 1.0 1.0 
1.0 1.0 1.0 1.0 1.0 1.0 1.0 1.0 1.0 1.0 1.0 1.0 1.0 1.0 1.0 1.0 1.0 1.0 1.0 1.0 1.0 1.0 1.0 1.0 1.0 1.0 1.0 1.0 1.0 1.0 1.0 1.0 1.0 
1.0 1.0 1.0 1.0 1.0 1.0 1.0 1.0 1.0 1.0 1.0 1.0 1.0 1.0 1.0 1.0 1.0 1.0 1.0 1.0 1.0 1.0 1.0 1.0 1.0 1.0 1.0 1.0 1.0 1.0 1.0 1.0 1.0 
1.0 1.0 1.0 1.0 1.0 1.0 1.0 1.0 1.0 1.0 1.0 1.0 1.0 1.0 1.0 1.0 1.0 1.0 1.0 1.0 1.0 1.0 1.0 1.0 1.0 1.0 1.0 1.0 1.0 1.0 1.0 1.0 1.0 
1.0 1.0 1.0 1.0 1.0 1.0 1.0 1.0 1.0 1.0 1.0 1.0 1.0 1.0 1.0 1.0 1.0 1.0 1.0 1.0 1.0 1.0 1.0 1.0 1.0 1.0 1.0 1.0 1.0 1.0 1.0 1.0 1.0 
1.0 1.0 1.0 1.0 1.0 1.0 1.0 1.0 1.0 1.0 1.0 1.0 1.0 1.0 1.0 1.0 1.0 1.0 1.0 1.0 1.0 1.0 1.0 1.0 1.0 1.0 1.0 1.0 1.0 1.0 1.0 1.0 1.0 
1.0 1.0 1.0 1.0 1.0 1.0 1.0 1.0 1.0 1.0 1.0 1.0 1.0 1.0 1.0 1.0 1.0 1.0 1.0 1.0 1.0 1.0 1.0 1.0 1.0 1.0 1.0 1.0 1.0 1.0 1.0 1.0 1.0 
1.0 1.0 1.0 1.0 1.0 1.0 1.0 1.0 1.0 1.0 1.0 1.0 1.0 1.0 1.0 1.0 1.0 1.0 1.0 1.0 1.0 1.0 1.0 1.0 1.0 1.0 1.0 1.0 1.0 1.0 1.0 1.0 1.0 
1.0 1.0 1.0 1.0 1.0 1.0 1.0 1.0 1.0 1.0 1.0 1.0 1.0 1.0 1.0 1.0 1.0 1.0 1.0 1.0 1.0 1.0 1.0 1.0 1.0 1.0 1.0 1.0 1.0 1.0 1.0 1.0 1.0 
1.0 1.0 1.0 1.0 1.0 1.0 1.0 1.0 1.0 1.0 1.0 1.0 1.0 1.0 1.0 1.0 1.0 1.0 1.0 1.0 1.0 1.0 1.0 1.0 1.0 1.0 1.0 1.0 1.0 1.0 1.0 1.0 1.0 
1.0 1.0 1.0 1.0 1.0 1.0 1.0 1.0 1.0 1.0 1.0 1.0 1.0 1.0 1.0 1.0 1.0 1.0 1.0 1.0 1.0 1.0 1.0 1.0 1.0 1.0 1.0 1.0 1.0 1.0 1.0 1.0 1.0 
1.0 1.0 1.0 1.0 1.0 1.0 1.0 1.0 1.0 1.0 1.0 1.0 1.0 1.0 1.0 1.0 1.0 1.0 1.0 1.0 1.0 1.0 1.0 1.0 1.0 1.0 1.0 1.0 1.0 1.0 1.0 1.0 1.0 
1.0 1.0 1.0 1.0 1.0 1.0 1.0 1.0 1.0 1.0 1.0 1.0 1.0 1.0 1.0 1.0 1.0 1.0 1.0 1.0 1.0 1.0 1.0 1.0 1.0 1.0 1.0 1.0 1.0 1.0 1.0 1.0 1.0 
1.0 1.0 1.0 1.0 1.0 1.0 1.0 1.0 1.0 1.0 1.0 1.0 1.0 1.0 1.0 1.0 1.0 1.0 1.0 1.0 1.0 1.0 1.0 1.0 1.0 1.0 1.0 1.0 1.0 1.0 1.0 1.0 1.0 
1.0 1.0 1.0 1.0 1.0 1.0 1.0 1.0 1.0 1.0 1.0 1.0 1.0 1.0 1.0 1.0 1.0 1.0 1.0 1.0 1.0 1.0 1.0 1.0 1.0 1.0 1.0 1.0 1.0 1.0 1.0 1.0 1.0 
1.0 1.0 1.0 1.0 1.0 1.0 1.0 1.0 1.0 1.0 1.0 1.0 1.0 1.0 1.0 1.0 1.0 1.0 1.0 1.0 1.0 1.0 1.0 1.0 1.0 1.0 1.0 1.0 1.0 1.0 1.0 1.0 1.0 
1.0 1.0 1.0 1.0 1.0 1.0 1.0 1.0 1.0 1.0 1.0 1.0 1.0 1.0 1.0 1.0 1.0 1.0 1.0 1.0 1.0 1.0 1.0 1.0 1.0 1.0 1.0 1.0 1.0 1.0 1.0 1.0 1.0 
1.0 1.0 1.0 1.0 1.0 1.0 1.0 1.0 1.0 1.0 1.0 1.0 1.0 1.0 1.0 1.0 1.0 1.0 1.0 1.0 1.0 1.0 1.0 1.0 1.0 1.0 1.0 1.0 1.0 1.0 1.0 1.0 1.0 
1.0 1.0 1.0 1.0 1.0 1.0 1.0 1.0 1.0 1.0 1.0 1.0 1.0 1.0 1.0 1.0 1.0 1.0 1.0 1.0 1.0 1.0 1.0 1.0 1.0 1.0 1.0 1.0 1.0 1.0 1.0 1.0 1.0 
1.0 1.0 1.0 1.0 1.0 1.0 1.0 1.0 1.0 1.0 1.0 1.0 1.0 1.0 1.0 1.0 1.0 1.0 1.0 1.0 1.0 1.0 1.0 1.0 1.0 1.0 1.0 1.0 1.0 1.0 1.0 1.0 1.0 
1.0 1.0 1.0 1.0 1.0 1.0 1.0 1.0 1.0 1.0 1.0 1.0 1.0 1.0 1.0 1.0 1.0 1.0 1.0 1.0 1.0 1.0 1.0 1.0 1.0 1.0 1.0 1.0 1.0 1.0 1.0 1.0 1.0 
1.0 1.0 1.0 1.0 1.0 1.0 1.0 1.0 1.0 1.0 1.0 1.0 1.0 1.0 1.0 1.0 1.0 1.0 1.0 1.0 1.0 1.0 1.0 1.0 1.0 1.0 1.0 1.0 1.0 1.0 1.0 1.0 1.0 
1.0 1.0 1.0 1.0 1.0 1.0 1.0 1.0 1.0 1.0 1.0 1.0 1.0 1.0 1.0 1.0 1.0 1.0 1.0 1.0 1.0 1.0 1.0 1.0 1.0 1.0 1.0 1.0 1.0 1.0 1.0 1.0 1.0 
1.0 1.0 1.0 1.0 1.0 1.0 1.0 1.0 1.0 1.0 1.0 1.0 1.0 1.0 1.0 1.0 1.0 1.0 1.0 1.0 1.0 1.0 1.0 1.0 1.0 1.0 1.0 1.0 1.0 1.0 1.0 1.0 1.0 
1.0 1.0 1.0 1.0 1.0 1.0 1.0 1.0 1.0 1.0 1.0 1.0 1.0 1.0 1.0 1.0 1.0 1.0 1.0 1.0 1.0 1.0 1.0 1.0 1.0 1.0 1.0 1.0 1.0 1.0 1.0 1.0 1.0 
1.0 1.0 1.0 1.0 1.0 1.0 1.0 1.0 1.0 1.0 1.0 1.0 1.0 1.0 1.0 1.0 1.0 1.0 1.0 1.0 1.0 1.0 1.0 1.0 1.0 1.0 1.0 1.0 1.0 1.0 1.0 1.0 1.0 
1.0 1.0 1.0 1.0 1.0 1.0 1.0 1.0 1.0 1.0 1.0 1.0 1.0 1.0 1.0 1.0 1.0 1.0 1.0 1.0 1.0 1.0 1.0 1.0 1.0 1.0 1.0 1.0 1.0 1.0 1.0 1.0 1.0 
1.0 1.0 1.0 1.0 1.0 1.0 1.0 1.0 1.0 1.0 1.0 1.0 1.0 1.0 1.0 1.0 1.0 1.0 1.0 1.0 1.0 1.0 1.0 1.0 1.0 1.0 1.0 1.0 1.0 1.0 1.0 1.0 1.0 
1.0 1.0 1.0 1.0 1.0 1.0 1.0 1.0 1.0 1.0 1.0 1.0 1.0 1.0 1.0 1.0 1.0 1.0 1.0 1.0 1.0 1.0 1.0 1.0 1.0 1.0 1.0 1.0 1.0 1.0 1.0 1.0 1.0 
1.0 1.0 1.0 1.0 1.0 1.0 1.0 1.0 1.0 1.0 1.0 1.0 1.0 1.0 1.0 1.0 1.0 1.0 1.0 1.0 1.0 1.0 1.0 1.0 1.0 1.0 1.0 1.0 1.0 1.0 1.0 1.0 1.0 
1.0 1.0 1.0 1.0 1.0 1.0 1.0 1.0 1.0 1.0 1.0 1.0 1.0 1.0 1.0 1.0 1.0 1.0 1.0 1.0 1.0 1.0 1.0 1.0 1.0 1.0 1.0 1.0 1.0 1.0 1.0 1.0 1.0 
 ); 
P0 ( 0.01570678710937501 0.018212061524391174 0.008279431462287903 0.011017337441444397 0.012579101473093034 0.015107418224215506 0.013211834356188775 0.00883718529716134 0.004689019876532257 0.0020459462283179165 0.0008985322923399508 0.0004239474379573949 0.00019990978340501898 9.443733302759938e-05 4.4622008681471924e-05 2.1072677827760345e-05 9.932884013323927e-06 4.693300456892758e-06 2.2164216056808074e-06 1.0472366159319792e-06 4.948552373207349e-07 2.002980971838042e-07 1.618982813056391e-07 4.306236576212541e-08 1.4654924029855466e-08 1.4108022359238249e-08 6.571875701411045e-09 2.123162374800813e-09 8.006180252095874e-10 3.624241884381263e-10 1.0743193890050407e-10 0.0 0.0 
0.0 0.027802212238311766 0.01565158545970917 0.003837081789970398 0.010450112074613572 0.01355387106537819 0.01147238202393055 0.007597889825701714 0.004339669905602932 0.0021821910701692103 0.000997009468264878 0.00045074393739923834 0.0002103845140663907 9.909354645060376e-05 4.6759160759393127e-05 2.209862883319147e-05 1.0404866879980545e-05 4.912168324153754e-06 2.3229681346492726e-06 1.0982604931086827e-06 5.193410197534831e-07 2.102649023072445e-07 1.6942514889706216e-07 4.619985858766995e-08 1.559931682493243e-08 1.491927982044672e-08 7.248451296959502e-09 2.7747375597186872e-09 1.2440247321165999e-09 6.84028242936563e-10 2.481643601726091e-10 0.0 0.0 
0.0 0.0 0.046054191589355475 0.02361073911190033 0.005035105347633362 0.010455816984176636 0.01233256459236145 0.009763139486312867 0.005712006092071533 0.0027072113752365113 0.0011265140771865845 0.00043651249259710315 0.00017316510900855064 7.873143069446087e-05 3.7145474925637247e-05 1.7550199991092087e-05 8.29363358207047e-06 3.915203851647675e-06 1.84960852493532e-06 8.740316116018221e-07 4.129463195567951e-07 1.6655585568514653e-07 1.3344183571462054e-07 3.598752073230571e-08 1.2687088428720017e-08 1.1889010238519404e-08 5.598379857474356e-09 2.0815619450331723e-09 8.04242432650426e-10 3.597429909518724e-10 1.0633350200350833e-10 0.0 0.0 
0.0 0.0 0.0 0.06923549175262453 0.015808333158493042 0.013546116352081299 0.012827438116073609 0.009324556589126587 0.005187096595764161 0.0023873873054981233 0.0009883440285921097 0.0003835039958357811 0.00015394684858620168 7.164429407566786e-05 3.3805356360971926e-05 1.595164882019162e-05 7.521563093177974e-06 3.552264824975282e-06 1.6775476979091763e-06 7.923025987111032e-07 3.7446072383318095e-07 1.5122068361961282e-07 1.210406298923772e-07 3.212418050679844e-08 1.1093627563241171e-08 1.1022325452358929e-08 5.218221872382856e-09 1.9465053924250244e-09 8.718897959170136e-10 4.2042298531441703e-10 1.2455437570224604e-10 0.0 0.0 
0.0 0.0 0.0 0.0 0.08737710475921631 0.030886640548706056 0.016916850805282595 0.012569353580474854 0.005131979584693909 0.0019277514517307282 0.0007716543227434158 0.00029531527310609816 0.00011951283551752568 5.574827548116446e-05 2.6309075765311717e-05 1.2418826809152961e-05 5.8612722204998135e-06 2.7648717514239253e-06 1.3053204747848213e-06 6.168129038996994e-07 2.91454325633822e-07 1.1764724149543327e-07 9.425405551155564e-08 2.5013600861711892e-08 8.455704119114671e-09 8.327464229296312e-09 4.266181861112272e-09 1.5837363775972336e-09 7.177821714776655e-10 4.0647261556614465e-10 1.4583705798543178e-10 0.0 0.0 
0.0 0.0 0.0 0.0 0.0 0.1796666145324707 0.04711270868778229 0.006549606323242188 0.007983997464179993 0.004538559913635254 0.0017584314942359924 0.0007144701480865478 0.0002893771417438984 0.00013125249184668065 5.73330745100975e-05 2.5118752382695675e-05 1.0933944722637534e-05 4.710685752797872e-06 2.0988583855796607e-06 9.313170448876918e-07 3.8594454963458704e-07 1.270375469175633e-07 8.017487743927632e-08 1.5984370520527592e-08 4.558770285711944e-09 3.729821855813498e-09 1.4221926392110618e-09 3.347716415191826e-10 9.386356580876054e-11 4.000208164711694e-11 0.0 0.0 0.0 
0.0 0.0 0.0 0.0 0.0 0.0 0.16806323051452637 0.034099401235580445 1.8835552036762238e-05 0.00033510364592075347 0.0005792073905467988 0.0003277081623673439 0.00017514673992991448 7.808799389749766e-05 3.5091729369014505e-05 1.5919614816084505e-05 6.446319166570902e-06 2.499832189641893e-06 9.9300938018132e-07 4.004081347375177e-07 1.516420434199972e-07 4.921927484247135e-08 3.129274546154193e-08 6.373600172082661e-09 1.8541494739565678e-09 1.5712181777871593e-09 6.656661355464167e-10 2.2930853660341199e-10 9.151944091456698e-11 2.291276057775349e-11 0.0 0.0 0.0 
0.0 0.0 0.0 0.0 0.0 0.0 0.0 0.32148186683654784 0.05427789032459259 0.0001618662662804127 9.167785901809111e-07 2.908892020059284e-07 1.1698470189003275e-07 4.465629899641499e-08 2.1819239464093698e-08 1.1691128065649536e-08 6.5389519932068655e-09 3.7597919799736705e-09 2.139623944685809e-09 8.900431680558541e-10 3.2815741235481257e-10 1.0537232419949305e-10 6.566898136384225e-11 0.0 0.0 0.0 0.0 0.0 0.0 0.0 0.0 0.0 0.0 
0.0 0.0 0.0 0.0 0.0 0.0 0.0 0.0 0.27145790100097655 0.047678599357604975 9.729376062750817e-05 2.9981560073792936e-05 4.920695791952312e-06 0.0 0.0 0.0 0.0 0.0 0.0 0.0 0.0 0.0 0.0 0.0 0.0 0.0 0.0 0.0 0.0 0.0 0.0 0.0 0.0 
0.0 0.0 0.0 0.0 0.0 0.0 0.0 0.0 0.0 0.29667761802673337 0.04810289144515992 0.00036421660333871845 4.6543939970433715e-06 3.11396608594805e-06 1.0268710320815445e-06 3.62389582733158e-07 1.31876422528876e-07 4.663717845687643e-08 1.5785097957632388e-08 5.033505772189528e-09 1.7807967367389211e-09 5.71971590090925e-10 3.5618938909465217e-10 6.935239937888582e-11 0.0 0.0 0.0 0.0 0.0 0.0 0.0 0.0 0.0 
0.0 0.0 0.0 0.0 0.0 0.0 0.0 0.0 0.0 0.0 0.3222643566131592 0.04506382465362549 0.0026022499799728395 0.00038172401487827304 0.0 0.0 0.0 0.0 0.0 0.0 0.0 0.0 0.0 0.0 0.0 0.0 0.0 0.0 0.0 0.0 0.0 0.0 0.0 
0.0 0.0 0.0 0.0 0.0 0.0 0.0 0.0 0.0 0.0 0.0 0.34695471763610836 0.0411425992846489 0.0008760900050401687 0.0005524181947112084 0.00022531360387802125 8.93507432192564e-05 3.4144939854741095e-05 1.285367994569242e-05 4.7961660311557355e-06 1.780497404979542e-06 5.737051833420992e-07 3.5775301512330774e-07 6.967536137381102e-08 1.9331152998347533e-08 1.530988811282441e-08 5.6523919056417076e-09 1.6627672039248864e-09 6.163487853427796e-10 2.797217923955486e-10 8.735344003696354e-11 0.0 0.0 
0.0 0.0 0.0 0.0 0.0 0.0 0.0 0.0 0.0 0.0 0.0 0.0 0.3648178291320801 0.041558018326759344 0.0 0.0 0.0 0.0 0.0 0.0 0.0 0.0 0.0 0.0 0.0 0.0 0.0 0.0 0.0 0.0 0.0 0.0 0.0 
0.0 0.0 0.0 0.0 0.0 0.0 0.0 0.0 0.0 0.0 0.0 0.0 0.0 0.38169815063476564 0.04241911292076111 0.0 0.0 0.0 0.0 0.0 0.0 0.0 0.0 0.0 0.0 0.0 0.0 0.0 0.0 0.0 0.0 0.0 0.0 
0.0 0.0 0.0 0.0 0.0 0.0 0.0 0.0 0.0 0.0 0.0 0.0 0.0 0.0 0.38956302642822266 0.042340025305747986 0.0 0.0 0.0 0.0 0.0 0.0 0.0 0.0 0.0 0.0 0.0 0.0 0.0 0.0 0.0 0.0 0.0 
0.0 0.0 0.0 0.0 0.0 0.0 0.0 0.0 0.0 0.0 0.0 0.0 0.0 0.0 0.0 0.4102475833892823 0.04185285717248917 0.0 0.0 0.0 0.0 0.0 0.0 0.0 0.0 0.0 0.0 0.0 0.0 0.0 0.0 0.0 0.0 
0.0 0.0 0.0 0.0 0.0 0.0 0.0 0.0 0.0 0.0 0.0 0.0 0.0 0.0 0.0 0.0 0.44141439437866214 0.04286705315113068 0.0 0.0 0.0 0.0 0.0 0.0 0.0 0.0 0.0 0.0 0.0 0.0 0.0 0.0 0.0 
0.0 0.0 0.0 0.0 0.0 0.0 0.0 0.0 0.0 0.0 0.0 0.0 0.0 0.0 0.0 0.0 0.0 0.5123908901214601 0.04216723352670669 0.0 0.0 0.0 0.0 0.0 0.0 0.0 0.0 0.0 0.0 0.0 0.0 0.0 0.0 
0.0 0.0 0.0 0.0 0.0 0.0 0.0 0.0 0.0 0.0 0.0 0.0 0.0 0.0 0.0 0.0 0.0 0.0 0.5388063716888427 0.05148375868797302 0.0 0.0 0.0 0.0 0.0 0.0 0.0 0.0 0.0 0.0 0.0 0.0 0.0 
0.0 0.0 0.0 0.0 0.0 0.0 0.0 0.0 0.0 0.0 0.0 0.0 0.0 0.0 0.0 0.0 0.0 0.0 0.0 0.5548514747619628 0.040883610248565676 0.0 0.0 0.0 0.0 0.0 0.0 0.0 0.0 0.0 0.0 0.0 0.0 
0.0 0.0 0.0 0.0 0.0 0.0 0.0 0.0 0.0 0.0 0.0 0.0 0.0 0.0 0.0 0.0 0.0 0.0 0.0 0.0 0.4690306091308594 0.04103019893169403 0.0 0.0 0.0 0.0 0.0 0.0 0.0 0.0 0.0 0.0 0.0 
0.0 0.0 0.0 0.0 0.0 0.0 0.0 0.0 0.0 0.0 0.0 0.0 0.0 0.0 0.0 0.0 0.0 0.0 0.0 0.0 0.0 0.4532551956176758 0.051801814436912536 0.0 0.0 0.0 0.0 0.0 0.0 0.0 0.0 0.0 0.0 
0.0 0.0 0.0 0.0 0.0 0.0 0.0 0.0 0.0 0.0 0.0 0.0 0.0 0.0 0.0 0.0 0.0 0.0 0.0 0.0 0.0 0.0 0.9795155334472657 0.02861613392829895 0.0 0.0 0.0 0.0 0.0 0.0 0.0 0.0 0.0 
0.0 0.0 0.0 0.0 0.0 0.0 0.0 0.0 0.0 0.0 0.0 0.0 0.0 0.0 0.0 0.0 0.0 0.0 0.0 0.0 0.0 0.0 0.0 1.3661594104766845 0.04143985956907273 0.0 0.0 0.0 0.0 0.0 0.0 0.0 0.0 
0.0 0.0 0.0 0.0 0.0 0.0 0.0 0.0 0.0 0.0 0.0 0.0 0.0 0.0 0.0 0.0 0.0 0.0 0.0 0.0 0.0 0.0 0.0 0.0 0.3138895702362061 0.07294757008552552 0.0 0.0 0.0 0.0 0.0 0.0 0.0 
0.0 0.0 0.0 0.0 0.0 0.0 0.0 0.0 0.0 0.0 0.0 0.0 0.0 0.0 0.0 0.0 0.0 0.0 0.0 0.0 0.0 0.0 0.0 0.0 0.0 0.7839266872406007 0.04194868981838226 0.0 0.0 0.0 0.0 0.0 0.0 
0.0 0.0 0.0 0.0 0.0 0.0 0.0 0.0 0.0 0.0 0.0 0.0 0.0 0.0 0.0 0.0 0.0 0.0 0.0 0.0 0.0 0.0 0.0 0.0 0.0 0.0 2.4116716384887695 0.03694713473320007 0.0 0.0 0.0 0.0 0.0 
0.0 0.0 0.0 0.0 0.0 0.0 0.0 0.0 0.0 0.0 0.0 0.0 0.0 0.0 0.0 0.0 0.0 0.0 0.0 0.0 0.0 0.0 0.0 0.0 0.0 0.0 0.0 1.4123241043090822 0.04013923466205597 0.0 0.0 0.0 0.0 
0.0 0.0 0.0 0.0 0.0 0.0 0.0 0.0 0.0 0.0 0.0 0.0 0.0 0.0 0.0 0.0 0.0 0.0 0.0 0.0 0.0 0.0 0.0 0.0 0.0 0.0 0.0 0.0 0.2959104442596435 0.04093066692352295 0.0 0.0 0.0 
0.0 0.0 0.0 0.0 0.0 0.0 0.0 0.0 0.0 0.0 0.0 0.0 0.0 0.0 0.0 0.0 0.0 0.0 0.0 0.0 0.0 0.0 0.0 0.0 0.0 0.0 0.0 0.0 0.0 0.515788497924805 0.02743331104516983 0.0 0.0 
0.0 0.0 0.0 0.0 0.0 0.0 0.0 0.0 0.0 0.0 0.0 0.0 0.0 0.0 0.0 0.0 0.0 0.0 0.0 0.0 0.0 0.0 0.0 0.0 0.0 0.0 0.0 0.0 0.0 0.0 0.31932123184204103 0.010110265612602235 0.0 
0.0 0.0 0.0 0.0 0.0 0.0 0.0 0.0 0.0 0.0 0.0 0.0 0.0 0.0 0.0 0.0 0.0 0.0 0.0 0.0 0.0 0.0 0.0 0.0 0.0 0.0 0.0 0.0 0.0 0.0 0.0 0.3232913494110108 0.012079698517918586 
0.0 0.0 0.0 0.0 0.0 0.0 0.0 0.0 0.0 0.0 0.0 0.0 0.0 0.0 0.0 0.0 0.0 0.0 0.0 0.0 0.0 0.0 0.0 0.0 0.0 0.0 0.0 0.0 0.0 0.0 0.0 0.0 0.3408803939819336 
 ); 
