numberOfGroups 33; 
capture ( 1.2643035333519252e-05 9.93704314500829e-06 1.4574008348946602e-05 9.661565278623787e-06 4.179240499502412e-06 1.1221970380347951e-06 2.34848252992764e-06 7.814696809417163e-07 8.073268145976642e-08 5.922979073589151e-08 5.6388830310953936e-08 5.91362976511486e-08 7.007008625828063e-08 8.646840855205351e-08 1.1052270817587526e-07 1.4131439364256392e-07 1.8437248425753268e-07 2.3983169825059254e-07 3.1101512739350503e-07 4.019637035325191e-07 5.177417098004643e-07 6.493464649666496e-07 8.642720978871787e-07 1.1667071792488268e-06 1.4184461964894424e-06 1.7471855326344368e-06 2.3027025294199087e-06 3.0111150090298714e-06 3.867399393453639e-06 5.278141040636614e-06 1.0838864157985912e-05 2.6925886977013098e-05 7.387837125738037e-05  ); 
scatteringMultiplicity ( 1.0 1.0 1.0 1.0 1.0 1.0 1.0 1.0 1.0 1.0 1.0 1.0 1.0 1.0 1.0 1.0 1.0 1.0 1.0 1.0 1.0 1.0 1.0 1.0 1.0 1.0 1.0 1.0 1.0 1.0 1.0 1.0 1.0 
1.0 1.0 1.0 1.0 1.0 1.0 1.0 1.0 1.0 1.0 1.0 1.0 1.0 1.0 1.0 1.0 1.0 1.0 1.0 1.0 1.0 1.0 1.0 1.0 1.0 1.0 1.0 1.0 1.0 1.0 1.0 1.0 1.0 
1.0 1.0 1.0 1.0 1.0 1.0 1.0 1.0 1.0 1.0 1.0 1.0 1.0 1.0 1.0 1.0 1.0 1.0 1.0 1.0 1.0 1.0 1.0 1.0 1.0 1.0 1.0 1.0 1.0 1.0 1.0 1.0 1.0 
1.0 1.0 1.0 1.0 1.0 1.0 1.0 1.0 1.0 1.0 1.0 1.0 1.0 1.0 1.0 1.0 1.0 1.0 1.0 1.0 1.0 1.0 1.0 1.0 1.0 1.0 1.0 1.0 1.0 1.0 1.0 1.0 1.0 
1.0 1.0 1.0 1.0 1.0 1.0 1.0 1.0 1.0 1.0 1.0 1.0 1.0 1.0 1.0 1.0 1.0 1.0 1.0 1.0 1.0 1.0 1.0 1.0 1.0 1.0 1.0 1.0 1.0 1.0 1.0 1.0 1.0 
1.0 1.0 1.0 1.0 1.0 1.0 1.0 1.0 1.0 1.0 1.0 1.0 1.0 1.0 1.0 1.0 1.0 1.0 1.0 1.0 1.0 1.0 1.0 1.0 1.0 1.0 1.0 1.0 1.0 1.0 1.0 1.0 1.0 
1.0 1.0 1.0 1.0 1.0 1.0 1.0 1.0 1.0 1.0 1.0 1.0 1.0 1.0 1.0 1.0 1.0 1.0 1.0 1.0 1.0 1.0 1.0 1.0 1.0 1.0 1.0 1.0 1.0 1.0 1.0 1.0 1.0 
1.0 1.0 1.0 1.0 1.0 1.0 1.0 1.0 1.0 1.0 1.0 1.0 1.0 1.0 1.0 1.0 1.0 1.0 1.0 1.0 1.0 1.0 1.0 1.0 1.0 1.0 1.0 1.0 1.0 1.0 1.0 1.0 1.0 
1.0 1.0 1.0 1.0 1.0 1.0 1.0 1.0 1.0 1.0 1.0 1.0 1.0 1.0 1.0 1.0 1.0 1.0 1.0 1.0 1.0 1.0 1.0 1.0 1.0 1.0 1.0 1.0 1.0 1.0 1.0 1.0 1.0 
1.0 1.0 1.0 1.0 1.0 1.0 1.0 1.0 1.0 1.0 1.0 1.0 1.0 1.0 1.0 1.0 1.0 1.0 1.0 1.0 1.0 1.0 1.0 1.0 1.0 1.0 1.0 1.0 1.0 1.0 1.0 1.0 1.0 
1.0 1.0 1.0 1.0 1.0 1.0 1.0 1.0 1.0 1.0 1.0 1.0 1.0 1.0 1.0 1.0 1.0 1.0 1.0 1.0 1.0 1.0 1.0 1.0 1.0 1.0 1.0 1.0 1.0 1.0 1.0 1.0 1.0 
1.0 1.0 1.0 1.0 1.0 1.0 1.0 1.0 1.0 1.0 1.0 1.0 1.0 1.0 1.0 1.0 1.0 1.0 1.0 1.0 1.0 1.0 1.0 1.0 1.0 1.0 1.0 1.0 1.0 1.0 1.0 1.0 1.0 
1.0 1.0 1.0 1.0 1.0 1.0 1.0 1.0 1.0 1.0 1.0 1.0 1.0 1.0 1.0 1.0 1.0 1.0 1.0 1.0 1.0 1.0 1.0 1.0 1.0 1.0 1.0 1.0 1.0 1.0 1.0 1.0 1.0 
1.0 1.0 1.0 1.0 1.0 1.0 1.0 1.0 1.0 1.0 1.0 1.0 1.0 1.0 1.0 1.0 1.0 1.0 1.0 1.0 1.0 1.0 1.0 1.0 1.0 1.0 1.0 1.0 1.0 1.0 1.0 1.0 1.0 
1.0 1.0 1.0 1.0 1.0 1.0 1.0 1.0 1.0 1.0 1.0 1.0 1.0 1.0 1.0 1.0 1.0 1.0 1.0 1.0 1.0 1.0 1.0 1.0 1.0 1.0 1.0 1.0 1.0 1.0 1.0 1.0 1.0 
1.0 1.0 1.0 1.0 1.0 1.0 1.0 1.0 1.0 1.0 1.0 1.0 1.0 1.0 1.0 1.0 1.0 1.0 1.0 1.0 1.0 1.0 1.0 1.0 1.0 1.0 1.0 1.0 1.0 1.0 1.0 1.0 1.0 
1.0 1.0 1.0 1.0 1.0 1.0 1.0 1.0 1.0 1.0 1.0 1.0 1.0 1.0 1.0 1.0 1.0 1.0 1.0 1.0 1.0 1.0 1.0 1.0 1.0 1.0 1.0 1.0 1.0 1.0 1.0 1.0 1.0 
1.0 1.0 1.0 1.0 1.0 1.0 1.0 1.0 1.0 1.0 1.0 1.0 1.0 1.0 1.0 1.0 1.0 1.0 1.0 1.0 1.0 1.0 1.0 1.0 1.0 1.0 1.0 1.0 1.0 1.0 1.0 1.0 1.0 
1.0 1.0 1.0 1.0 1.0 1.0 1.0 1.0 1.0 1.0 1.0 1.0 1.0 1.0 1.0 1.0 1.0 1.0 1.0 1.0 1.0 1.0 1.0 1.0 1.0 1.0 1.0 1.0 1.0 1.0 1.0 1.0 1.0 
1.0 1.0 1.0 1.0 1.0 1.0 1.0 1.0 1.0 1.0 1.0 1.0 1.0 1.0 1.0 1.0 1.0 1.0 1.0 1.0 1.0 1.0 1.0 1.0 1.0 1.0 1.0 1.0 1.0 1.0 1.0 1.0 1.0 
1.0 1.0 1.0 1.0 1.0 1.0 1.0 1.0 1.0 1.0 1.0 1.0 1.0 1.0 1.0 1.0 1.0 1.0 1.0 1.0 1.0 1.0 1.0 1.0 1.0 1.0 1.0 1.0 1.0 1.0 1.0 1.0 1.0 
1.0 1.0 1.0 1.0 1.0 1.0 1.0 1.0 1.0 1.0 1.0 1.0 1.0 1.0 1.0 1.0 1.0 1.0 1.0 1.0 1.0 1.0 1.0 1.0 1.0 1.0 1.0 1.0 1.0 1.0 1.0 1.0 1.0 
1.0 1.0 1.0 1.0 1.0 1.0 1.0 1.0 1.0 1.0 1.0 1.0 1.0 1.0 1.0 1.0 1.0 1.0 1.0 1.0 1.0 1.0 1.0 1.0 1.0 1.0 1.0 1.0 1.0 1.0 1.0 1.0 1.0 
1.0 1.0 1.0 1.0 1.0 1.0 1.0 1.0 1.0 1.0 1.0 1.0 1.0 1.0 1.0 1.0 1.0 1.0 1.0 1.0 1.0 1.0 1.0 1.0 1.0 1.0 1.0 1.0 1.0 1.0 1.0 1.0 1.0 
1.0 1.0 1.0 1.0 1.0 1.0 1.0 1.0 1.0 1.0 1.0 1.0 1.0 1.0 1.0 1.0 1.0 1.0 1.0 1.0 1.0 1.0 1.0 1.0 1.0 1.0 1.0 1.0 1.0 1.0 1.0 1.0 1.0 
1.0 1.0 1.0 1.0 1.0 1.0 1.0 1.0 1.0 1.0 1.0 1.0 1.0 1.0 1.0 1.0 1.0 1.0 1.0 1.0 1.0 1.0 1.0 1.0 1.0 1.0 1.0 1.0 1.0 1.0 1.0 1.0 1.0 
1.0 1.0 1.0 1.0 1.0 1.0 1.0 1.0 1.0 1.0 1.0 1.0 1.0 1.0 1.0 1.0 1.0 1.0 1.0 1.0 1.0 1.0 1.0 1.0 1.0 1.0 1.0 1.0 1.0 1.0 1.0 1.0 1.0 
1.0 1.0 1.0 1.0 1.0 1.0 1.0 1.0 1.0 1.0 1.0 1.0 1.0 1.0 1.0 1.0 1.0 1.0 1.0 1.0 1.0 1.0 1.0 1.0 1.0 1.0 1.0 1.0 1.0 1.0 1.0 1.0 1.0 
1.0 1.0 1.0 1.0 1.0 1.0 1.0 1.0 1.0 1.0 1.0 1.0 1.0 1.0 1.0 1.0 1.0 1.0 1.0 1.0 1.0 1.0 1.0 1.0 1.0 1.0 1.0 1.0 1.0 1.0 1.0 1.0 1.0 
1.0 1.0 1.0 1.0 1.0 1.0 1.0 1.0 1.0 1.0 1.0 1.0 1.0 1.0 1.0 1.0 1.0 1.0 1.0 1.0 1.0 1.0 1.0 1.0 1.0 1.0 1.0 1.0 1.0 1.0 1.0 1.0 1.0 
1.0 1.0 1.0 1.0 1.0 1.0 1.0 1.0 1.0 1.0 1.0 1.0 1.0 1.0 1.0 1.0 1.0 1.0 1.0 1.0 1.0 1.0 1.0 1.0 1.0 1.0 1.0 1.0 1.0 1.0 1.0 1.0 1.0 
1.0 1.0 1.0 1.0 1.0 1.0 1.0 1.0 1.0 1.0 1.0 1.0 1.0 1.0 1.0 1.0 1.0 1.0 1.0 1.0 1.0 1.0 1.0 1.0 1.0 1.0 1.0 1.0 1.0 1.0 1.0 1.0 1.0 
1.0 1.0 1.0 1.0 1.0 1.0 1.0 1.0 1.0 1.0 1.0 1.0 1.0 1.0 1.0 1.0 1.0 1.0 1.0 1.0 1.0 1.0 1.0 1.0 1.0 1.0 1.0 1.0 1.0 1.0 1.0 1.0 1.0 
 ); 
P0 ( 3.128035104244566e-05 1.768400102128905e-05 5.347097712174834e-06 4.761070953596234e-06 2.817884473694712e-06 1.5957940653664472e-06 8.083396390003413e-07 4.0176074949669465e-07 2.0129700495827992e-07 9.9181599410119e-08 4.762334253334953e-08 2.903594634821956e-08 1.1234651106645164e-08 4.888618513456357e-09 2.0670170837615405e-09 9.698958380395106e-10 4.610151866643928e-10 2.27211390646517e-10 1.1331093547110755e-10 6.03015081439504e-11 3.269597932887223e-11 1.523435957350233e-11 1.3402706713684978e-11 3.4964999308208464e-12 1.3104931592846753e-12 1.461224700409293e-12 8.054820635316427e-13 3.3236942939415194e-13 1.0850011986612506e-13 8.48818837721433e-14 6.681481766757092e-14 0.0 0.0 
0.0 3.2384707257714986e-05 1.8115208110168755e-05 2.774018430505336e-06 3.3426178816922757e-06 1.8528528303036468e-06 1.0206682424466648e-06 3.853758504047468e-07 1.6952326379104285e-07 7.633051563816635e-08 2.964816271160846e-08 1.2179061105775007e-08 4.95285904075834e-09 1.9751004535649992e-09 8.364914738513543e-10 3.6979954714345967e-10 1.5551574104744758e-10 7.124271880809784e-11 3.3998636971521936e-11 1.6628084353847158e-11 8.326644798058965e-12 3.535663857867306e-12 3.1162560736576947e-12 8.920361114236358e-13 3.215292089741819e-13 3.395370340900579e-13 1.6059190035507751e-13 5.0513046865585667e-14 2.128451953427035e-14 1.6567958816249282e-14 1.2849653748303601e-14 0.0 0.0 
0.0 0.0 5.065970956428051e-05 2.2327553609282255e-05 6.835066371776909e-07 5.330528717548214e-07 3.030827483703811e-07 1.9780999534305187e-07 8.072966319507687e-08 2.594327112665749e-08 7.860211234946328e-09 2.8769248111408088e-09 1.2413632002003015e-09 5.367001226174389e-10 2.3077384925826984e-10 9.847207046925291e-11 4.157195718600985e-11 1.802558318924292e-11 8.163134635518361e-12 3.841094709600924e-12 1.8669053921332336e-12 7.983416436264826e-13 6.984551934135226e-13 1.8700208698273268e-13 3.356052135330856e-14 3.4569290002337994e-14 1.8761844864975784e-14 6.595189914119004e-15 1.5070045428116076e-15 7.020992710662366e-16 5.242966263754311e-16 0.0 0.0 
0.0 0.0 0.0 5.305151007576442e-05 1.979169249768162e-05 2.0262388357978127e-07 1.28603160459938e-07 5.615943246958265e-08 2.4138912063499916e-08 7.599497813822468e-09 2.291239546727629e-09 7.94735191519954e-10 3.000658384435746e-10 1.237739610743815e-10 5.221236962993053e-11 2.2754819116169528e-11 9.665838955028448e-12 4.153122017269197e-12 1.855943298969578e-12 8.437870408347408e-13 3.9701027470141526e-13 1.6323014533668356e-13 1.367254196435397e-13 3.9808213008043935e-14 1.4430895613969598e-14 1.5212573463010416e-14 7.154179055056886e-15 1.7001418601307883e-15 5.741302601249832e-16 0.0 0.0 0.0 0.0 
0.0 0.0 0.0 0.0 7.431217548213673e-05 2.6238925966314555e-05 4.6262846274331214e-08 4.0438345939815046e-08 1.9359813270092012e-08 9.2123408681117e-09 4.519291662806645e-09 2.362135569169186e-09 1.2819969606720843e-09 7.0558402282116e-10 4.0091525539930444e-10 2.3310819019546033e-10 1.3282046659116167e-10 6.803345232779975e-11 3.2905785855036814e-11 1.557915545821743e-11 7.280528523893737e-12 2.910197031357711e-12 2.255796653278594e-12 5.881573252438557e-13 1.8296848251230812e-13 1.8225308688511177e-13 9.503396162557465e-14 3.930368242897941e-14 1.366448435904033e-14 8.997607114110905e-15 5.469557077258713e-15 0.0 0.0 
0.0 0.0 0.0 0.0 0.0 9.518184166022301e-05 2.5665164343212666e-05 0.0 0.0 0.0 0.0 0.0 0.0 0.0 0.0 0.0 0.0 0.0 0.0 0.0 0.0 0.0 0.0 0.0 0.0 0.0 0.0 0.0 0.0 0.0 0.0 0.0 0.0 
0.0 0.0 0.0 0.0 0.0 0.0 9.045949531304025e-05 2.928554924265209e-05 0.0 0.0 0.0 0.0 0.0 0.0 0.0 0.0 0.0 0.0 0.0 0.0 0.0 0.0 0.0 0.0 0.0 0.0 0.0 0.0 0.0 0.0 0.0 0.0 0.0 
0.0 0.0 0.0 0.0 0.0 0.0 0.0 0.00015239201003296136 4.36755747938861e-05 0.0 0.0 0.0 0.0 0.0 0.0 0.0 0.0 0.0 0.0 0.0 0.0 0.0 0.0 0.0 0.0 0.0 0.0 0.0 0.0 0.0 0.0 0.0 0.0 
0.0 0.0 0.0 0.0 0.0 0.0 0.0 0.0 0.00013024327823086453 4.8554460596969077e-05 0.0 0.0 0.0 0.0 0.0 0.0 0.0 0.0 0.0 0.0 0.0 0.0 0.0 0.0 0.0 0.0 0.0 0.0 0.0 0.0 0.0 0.0 0.0 
0.0 0.0 0.0 0.0 0.0 0.0 0.0 0.0 0.0 0.0001493453615261786 5.581419497501081e-05 0.0 0.0 0.0 0.0 0.0 0.0 0.0 0.0 0.0 0.0 0.0 0.0 0.0 0.0 0.0 0.0 0.0 0.0 0.0 0.0 0.0 0.0 
0.0 0.0 0.0 0.0 0.0 0.0 0.0 0.0 0.0 0.0 0.0001728740990238905 6.432724035072918e-05 0.0 0.0 0.0 0.0 0.0 0.0 0.0 0.0 0.0 0.0 0.0 0.0 0.0 0.0 0.0 0.0 0.0 0.0 0.0 0.0 0.0 
0.0 0.0 0.0 0.0 0.0 0.0 0.0 0.0 0.0 0.0 0.0 0.00019275872290611148 7.391467259178332e-05 0.0 0.0 0.0 0.0 0.0 0.0 0.0 0.0 0.0 0.0 0.0 0.0 0.0 0.0 0.0 0.0 0.0 0.0 0.0 0.0 
0.0 0.0 0.0 0.0 0.0 0.0 0.0 0.0 0.0 0.0 0.0 0.0 0.0002196673359393528 8.492625517392957e-05 0.0 0.0 0.0 0.0 0.0 0.0 0.0 0.0 0.0 0.0 0.0 0.0 0.0 0.0 0.0 0.0 0.0 0.0 0.0 
0.0 0.0 0.0 0.0 0.0 0.0 0.0 0.0 0.0 0.0 0.0 0.0 0.0 0.0002449636878097444 9.439805625190855e-05 0.0 0.0 0.0 0.0 0.0 0.0 0.0 0.0 0.0 0.0 0.0 0.0 0.0 0.0 0.0 0.0 0.0 0.0 
0.0 0.0 0.0 0.0 0.0 0.0 0.0 0.0 0.0 0.0 0.0 0.0 0.0 0.0 0.0002690258422798707 0.0001025985757691876 0.0 0.0 0.0 0.0 0.0 0.0 0.0 0.0 0.0 0.0 0.0 0.0 0.0 0.0 0.0 0.0 0.0 
0.0 0.0 0.0 0.0 0.0 0.0 0.0 0.0 0.0 0.0 0.0 0.0 0.0 0.0 0.0 0.0002875391087034352 0.0001093378702230757 0.0 0.0 0.0 0.0 0.0 0.0 0.0 0.0 0.0 0.0 0.0 0.0 0.0 0.0 0.0 0.0 
0.0 0.0 0.0 0.0 0.0 0.0 0.0 0.0 0.0 0.0 0.0 0.0 0.0 0.0 0.0 0.0 0.0003023544228227728 0.00011427452456659388 0.0 0.0 0.0 0.0 0.0 0.0 0.0 0.0 0.0 0.0 0.0 0.0 0.0 0.0 0.0 
0.0 0.0 0.0 0.0 0.0 0.0 0.0 0.0 0.0 0.0 0.0 0.0 0.0 0.0 0.0 0.0 0.0 0.0003127398651306496 0.00011761695468449801 0.0 0.0 0.0 0.0 0.0 0.0 0.0 0.0 0.0 0.0 0.0 0.0 0.0 0.0 
0.0 0.0 0.0 0.0 0.0 0.0 0.0 0.0 0.0 0.0 0.0 0.0 0.0 0.0 0.0 0.0 0.0 0.0 0.0003194884585776919 0.00011979705028706349 0.0 0.0 0.0 0.0 0.0 0.0 0.0 0.0 0.0 0.0 0.0 0.0 0.0 
0.0 0.0 0.0 0.0 0.0 0.0 0.0 0.0 0.0 0.0 0.0 0.0 0.0 0.0 0.0 0.0 0.0 0.0 0.0 0.00032386199539791047 0.00012113546532092683 0.0 0.0 0.0 0.0 0.0 0.0 0.0 0.0 0.0 0.0 0.0 0.0 
0.0 0.0 0.0 0.0 0.0 0.0 0.0 0.0 0.0 0.0 0.0 0.0 0.0 0.0 0.0 0.0 0.0 0.0 0.0 0.0 0.0003264420655665386 0.00012192056041744894 0.0 0.0 0.0 0.0 0.0 0.0 0.0 0.0 0.0 0.0 0.0 
0.0 0.0 0.0 0.0 0.0 0.0 0.0 0.0 0.0 0.0 0.0 0.0 0.0 0.0 0.0 0.0 0.0 0.0 0.0 0.0 0.0 0.00029734502913026295 0.0001529026060087343 0.0 0.0 0.0 0.0 0.0 0.0 0.0 0.0 0.0 0.0 
0.0 0.0 0.0 0.0 0.0 0.0 0.0 0.0 0.0 0.0 0.0 0.0 0.0 0.0 0.0 0.0 0.0 0.0 0.0 0.0 0.0 0.0 0.0003662329137466264 8.574736972206094e-05 0.0 0.0 0.0 0.0 0.0 0.0 0.0 0.0 0.0 
0.0 0.0 0.0 0.0 0.0 0.0 0.0 0.0 0.0 0.0 0.0 0.0 0.0 0.0 0.0 0.0 0.0 0.0 0.0 0.0 0.0 0.0 0.0 0.0003258971700362313 0.0001273793479427894 0.0 0.0 0.0 0.0 0.0 0.0 0.0 0.0 
0.0 0.0 0.0 0.0 0.0 0.0 0.0 0.0 0.0 0.0 0.0 0.0 0.0 0.0 0.0 0.0 0.0 0.0 0.0 0.0 0.0 0.0 0.0 0.0 0.00024836148824003185 0.00020533638799317996 0.0 0.0 0.0 0.0 0.0 0.0 0.0 
0.0 0.0 0.0 0.0 0.0 0.0 0.0 0.0 0.0 0.0 0.0 0.0 0.0 0.0 0.0 0.0 0.0 0.0 0.0 0.0 0.0 0.0 0.0 0.0 0.0 0.0003365258076930528 0.00011740654215925894 0.0 0.0 0.0 0.0 0.0 0.0 
0.0 0.0 0.0 0.0 0.0 0.0 0.0 0.0 0.0 0.0 0.0 0.0 0.0 0.0 0.0 0.0 0.0 0.0 0.0 0.0 0.0 0.0 0.0 0.0 0.0 0.0 0.00034689862842023674 0.00010724728781691224 0.0 0.0 0.0 0.0 0.0 
0.0 0.0 0.0 0.0 0.0 0.0 0.0 0.0 0.0 0.0 0.0 0.0 0.0 0.0 0.0 0.0 0.0 0.0 0.0 0.0 0.0 0.0 0.0 0.0 0.0 0.0 0.0 0.0003309509100580931 0.00012337742840132012 0.0 0.0 0.0 0.0 
0.0 0.0 0.0 0.0 0.0 0.0 0.0 0.0 0.0 0.0 0.0 0.0 0.0 0.0 0.0 0.0 0.0 0.0 0.0 0.0 0.0 0.0 0.0 0.0 0.0 0.0 0.0 0.0 0.0003310391784759028 0.0001234052213704686 0.0 0.0 0.0 
0.0 0.0 0.0 0.0 0.0 0.0 0.0 0.0 0.0 0.0 0.0 0.0 0.0 0.0 0.0 0.0 0.0 0.0 0.0 0.0 0.0 0.0 0.0 0.0 0.0 0.0 0.0 0.0 0.0 0.0003701934118367325 8.433259546506254e-05 0.0 0.0 
0.0 0.0 0.0 0.0 0.0 0.0 0.0 0.0 0.0 0.0 0.0 0.0 0.0 0.0 0.0 0.0 0.0 0.0 0.0 0.0 0.0 0.0 0.0 0.0 0.0 0.0 0.0 0.0 0.0 0.0 0.0004239662435908903 3.086399037305114e-05 0.0 
0.0 0.0 0.0 0.0 0.0 0.0 0.0 0.0 0.0 0.0 0.0 0.0 0.0 0.0 0.0 0.0 0.0 0.0 0.0 0.0 0.0 0.0 0.0 0.0 0.0 0.0 0.0 0.0 0.0 0.0 0.0 0.00041963545484437507 3.690019777641031e-05 
0.0 0.0 0.0 0.0 0.0 0.0 0.0 0.0 0.0 0.0 0.0 0.0 0.0 0.0 0.0 0.0 0.0 0.0 0.0 0.0 0.0 0.0 0.0 0.0 0.0 0.0 0.0 0.0 0.0 0.0 0.0 0.0 0.00047210874428240524 
 ); 
P1 ( 2.3836543783154725e-05 -1.3565014175450653e-06 1.0242526095369361e-06 2.5015006013293955e-07 2.0051562357840503e-07 3.568422980786604e-08 1.706233486558337e-08 6.868324964341766e-09 9.543827011333604e-09 2.1548925517094905e-09 3.036699824190564e-10 6.203561926774023e-09 4.039039589213046e-10 -1.901760445332734e-10 -2.9657558832364184e-10 -1.2844974822200896e-10 -4.5300915269209827e-11 -1.2312174677302486e-11 -7.756224548857642e-12 -1.6818984570759328e-12 8.375446661485771e-13 1.334132939809219e-12 1.2867932354794513e-12 -3.0120117567935494e-13 -9.299443381751691e-14 -7.834381282704156e-14 -2.4273762216869833e-14 -9.595027638632792e-15 3.607940568324704e-16 1.860008579298092e-15 4.514032124389861e-15 0.0 0.0 
0.0 1.8218084280396404e-05 -2.8508196879766436e-06 6.304180331932549e-07 5.249703424811131e-08 1.0290479810522357e-07 -1.078301255044425e-07 -2.566705443663709e-08 -4.0344252431721574e-10 -7.72532756753979e-09 -4.173722517366986e-09 -1.4700295087848353e-09 -6.08154562043619e-10 -2.7244001280283237e-10 -8.198395797579224e-11 -1.6880104088105556e-11 -1.5773207626043757e-11 -8.211379202511808e-12 -3.4632946864472767e-12 -1.538018423725557e-12 -6.873868758726366e-13 -2.8878709058983e-13 -2.5219594848080406e-13 -6.470059229034065e-14 -1.1590525993752835e-14 -1.5793281227729134e-14 -1.0704401311194863e-14 -2.5795207958562162e-15 -3.189608145645617e-16 9.020632746239293e-17 6.639518807353973e-16 0.0 0.0 
0.0 0.0 2.5025916038936377e-05 -7.4178220009639156e-06 1.1960743821066712e-07 -8.671792591399863e-09 4.252324265584443e-08 3.237688208614884e-09 -1.371862702568248e-08 -6.633611484162219e-09 -1.097031751368326e-09 -1.2634093815666073e-10 -3.8784112656802115e-11 -2.409309439925119e-11 -1.3512700923147548e-11 -7.70725319266731e-12 -5.013106238215471e-12 -2.7417200960240605e-12 -1.2953511794411483e-12 -5.567187602550128e-13 -2.194514660031137e-13 -6.192207788344511e-14 -1.7187531969803824e-14 1.6488217670027176e-14 -4.790583084549382e-15 -4.624979567996235e-15 -2.0829613373196664e-15 -5.564981368468835e-16 -4.5509967013204756e-17 5.934988256876481e-18 4.9493307596459866e-17 0.0 0.0 
0.0 0.0 0.0 1.1497663753531158e-05 -6.261801125327379e-06 2.5573904203650077e-08 -2.5885129138478053e-10 -1.8594382465448145e-10 -2.1026325596109236e-09 -1.3385159872091246e-09 -3.177832756171447e-10 -5.3165940902592864e-11 -1.3093664802637988e-11 -6.480810019515708e-12 -2.3441840091017224e-12 -7.961581786926218e-13 -7.910286847015869e-13 -5.679950403448402e-13 -3.102538444171614e-13 -1.6452167504951375e-13 -7.81363707872913e-14 -2.9728760989030434e-14 -1.951400990637353e-14 -2.54164642950272e-15 1.0037136995794116e-16 1.3422825925637484e-15 4.3966676594353606e-16 -3.646233013437916e-16 -1.393601384933052e-16 0.0 0.0 0.0 0.0 
0.0 0.0 0.0 0.0 1.9552018880262136e-05 -7.267886197101116e-06 5.565131461663172e-09 3.943290933023673e-10 1.7887835144530983e-10 7.210959356889361e-11 5.293975901172962e-11 6.704966569732642e-11 3.973988160349836e-11 3.4871718670532574e-11 2.9361194217723095e-11 2.3952908524974193e-11 1.4767803676637414e-11 3.313698069374368e-12 -1.0169571079486559e-12 -1.5138475125922923e-12 -1.0408411970006454e-12 -4.41707460991438e-13 -3.1310451565627775e-13 -5.735336797383183e-14 -3.135915909248865e-14 -2.1211438510768234e-14 -1.514674084635903e-15 3.155016966032598e-15 -3.383814565120602e-15 -1.6852332495393973e-15 -1.5708899863342562e-16 0.0 0.0 
0.0 0.0 0.0 0.0 0.0 2.071688302135688e-05 -9.40370804470937e-06 0.0 0.0 0.0 0.0 0.0 0.0 0.0 0.0 0.0 0.0 0.0 0.0 0.0 0.0 0.0 0.0 0.0 0.0 0.0 0.0 0.0 0.0 0.0 0.0 0.0 0.0 
0.0 0.0 0.0 0.0 0.0 0.0 2.365903987891321e-05 -4.7934429135485104e-06 0.0 0.0 0.0 0.0 0.0 0.0 0.0 0.0 0.0 0.0 0.0 0.0 0.0 0.0 0.0 0.0 0.0 0.0 0.0 0.0 0.0 0.0 0.0 0.0 0.0 
0.0 0.0 0.0 0.0 0.0 0.0 0.0 3.546674583350564e-05 -1.3106102026621878e-05 0.0 0.0 0.0 0.0 0.0 0.0 0.0 0.0 0.0 0.0 0.0 0.0 0.0 0.0 0.0 0.0 0.0 0.0 0.0 0.0 0.0 0.0 0.0 0.0 
0.0 0.0 0.0 0.0 0.0 0.0 0.0 0.0 2.5100722745573534e-05 -1.3546395237813503e-05 0.0 0.0 0.0 0.0 0.0 0.0 0.0 0.0 0.0 0.0 0.0 0.0 0.0 0.0 0.0 0.0 0.0 0.0 0.0 0.0 0.0 0.0 0.0 
0.0 0.0 0.0 0.0 0.0 0.0 0.0 0.0 0.0 2.9944432159022482e-05 -1.5651235102170916e-05 0.0 0.0 0.0 0.0 0.0 0.0 0.0 0.0 0.0 0.0 0.0 0.0 0.0 0.0 0.0 0.0 0.0 0.0 0.0 0.0 0.0 0.0 
0.0 0.0 0.0 0.0 0.0 0.0 0.0 0.0 0.0 0.0 3.373130443090636e-05 -1.8303814246090292e-05 0.0 0.0 0.0 0.0 0.0 0.0 0.0 0.0 0.0 0.0 0.0 0.0 0.0 0.0 0.0 0.0 0.0 0.0 0.0 0.0 0.0 
0.0 0.0 0.0 0.0 0.0 0.0 0.0 0.0 0.0 0.0 0.0 3.746378018088627e-05 -2.1341900938926396e-05 0.0 0.0 0.0 0.0 0.0 0.0 0.0 0.0 0.0 0.0 0.0 0.0 0.0 0.0 0.0 0.0 0.0 0.0 0.0 0.0 
0.0 0.0 0.0 0.0 0.0 0.0 0.0 0.0 0.0 0.0 0.0 0.0 4.18229104799239e-05 -2.4798257383139414e-05 0.0 0.0 0.0 0.0 0.0 0.0 0.0 0.0 0.0 0.0 0.0 0.0 0.0 0.0 0.0 0.0 0.0 0.0 0.0 
0.0 0.0 0.0 0.0 0.0 0.0 0.0 0.0 0.0 0.0 0.0 0.0 0.0 4.564346983204354e-05 -2.7767438083720525e-05 0.0 0.0 0.0 0.0 0.0 0.0 0.0 0.0 0.0 0.0 0.0 0.0 0.0 0.0 0.0 0.0 0.0 0.0 
0.0 0.0 0.0 0.0 0.0 0.0 0.0 0.0 0.0 0.0 0.0 0.0 0.0 0.0 4.925708869833877e-05 -3.0447602907914384e-05 0.0 0.0 0.0 0.0 0.0 0.0 0.0 0.0 0.0 0.0 0.0 0.0 0.0 0.0 0.0 0.0 0.0 
0.0 0.0 0.0 0.0 0.0 0.0 0.0 0.0 0.0 0.0 0.0 0.0 0.0 0.0 0.0 5.217093309763428e-05 -3.258496074029431e-05 0.0 0.0 0.0 0.0 0.0 0.0 0.0 0.0 0.0 0.0 0.0 0.0 0.0 0.0 0.0 0.0 
0.0 0.0 0.0 0.0 0.0 0.0 0.0 0.0 0.0 0.0 0.0 0.0 0.0 0.0 0.0 0.0 5.441719521781238e-05 -3.416842101293414e-05 0.0 0.0 0.0 0.0 0.0 0.0 0.0 0.0 0.0 0.0 0.0 0.0 0.0 0.0 0.0 
0.0 0.0 0.0 0.0 0.0 0.0 0.0 0.0 0.0 0.0 0.0 0.0 0.0 0.0 0.0 0.0 0.0 5.598440709288527e-05 -3.525656227046258e-05 0.0 0.0 0.0 0.0 0.0 0.0 0.0 0.0 0.0 0.0 0.0 0.0 0.0 0.0 
0.0 0.0 0.0 0.0 0.0 0.0 0.0 0.0 0.0 0.0 0.0 0.0 0.0 0.0 0.0 0.0 0.0 0.0 5.698820160776265e-05 -3.5959827634104065e-05 0.0 0.0 0.0 0.0 0.0 0.0 0.0 0.0 0.0 0.0 0.0 0.0 0.0 
0.0 0.0 0.0 0.0 0.0 0.0 0.0 0.0 0.0 0.0 0.0 0.0 0.0 0.0 0.0 0.0 0.0 0.0 0.0 5.762572738650693e-05 -3.639767137614243e-05 0.0 0.0 0.0 0.0 0.0 0.0 0.0 0.0 0.0 0.0 0.0 0.0 
0.0 0.0 0.0 0.0 0.0 0.0 0.0 0.0 0.0 0.0 0.0 0.0 0.0 0.0 0.0 0.0 0.0 0.0 0.0 0.0 5.8013581136517457e-05 -3.665087486719524e-05 0.0 0.0 0.0 0.0 0.0 0.0 0.0 0.0 0.0 0.0 0.0 
0.0 0.0 0.0 0.0 0.0 0.0 0.0 0.0 0.0 0.0 0.0 0.0 0.0 0.0 0.0 0.0 0.0 0.0 0.0 0.0 0.0 6.740966762734737e-05 -4.597714063759639e-05 0.0 0.0 0.0 0.0 0.0 0.0 0.0 0.0 0.0 0.0 
0.0 0.0 0.0 0.0 0.0 0.0 0.0 0.0 0.0 0.0 0.0 0.0 0.0 0.0 0.0 0.0 0.0 0.0 0.0 0.0 0.0 0.0 4.727938074430001e-05 -2.579101057397877e-05 0.0 0.0 0.0 0.0 0.0 0.0 0.0 0.0 0.0 
0.0 0.0 0.0 0.0 0.0 0.0 0.0 0.0 0.0 0.0 0.0 0.0 0.0 0.0 0.0 0.0 0.0 0.0 0.0 0.0 0.0 0.0 0.0 5.984271192995413e-05 -3.8322118255100506e-05 0.0 0.0 0.0 0.0 0.0 0.0 0.0 0.0 
0.0 0.0 0.0 0.0 0.0 0.0 0.0 0.0 0.0 0.0 0.0 0.0 0.0 0.0 0.0 0.0 0.0 0.0 0.0 0.0 0.0 0.0 0.0 0.0 8.331192951726214e-05 -6.178047102722103e-05 0.0 0.0 0.0 0.0 0.0 0.0 0.0 
0.0 0.0 0.0 0.0 0.0 0.0 0.0 0.0 0.0 0.0 0.0 0.0 0.0 0.0 0.0 0.0 0.0 0.0 0.0 0.0 0.0 0.0 0.0 0.0 0.0 5.686702103009221e-05 -3.5326176533118385e-05 0.0 0.0 0.0 0.0 0.0 0.0 
0.0 0.0 0.0 0.0 0.0 0.0 0.0 0.0 0.0 0.0 0.0 0.0 0.0 0.0 0.0 0.0 0.0 0.0 0.0 0.0 0.0 0.0 0.0 0.0 0.0 0.0 5.381857095674412e-05 -3.2269855807501924e-05 0.0 0.0 0.0 0.0 0.0 
0.0 0.0 0.0 0.0 0.0 0.0 0.0 0.0 0.0 0.0 0.0 0.0 0.0 0.0 0.0 0.0 0.0 0.0 0.0 0.0 0.0 0.0 0.0 0.0 0.0 0.0 0.0 5.8679117493192474e-05 -3.712438166775717e-05 0.0 0.0 0.0 0.0 
0.0 0.0 0.0 0.0 0.0 0.0 0.0 0.0 0.0 0.0 0.0 0.0 0.0 0.0 0.0 0.0 0.0 0.0 0.0 0.0 0.0 0.0 0.0 0.0 0.0 0.0 0.0 0.0 5.8691497883281143e-05 -3.713368307925457e-05 0.0 0.0 0.0 
0.0 0.0 0.0 0.0 0.0 0.0 0.0 0.0 0.0 0.0 0.0 0.0 0.0 0.0 0.0 0.0 0.0 0.0 0.0 0.0 0.0 0.0 0.0 0.0 0.0 0.0 0.0 0.0 0.0 4.693736598767295e-05 -2.5376457832320516e-05 0.0 0.0 
0.0 0.0 0.0 0.0 0.0 0.0 0.0 0.0 0.0 0.0 0.0 0.0 0.0 0.0 0.0 0.0 0.0 0.0 0.0 0.0 0.0 0.0 0.0 0.0 0.0 0.0 0.0 0.0 0.0 0.0 3.0861380221598714e-05 -9.286657073286223e-06 0.0 
0.0 0.0 0.0 0.0 0.0 0.0 0.0 0.0 0.0 0.0 0.0 0.0 0.0 0.0 0.0 0.0 0.0 0.0 0.0 0.0 0.0 0.0 0.0 0.0 0.0 0.0 0.0 0.0 0.0 0.0 0.0 3.2754287075176814e-05 -1.1098845308526922e-05 
0.0 0.0 0.0 0.0 0.0 0.0 0.0 0.0 0.0 0.0 0.0 0.0 0.0 0.0 0.0 0.0 0.0 0.0 0.0 0.0 0.0 0.0 0.0 0.0 0.0 0.0 0.0 0.0 0.0 0.0 0.0 0.0 2.2395284998938964e-05 
 ); 
P2 ( 1.7296263628748418e-05 2.0188771602496504e-07 4.381508012167588e-07 4.4592805125759916e-08 6.144421353042999e-08 1.9232757862578844e-08 -1.7281376450759103e-10 8.15945550719733e-09 2.461136222112284e-09 -5.257827510528251e-10 -6.031917821958487e-10 6.087520938404959e-09 5.767350499161806e-10 -7.950620896202781e-12 -1.8395617315750412e-10 -9.618639083788365e-11 -5.928513830587977e-11 -3.586444218188967e-11 -2.3938205542302635e-11 -1.2732868336151332e-11 -6.162596074211527e-12 -2.044470986611981e-12 -1.443791586133821e-12 -1.2397621574326387e-12 -4.930597751403696e-13 -5.722914817635124e-13 -3.330425088696743e-13 -1.4534726715484948e-13 -5.021801347689925e-14 -3.97931883482916e-14 -3.1601090017413516e-14 0.0 0.0 
0.0 1.1594902529619099e-05 -7.27237205028914e-07 1.8183077941733552e-07 -1.9568038914158127e-08 6.820420368001924e-08 -1.25355437455246e-08 2.2727906657889253e-08 -3.1670080337606082e-09 -4.2803833146707627e-10 -3.0785546653240463e-10 3.6342827255703086e-10 2.515258941781576e-10 6.069342407986968e-11 2.6476141266527094e-11 1.3920731648308021e-11 -5.833360190477038e-12 -5.517050331837339e-12 -3.4917607579833003e-12 -2.1634053088720437e-12 -1.2797317867214773e-12 -6.572330238770086e-13 -7.094275351454069e-13 -2.4731564954454697e-13 -8.619830323536404e-14 -1.0397838623658536e-13 -6.068169253753722e-14 -1.82652927673721e-14 -9.475028015232256e-15 -7.545582494294933e-15 -5.9578979641816684e-15 0.0 0.0 
0.0 0.0 1.646977685591018e-05 2.8017666530172287e-06 1.6401721141540096e-08 -8.182766708235577e-10 3.90744604822062e-09 -5.557649421643234e-09 -3.2915485118807995e-09 1.325110237070774e-09 5.267299889433671e-10 4.994316855043428e-11 2.1237056574908874e-12 -6.668244632158462e-12 -3.563544518295089e-12 -2.6274504317686646e-12 -2.60422141780802e-12 -1.7336069879444692e-12 -9.86191505913368e-13 -5.390691783413253e-13 -2.9407016824774246e-13 -1.302531402699634e-13 -1.1145559753383915e-13 -1.6192294904594132e-14 -7.70240488150975e-15 -9.229077897739302e-15 -5.806090496992766e-15 -2.2681716792973817e-15 -5.787622033652795e-16 -2.838256077277723e-16 -2.1480876592883114e-16 0.0 0.0 
0.0 0.0 0.0 1.0334387602106452e-05 9.484391047932543e-07 3.081786797741268e-09 3.1543736398914445e-10 -3.6505083627479326e-10 -3.1242855646410684e-10 -3.0406936050821974e-12 1.148254315664499e-10 3.401961222070441e-12 -8.986569133651077e-13 -1.714544626424844e-13 1.603786068003428e-13 2.9867015755087325e-14 -4.748543744778999e-13 -3.781069217569666e-13 -1.9498679708539158e-13 -1.0254992851972133e-13 -4.952521564122492e-14 -2.046040779244862e-14 -1.6755109995990835e-14 -4.203073030923931e-15 -9.53965177262095e-16 1.6610097865832342e-16 1.5517331381165178e-16 -3.994905560805728e-16 -1.2083538150076123e-16 0.0 0.0 0.0 0.0 
0.0 0.0 0.0 0.0 7.783016756108255e-06 9.06582372270003e-07 1.2903440208005486e-10 -8.03578299198125e-11 -2.2656826010046644e-11 -6.135399642627817e-12 2.6272589383288504e-12 4.81902967611677e-12 4.5009835253367785e-12 5.130326839269401e-12 5.28652920179411e-12 5.371229388343636e-12 1.7675793203043213e-12 -2.877245758841127e-12 -2.563637909852332e-12 -1.2461853059407985e-12 -4.5124061825424634e-13 -8.789293017429145e-14 -3.168063339549576e-14 1.9965927111780248e-15 -1.5196257577535734e-14 -1.1457367151749054e-14 6.282653294675811e-16 5.015145466492399e-15 -2.290230181644759e-15 -1.7182649884182056e-15 -1.017982260508532e-15 0.0 0.0 
0.0 0.0 0.0 0.0 0.0 1.2560155381212203e-05 1.938713185648486e-06 0.0 0.0 0.0 0.0 0.0 0.0 0.0 0.0 0.0 0.0 0.0 0.0 0.0 0.0 0.0 0.0 0.0 0.0 0.0 0.0 0.0 0.0 0.0 0.0 0.0 0.0 
0.0 0.0 0.0 0.0 0.0 0.0 3.846088700256765e-06 -1.8187878819286376e-06 0.0 0.0 0.0 0.0 0.0 0.0 0.0 0.0 0.0 0.0 0.0 0.0 0.0 0.0 0.0 0.0 0.0 0.0 0.0 0.0 0.0 0.0 0.0 0.0 0.0 
0.0 0.0 0.0 0.0 0.0 0.0 0.0 1.1691711684236483e-05 -6.865279810899468e-07 0.0 0.0 0.0 0.0 0.0 0.0 0.0 0.0 0.0 0.0 0.0 0.0 0.0 0.0 0.0 0.0 0.0 0.0 0.0 0.0 0.0 0.0 0.0 0.0 
0.0 0.0 0.0 0.0 0.0 0.0 0.0 0.0 1.9384814229984285e-06 -1.4659126349675017e-06 0.0 0.0 0.0 0.0 0.0 0.0 0.0 0.0 0.0 0.0 0.0 0.0 0.0 0.0 0.0 0.0 0.0 0.0 0.0 0.0 0.0 0.0 0.0 
0.0 0.0 0.0 0.0 0.0 0.0 0.0 0.0 0.0 2.3266996564876065e-06 -1.6592235630338944e-06 0.0 0.0 0.0 0.0 0.0 0.0 0.0 0.0 0.0 0.0 0.0 0.0 0.0 0.0 0.0 0.0 0.0 0.0 0.0 0.0 0.0 0.0 
0.0 0.0 0.0 0.0 0.0 0.0 0.0 0.0 0.0 0.0 2.434026685255976e-06 -1.7664508938816973e-06 0.0 0.0 0.0 0.0 0.0 0.0 0.0 0.0 0.0 0.0 0.0 0.0 0.0 0.0 0.0 0.0 0.0 0.0 0.0 0.0 0.0 
0.0 0.0 0.0 0.0 0.0 0.0 0.0 0.0 0.0 0.0 0.0 2.4805030191954917e-06 -1.8857648166000844e-06 0.0 0.0 0.0 0.0 0.0 0.0 0.0 0.0 0.0 0.0 0.0 0.0 0.0 0.0 0.0 0.0 0.0 0.0 0.0 0.0 
0.0 0.0 0.0 0.0 0.0 0.0 0.0 0.0 0.0 0.0 0.0 0.0 2.56674198922589e-06 -2.020229457040439e-06 0.0 0.0 0.0 0.0 0.0 0.0 0.0 0.0 0.0 0.0 0.0 0.0 0.0 0.0 0.0 0.0 0.0 0.0 0.0 
0.0 0.0 0.0 0.0 0.0 0.0 0.0 0.0 0.0 0.0 0.0 0.0 0.0 2.642917054139783e-06 -2.1363081663956567e-06 0.0 0.0 0.0 0.0 0.0 0.0 0.0 0.0 0.0 0.0 0.0 0.0 0.0 0.0 0.0 0.0 0.0 0.0 
0.0 0.0 0.0 0.0 0.0 0.0 0.0 0.0 0.0 0.0 0.0 0.0 0.0 0.0 2.650704959140877e-06 -2.166425754918678e-06 0.0 0.0 0.0 0.0 0.0 0.0 0.0 0.0 0.0 0.0 0.0 0.0 0.0 0.0 0.0 0.0 0.0 
0.0 0.0 0.0 0.0 0.0 0.0 0.0 0.0 0.0 0.0 0.0 0.0 0.0 0.0 0.0 2.710477107041247e-06 -2.239040532022964e-06 0.0 0.0 0.0 0.0 0.0 0.0 0.0 0.0 0.0 0.0 0.0 0.0 0.0 0.0 0.0 0.0 
0.0 0.0 0.0 0.0 0.0 0.0 0.0 0.0 0.0 0.0 0.0 0.0 0.0 0.0 0.0 0.0 2.7452173238742967e-06 -2.278619770167037e-06 0.0 0.0 0.0 0.0 0.0 0.0 0.0 0.0 0.0 0.0 0.0 0.0 0.0 0.0 0.0 
0.0 0.0 0.0 0.0 0.0 0.0 0.0 0.0 0.0 0.0 0.0 0.0 0.0 0.0 0.0 0.0 0.0 2.7627786653979387e-06 -2.297828192330413e-06 0.0 0.0 0.0 0.0 0.0 0.0 0.0 0.0 0.0 0.0 0.0 0.0 0.0 0.0 
0.0 0.0 0.0 0.0 0.0 0.0 0.0 0.0 0.0 0.0 0.0 0.0 0.0 0.0 0.0 0.0 0.0 0.0 2.7752395588209725e-06 -2.3122895545838686e-06 0.0 0.0 0.0 0.0 0.0 0.0 0.0 0.0 0.0 0.0 0.0 0.0 0.0 
0.0 0.0 0.0 0.0 0.0 0.0 0.0 0.0 0.0 0.0 0.0 0.0 0.0 0.0 0.0 0.0 0.0 0.0 0.0 2.7799359015169395e-06 -2.3175914916792097e-06 0.0 0.0 0.0 0.0 0.0 0.0 0.0 0.0 0.0 0.0 0.0 0.0 
0.0 0.0 0.0 0.0 0.0 0.0 0.0 0.0 0.0 0.0 0.0 0.0 0.0 0.0 0.0 0.0 0.0 0.0 0.0 0.0 2.7865018885534107e-06 -2.323031972330419e-06 0.0 0.0 0.0 0.0 0.0 0.0 0.0 0.0 0.0 0.0 0.0 
0.0 0.0 0.0 0.0 0.0 0.0 0.0 0.0 0.0 0.0 0.0 0.0 0.0 0.0 0.0 0.0 0.0 0.0 0.0 0.0 0.0 3.369996592395961e-06 -2.9063773039061548e-06 0.0 0.0 0.0 0.0 0.0 0.0 0.0 0.0 0.0 0.0 
0.0 0.0 0.0 0.0 0.0 0.0 0.0 0.0 0.0 0.0 0.0 0.0 0.0 0.0 0.0 0.0 0.0 0.0 0.0 0.0 0.0 0.0 2.0891139281476588e-06 -1.6260708907298504e-06 0.0 0.0 0.0 0.0 0.0 0.0 0.0 0.0 0.0 
0.0 0.0 0.0 0.0 0.0 0.0 0.0 0.0 0.0 0.0 0.0 0.0 0.0 0.0 0.0 0.0 0.0 0.0 0.0 0.0 0.0 0.0 0.0 2.872546414882979e-06 -2.410759804367636e-06 0.0 0.0 0.0 0.0 0.0 0.0 0.0 0.0 
0.0 0.0 0.0 0.0 0.0 0.0 0.0 0.0 0.0 0.0 0.0 0.0 0.0 0.0 0.0 0.0 0.0 0.0 0.0 0.0 0.0 0.0 0.0 0.0 4.344225754919482e-06 -3.8828096257874535e-06 0.0 0.0 0.0 0.0 0.0 0.0 0.0 
0.0 0.0 0.0 0.0 0.0 0.0 0.0 0.0 0.0 0.0 0.0 0.0 0.0 0.0 0.0 0.0 0.0 0.0 0.0 0.0 0.0 0.0 0.0 0.0 0.0 2.680726117433142e-06 -2.219231040565979e-06 0.0 0.0 0.0 0.0 0.0 0.0 
0.0 0.0 0.0 0.0 0.0 0.0 0.0 0.0 0.0 0.0 0.0 0.0 0.0 0.0 0.0 0.0 0.0 0.0 0.0 0.0 0.0 0.0 0.0 0.0 0.0 0.0 2.4884628204771402e-06 -2.0269545610031828e-06 0.0 0.0 0.0 0.0 0.0 
0.0 0.0 0.0 0.0 0.0 0.0 0.0 0.0 0.0 0.0 0.0 0.0 0.0 0.0 0.0 0.0 0.0 0.0 0.0 0.0 0.0 0.0 0.0 0.0 0.0 0.0 0.0 2.7926791135328645e-06 -2.331218674572887e-06 0.0 0.0 0.0 0.0 
0.0 0.0 0.0 0.0 0.0 0.0 0.0 0.0 0.0 0.0 0.0 0.0 0.0 0.0 0.0 0.0 0.0 0.0 0.0 0.0 0.0 0.0 0.0 0.0 0.0 0.0 0.0 0.0 2.7925919091637488e-06 -2.331221436663996e-06 0.0 0.0 0.0 
0.0 0.0 0.0 0.0 0.0 0.0 0.0 0.0 0.0 0.0 0.0 0.0 0.0 0.0 0.0 0.0 0.0 0.0 0.0 0.0 0.0 0.0 0.0 0.0 0.0 0.0 0.0 0.0 0.0 2.0544369111667744e-06 -1.5930578528725287e-06 0.0 0.0 
0.0 0.0 0.0 0.0 0.0 0.0 0.0 0.0 0.0 0.0 0.0 0.0 0.0 0.0 0.0 0.0 0.0 0.0 0.0 0.0 0.0 0.0 0.0 0.0 0.0 0.0 0.0 0.0 0.0 0.0 1.0449773909605e-06 -5.833428227533288e-07 0.0 
0.0 0.0 0.0 0.0 0.0 0.0 0.0 0.0 0.0 0.0 0.0 0.0 0.0 0.0 0.0 0.0 0.0 0.0 0.0 0.0 0.0 0.0 0.0 0.0 0.0 0.0 0.0 0.0 0.0 0.0 0.0 1.1629278745926095e-06 -6.995820679374426e-07 
0.0 0.0 0.0 0.0 0.0 0.0 0.0 0.0 0.0 0.0 0.0 0.0 0.0 0.0 0.0 0.0 0.0 0.0 0.0 0.0 0.0 0.0 0.0 0.0 0.0 0.0 0.0 0.0 0.0 0.0 0.0 0.0 4.7919783086608e-07 
 ); 
P3 ( 1.3261005204547585e-05 -5.801471965312604e-08 1.514886655833308e-08 -1.8021294328705343e-09 3.2322159920150185e-08 1.562142039946471e-08 2.3738750700609163e-09 -2.273989433005045e-10 1.505231011777858e-09 -1.8454756604327195e-09 -2.0416275853965092e-10 6.5097123635921576e-09 9.268944452908364e-10 1.9853904182303647e-10 -7.324719560187936e-11 -5.065832838901996e-11 -2.8506581663142413e-11 -8.378895987520097e-12 -8.858435819325284e-12 -5.281095639676254e-12 -2.542234379534443e-12 -3.2600872813932007e-13 1.255902377528015e-12 -5.567295751351724e-14 -2.955600474527673e-14 -4.419945502405346e-14 -3.569983938137567e-14 -1.0633309241356304e-14 -5.386854024926058e-15 -5.391516905062233e-15 -7.917007977843726e-15 0.0 0.0 
0.0 9.096972315241276e-06 1.0023207842280544e-06 6.865911060127478e-08 4.54053622359921e-08 -1.9547166363039287e-08 1.0157087866069575e-08 1.0060612153376499e-10 -1.1701262628355603e-09 6.699898655169086e-11 -2.3046607878371835e-10 5.184848796037659e-10 2.018123469437296e-10 2.8078752752775244e-12 1.7756686281373103e-12 1.4169579620233898e-11 1.3183591779132584e-12 -8.691082766891471e-13 -3.044234413791163e-13 -1.2674784782250014e-13 -1.2368894604743107e-14 2.281019756191538e-14 -3.4407721681745397e-15 -1.6139972350593392e-14 2.412167112392073e-15 4.80763517470814e-15 -5.488616761111356e-15 -2.837101576044776e-15 -9.279346071741634e-16 -1.002547665878567e-15 -1.3918947030205908e-15 0.0 0.0 
0.0 0.0 1.0163765277718127e-05 -4.886655201541597e-07 -5.137505613961432e-09 5.835330792323803e-09 -1.7441232133792218e-09 -9.97369329855421e-10 3.1960121955109577e-10 5.609082373161891e-10 -1.4342588564006384e-10 -1.860334544031207e-11 -1.2081682153912198e-11 -6.21881026972693e-12 -6.940667503810262e-13 -6.236846534021634e-13 -1.078887206278421e-12 -7.012597342266851e-13 -4.078479788577898e-13 -2.3151715694120157e-13 -1.407764927897901e-13 -7.033159059883376e-14 -7.128921638975606e-14 -1.8720283104008976e-14 -7.50452821526526e-16 -1.2457281235715989e-15 -8.18616795223992e-16 -3.7617852681959273e-16 -1.28748539188539e-16 -7.803261503550041e-17 -1.0303577231651761e-16 0.0 0.0 
0.0 0.0 0.0 4.294179935128927e-06 -6.304898291663054e-07 3.22363738465217e-10 -4.73137300516728e-11 -3.1908045138505486e-11 -1.999628666151557e-11 5.4554568142944844e-11 1.5857446619609447e-12 -5.3158349015396315e-12 -4.713384981229521e-13 1.1656872657400563e-13 8.653173973796973e-14 -5.761803428868006e-14 -4.140150667234366e-13 -2.3448038254412043e-13 -8.388673234858856e-14 -3.978384631979282e-14 -1.96988943643035e-14 -9.827754741337458e-15 -1.0629687144891875e-14 -3.4290792853886034e-15 -9.138985520218412e-16 3.572390940681514e-16 1.1218499884391165e-15 -4.688290037691001e-18 4.781686664618104e-18 0.0 0.0 0.0 0.0 
0.0 0.0 0.0 0.0 2.738493904276013e-06 -8.356476917159223e-07 -1.4009224781410013e-11 -1.976369148343656e-11 -1.066804925073302e-11 -2.7685679891683323e-12 3.7683166371311926e-13 -7.600119449241447e-13 8.02413084438058e-13 7.853521034587629e-13 1.063885472020047e-12 1.383906861921787e-12 -9.276043124759781e-13 -2.3824559776849128e-12 -9.17736171071283e-13 -1.015952604490451e-13 1.7565202042916896e-14 1.1700724518817651e-14 7.382072554435126e-15 1.564688825309446e-14 -1.0000220317291309e-14 -1.0080489405936533e-14 -6.218059483822369e-16 6.563110424158581e-15 -2.5034288189051957e-16 -5.300097478719846e-16 -8.732400529003481e-16 0.0 0.0 
0.0 0.0 0.0 0.0 0.0 2.593660000675051e-06 -1.4743404027994683e-06 0.0 0.0 0.0 0.0 0.0 0.0 0.0 0.0 0.0 0.0 0.0 0.0 0.0 0.0 0.0 0.0 0.0 0.0 0.0 0.0 0.0 0.0 0.0 0.0 0.0 0.0 
0.0 0.0 0.0 0.0 0.0 0.0 4.4620658363634257e-07 -7.241760015776782e-07 0.0 0.0 0.0 0.0 0.0 0.0 0.0 0.0 0.0 0.0 0.0 0.0 0.0 0.0 0.0 0.0 0.0 0.0 0.0 0.0 0.0 0.0 0.0 0.0 0.0 
0.0 0.0 0.0 0.0 0.0 0.0 0.0 1.2157550679821894e-06 -1.449634054527007e-07 0.0 0.0 0.0 0.0 0.0 0.0 0.0 0.0 0.0 0.0 0.0 0.0 0.0 0.0 0.0 0.0 0.0 0.0 0.0 0.0 0.0 0.0 0.0 0.0 
0.0 0.0 0.0 0.0 0.0 0.0 0.0 0.0 9.07039633118317e-08 -7.871783759101318e-08 0.0 0.0 0.0 0.0 0.0 0.0 0.0 0.0 0.0 0.0 0.0 0.0 0.0 0.0 0.0 0.0 0.0 0.0 0.0 0.0 0.0 0.0 0.0 
0.0 0.0 0.0 0.0 0.0 0.0 0.0 0.0 0.0 9.452676516991611e-08 -7.629279691346531e-08 0.0 0.0 0.0 0.0 0.0 0.0 0.0 0.0 0.0 0.0 0.0 0.0 0.0 0.0 0.0 0.0 0.0 0.0 0.0 0.0 0.0 0.0 
0.0 0.0 0.0 0.0 0.0 0.0 0.0 0.0 0.0 0.0 1.0410307401382726e-07 -8.495450594534929e-08 0.0 0.0 0.0 0.0 0.0 0.0 0.0 0.0 0.0 0.0 0.0 0.0 0.0 0.0 0.0 0.0 0.0 0.0 0.0 0.0 0.0 
0.0 0.0 0.0 0.0 0.0 0.0 0.0 0.0 0.0 0.0 0.0 7.95267195222635e-08 -6.489779083175181e-08 0.0 0.0 0.0 0.0 0.0 0.0 0.0 0.0 0.0 0.0 0.0 0.0 0.0 0.0 0.0 0.0 0.0 0.0 0.0 0.0 
0.0 0.0 0.0 0.0 0.0 0.0 0.0 0.0 0.0 0.0 0.0 0.0 7.171155124061522e-08 -6.11251026652786e-08 0.0 0.0 0.0 0.0 0.0 0.0 0.0 0.0 0.0 0.0 0.0 0.0 0.0 0.0 0.0 0.0 0.0 0.0 0.0 
0.0 0.0 0.0 0.0 0.0 0.0 0.0 0.0 0.0 0.0 0.0 0.0 0.0 6.623551083904281e-08 -5.9106486387693124e-08 0.0 0.0 0.0 0.0 0.0 0.0 0.0 0.0 0.0 0.0 0.0 0.0 0.0 0.0 0.0 0.0 0.0 0.0 
0.0 0.0 0.0 0.0 0.0 0.0 0.0 0.0 0.0 0.0 0.0 0.0 0.0 0.0 6.354569974544941e-08 -5.8873815097676483e-08 0.0 0.0 0.0 0.0 0.0 0.0 0.0 0.0 0.0 0.0 0.0 0.0 0.0 0.0 0.0 0.0 0.0 
0.0 0.0 0.0 0.0 0.0 0.0 0.0 0.0 0.0 0.0 0.0 0.0 0.0 0.0 0.0 5.7895244452085394e-08 -5.4911997511393447e-08 0.0 0.0 0.0 0.0 0.0 0.0 0.0 0.0 0.0 0.0 0.0 0.0 0.0 0.0 0.0 0.0 
0.0 0.0 0.0 0.0 0.0 0.0 0.0 0.0 0.0 0.0 0.0 0.0 0.0 0.0 0.0 0.0 5.623283795199124e-08 -5.4327307618003566e-08 0.0 0.0 0.0 0.0 0.0 0.0 0.0 0.0 0.0 0.0 0.0 0.0 0.0 0.0 0.0 
0.0 0.0 0.0 0.0 0.0 0.0 0.0 0.0 0.0 0.0 0.0 0.0 0.0 0.0 0.0 0.0 0.0 5.285680421981163e-08 -5.1623325365516375e-08 0.0 0.0 0.0 0.0 0.0 0.0 0.0 0.0 0.0 0.0 0.0 0.0 0.0 0.0 
0.0 0.0 0.0 0.0 0.0 0.0 0.0 0.0 0.0 0.0 0.0 0.0 0.0 0.0 0.0 0.0 0.0 0.0 5.208962220732165e-08 -5.1330231305546345e-08 0.0 0.0 0.0 0.0 0.0 0.0 0.0 0.0 0.0 0.0 0.0 0.0 0.0 
0.0 0.0 0.0 0.0 0.0 0.0 0.0 0.0 0.0 0.0 0.0 0.0 0.0 0.0 0.0 0.0 0.0 0.0 0.0 5.1569148350968907e-08 -5.108291623331288e-08 0.0 0.0 0.0 0.0 0.0 0.0 0.0 0.0 0.0 0.0 0.0 0.0 
0.0 0.0 0.0 0.0 0.0 0.0 0.0 0.0 0.0 0.0 0.0 0.0 0.0 0.0 0.0 0.0 0.0 0.0 0.0 0.0 5.123710299336652e-08 -5.0847593963008115e-08 0.0 0.0 0.0 0.0 0.0 0.0 0.0 0.0 0.0 0.0 0.0 
0.0 0.0 0.0 0.0 0.0 0.0 0.0 0.0 0.0 0.0 0.0 0.0 0.0 0.0 0.0 0.0 0.0 0.0 0.0 0.0 0.0 6.363840674296548e-08 -6.333003674514935e-08 0.0 0.0 0.0 0.0 0.0 0.0 0.0 0.0 0.0 0.0 
0.0 0.0 0.0 0.0 0.0 0.0 0.0 0.0 0.0 0.0 0.0 0.0 0.0 0.0 0.0 0.0 0.0 0.0 0.0 0.0 0.0 0.0 3.542252178548572e-08 -3.52022864835177e-08 0.0 0.0 0.0 0.0 0.0 0.0 0.0 0.0 0.0 
0.0 0.0 0.0 0.0 0.0 0.0 0.0 0.0 0.0 0.0 0.0 0.0 0.0 0.0 0.0 0.0 0.0 0.0 0.0 0.0 0.0 0.0 0.0 5.196099502901046e-08 -5.185594773637637e-08 0.0 0.0 0.0 0.0 0.0 0.0 0.0 0.0 
0.0 0.0 0.0 0.0 0.0 0.0 0.0 0.0 0.0 0.0 0.0 0.0 0.0 0.0 0.0 0.0 0.0 0.0 0.0 0.0 0.0 0.0 0.0 0.0 8.387087213971797e-08 -8.381343425923753e-08 0.0 0.0 0.0 0.0 0.0 0.0 0.0 
0.0 0.0 0.0 0.0 0.0 0.0 0.0 0.0 0.0 0.0 0.0 0.0 0.0 0.0 0.0 0.0 0.0 0.0 0.0 0.0 0.0 0.0 0.0 0.0 0.0 4.794351599096935e-08 -4.7875716651106914e-08 0.0 0.0 0.0 0.0 0.0 0.0 
0.0 0.0 0.0 0.0 0.0 0.0 0.0 0.0 0.0 0.0 0.0 0.0 0.0 0.0 0.0 0.0 0.0 0.0 0.0 0.0 0.0 0.0 0.0 0.0 0.0 0.0 4.377506578285063e-08 -4.370953433443221e-08 0.0 0.0 0.0 0.0 0.0 
0.0 0.0 0.0 0.0 0.0 0.0 0.0 0.0 0.0 0.0 0.0 0.0 0.0 0.0 0.0 0.0 0.0 0.0 0.0 0.0 0.0 0.0 0.0 0.0 0.0 0.0 0.0 5.027747946266669e-08 -5.023798285299597e-08 0.0 0.0 0.0 0.0 
0.0 0.0 0.0 0.0 0.0 0.0 0.0 0.0 0.0 0.0 0.0 0.0 0.0 0.0 0.0 0.0 0.0 0.0 0.0 0.0 0.0 0.0 0.0 0.0 0.0 0.0 0.0 0.0 5.024600618834139e-08 -5.02120527177511e-08 0.0 0.0 0.0 
0.0 0.0 0.0 0.0 0.0 0.0 0.0 0.0 0.0 0.0 0.0 0.0 0.0 0.0 0.0 0.0 0.0 0.0 0.0 0.0 0.0 0.0 0.0 0.0 0.0 0.0 0.0 0.0 0.0 3.4370352402103066e-08 -3.433136229479607e-08 0.0 0.0 
0.0 0.0 0.0 0.0 0.0 0.0 0.0 0.0 0.0 0.0 0.0 0.0 0.0 0.0 0.0 0.0 0.0 0.0 0.0 0.0 0.0 0.0 0.0 0.0 0.0 0.0 0.0 0.0 0.0 0.0 1.2640313084444913e-08 -1.2593543500778531e-08 0.0 
0.0 0.0 0.0 0.0 0.0 0.0 0.0 0.0 0.0 0.0 0.0 0.0 0.0 0.0 0.0 0.0 0.0 0.0 0.0 0.0 0.0 0.0 0.0 0.0 0.0 0.0 0.0 0.0 0.0 0.0 0.0 1.529251970263344e-08 -1.5246823475242483e-08 
0.0 0.0 0.0 0.0 0.0 0.0 0.0 0.0 0.0 0.0 0.0 0.0 0.0 0.0 0.0 0.0 0.0 0.0 0.0 0.0 0.0 0.0 0.0 0.0 0.0 0.0 0.0 0.0 0.0 0.0 0.0 0.0 5.5282577970980996e-11 
 ); 
