numberOfGroups 33;

capture.txt (1.27831e-05 9.75387e-06 1.41401e-05 7.38217e-06 4.28439e-06 1.09025e-06 2.35456e-06 1.04775e-06 8.11889e-08 5.94694e-08 5.64228e-08 5.91906e-08 7.00374e-08 8.64638e-08 1.1076e-07 1.41499e-07 1.84336e-07 2.42866e-07 3.11076e-07 4.02803e-07 5.18858e-07 6.50003e-07 8.64731e-07 1.16871e-06 1.42004e-06 1.74797e-06 2.3007e-06 3.00778e-06 3.86514e-06 5.24565e-06 9.77359e-06 2.40752e-05 5.82588e-05 );

fission.txt (0 0 0 0 0 0 0 0 0 0 0 0 0 0 0 0 0 0 0 0 0 0 0 0 0 0 0 0 0 0 0 0 0 );

chi.txt (0 0 0 0 0 0 0 0 0 0 0 0 0 0 0 0 0 0 0 0 0 0 0 0 0 0 0 0 0 0 0 0 0 );

nu.txt (0 0 0 0 0 0 0 0 0 0 0 0 0 0 0 0 0 0 0 0 0 0 0 0 0 0 0 0 0 0 0 0 0 );

scatteringMultiplicity (
1 1 1 1 1 1 1 
1 1 1 1 1 1 1 
1 1 1 1 1 1 1 
1 1 1 1 1 1 1 
1 1 1 1 1 1 1 
1 1 1 1 1 1 1 
1 1 1 1 1 1 1 
);

P0 (
4.31817e-05 7.89205e-06 2.34359e-06 2.33017e-06 2.42061e-06 4.03338e-06 1.29862e-07 8.34824e-07 8.17462e-17 9.64929e-18 0 1.02431e-16 0 0 0 0 0 0 0 0 0 0 0 0 0 0 0 0 0 0 0 0 0 
0 2.80418e-05 2.11031e-05 2.11901e-06 4.24988e-06 3.18532e-06 6.14526e-07 1.75015e-07 7.7614e-08 2.54306e-08 1.92363e-08 4.92722e-09 1.05708e-16 5.32598e-18 2.87866e-17 9.49157e-19 1.37462e-19 0 0 0 0 0 0 0 0 0 0 0 0 0 0 0 0 
0 0 5.18014e-05 1.80383e-05 5.9729e-07 5.32043e-07 8.35794e-07 3.02898e-07 4.9416e-08 1.61855e-08 1.08746e-09 2.10861e-10 2.49987e-18 1.81188e-19 8.57975e-21 1.81003e-18 0 1.54627e-20 0 0 0 0 0 0 0 0 0 0 0 0 0 0 0 
0 0 0 3.53359e-05 3.24275e-05 1.44902e-07 8.78409e-08 3.92816e-08 2.00946e-08 3.43204e-09 6.11297e-09 8.17128e-11 8.63819e-19 3.24439e-20 2.05211e-20 0 0 0 1.08187e-20 0 0 0 0 0 0 0 0 0 0 0 0 0 0 
0 0 0 0 7.16357e-05 3.28358e-05 1.55001e-08 3.88879e-08 2.04974e-08 7.49201e-09 1.87061e-09 1.54334e-09 1.78855e-09 1.32395e-09 1.4997e-10 1.04296e-10 4.81026e-10 8.16798e-11 4.98603e-21 6.78681e-12 0 2.55249e-11 0 0 0 0 0 0 0 0 0 0 0 
0 0 0 0 0 8.87363e-05 2.68464e-05 0 0 0 0 0 0 0 0 0 0 0 0 0 0 0 0 0 0 0 0 0 0 0 0 0 0 
0 0 0 0 0 0 9.13428e-05 2.81259e-05 0 0 0 0 0 0 0 0 0 0 0 0 0 0 0 0 0 0 0 0 0 0 0 0 0 
0 0 0 0 0 0 0 0.000135808 5.02414e-05 0 0 0 0 0 0 0 0 0 0 0 0 0 0 0 0 0 0 0 0 0 0 0 0 
0 0 0 0 0 0 0 0 0.000132328 4.61755e-05 0 0 0 0 0 0 0 0 0 0 0 0 0 0 0 0 0 0 0 0 0 0 0 
0 0 0 0 0 0 0 0 0 0.000154316 5.022e-05 0 0 0 0 0 0 0 0 0 0 0 0 0 0 0 0 0 0 0 0 0 0 
0 0 0 0 0 0 0 0 0 0 0.000172545 6.49454e-05 0 0 0 0 0 0 0 0 0 0 0 0 0 0 0 0 0 0 0 0 0 
0 0 0 0 0 0 0 0 0 0 0 0.000194226 7.26593e-05 0 0 0 0 0 0 0 0 0 0 0 0 0 0 0 0 0 0 0 0 
0 0 0 0 0 0 0 0 0 0 0 0 0.000219494 8.50074e-05 0 0 0 0 0 0 0 0 0 0 0 0 0 0 0 0 0 0 0 
0 0 0 0 0 0 0 0 0 0 0 0 0 0.000245993 9.32717e-05 0 0 0 0 0 0 0 0 0 0 0 0 0 0 0 0 0 0 
0 0 0 0 0 0 0 0 0 0 0 0 0 0 0.000269413 0.000102184 0 0 0 0 0 0 0 0 0 0 0 0 0 0 0 0 0 
0 0 0 0 0 0 0 0 0 0 0 0 0 0 0 0.000287567 0.000109314 0 0 0 0 0 0 0 0 0 0 0 0 0 0 0 0 
0 0 0 0 0 0 0 0 0 0 0 0 0 0 0 0 0.000304518 0.000112039 0 0 0 0 0 0 0 0 0 0 0 0 0 0 0 
0 0 0 0 0 0 0 0 0 0 0 0 0 0 0 0 0 0.000291659 0.00013917 0 0 0 0 0 0 0 0 0 0 0 0 0 0 
0 0 0 0 0 0 0 0 0 0 0 0 0 0 0 0 0 0 0.000320778 0.000118476 0 0 0 0 0 0 0 0 0 0 0 0 0 
0 0 0 0 0 0 0 0 0 0 0 0 0 0 0 0 0 0 0 0.000323366 0.000121634 0 0 0 0 0 0 0 0 0 0 0 0 
0 0 0 0 0 0 0 0 0 0 0 0 0 0 0 0 0 0 0 0 0.000326225 0.000122138 0 0 0 0 0 0 0 0 0 0 0 
0 0 0 0 0 0 0 0 0 0 0 0 0 0 0 0 0 0 0 0 0 0.00029725 0.000152998 0 0 0 0 0 0 0 0 0 0 
0 0 0 0 0 0 0 0 0 0 0 0 0 0 0 0 0 0 0 0 0 0 0.000366913 8.50646e-05 0 0 0 0 0 0 0 0 0 
0 0 0 0 0 0 0 0 0 0 0 0 0 0 0 0 0 0 0 0 0 0 0 0.000326948 0.000126327 0 0 0 0 0 0 0 0 
0 0 0 0 0 0 0 0 0 0 0 0 0 0 0 0 0 0 0 0 0 0 0 0 0.000249587 0.00020411 0 0 0 0 0 0 0 
0 0 0 0 0 0 0 0 0 0 0 0 0 0 0 0 0 0 0 0 0 0 0 0 0 0.000338983 0.000114947 0 0 0 0 0 0 
0 0 0 0 0 0 0 0 0 0 0 0 0 0 0 0 0 0 0 0 0 0 0 0 0 0 0.000350376 0.000103768 0 0 0 0 0 
0 0 0 0 0 0 0 0 0 0 0 0 0 0 0 0 0 0 0 0 0 0 0 0 0 0 0 0.000335735 0.000118592 0 0 0 0 
0 0 0 0 0 0 0 0 0 0 0 0 0 0 0 0 0 0 0 0 0 0 0 0 0 0 0 0 0.000338611 0.000115832 0 0 0 
0 0 0 0 0 0 0 0 0 0 0 0 0 0 0 0 0 0 0 0 0 0 0 0 0 0 0 0 2.96716e-08 0.000379822 7.4673e-05 0 0 
0 0 0 0 0 0 0 0 0 0 0 0 0 0 0 0 0 0 0 0 0 0 0 0 0 0 0 0 0 6.70433e-08 0.000439536 1.51614e-05 0 
0 0 0 0 0 0 0 0 0 0 0 0 0 0 0 0 0 0 0 0 0 0 0 0 0 0 0 0 0 0 4.0844e-06 0.000433925 1.81184e-05 
0 0 0 0 0 0 0 0 0 0 0 0 0 0 0 0 0 0 0 0 0 0 0 0 0 0 0 0 0 0 0 3.86439e-05 0.000426312 
);

P1 (
3.4828e-05 -1.03986e-06 5.52664e-07 3.72262e-07 1.32274e-06 -1.84417e-06 5.42652e-08 -7.60929e-07 -4.7287e-17 9.33708e-18 0 5.80601e-17 0 0 0 0 0 0 0 0 0 0 0 0 0 0 0 0 0 0 0 0 0 
0 1.67896e-05 -1.6979e-06 8.46623e-07 1.005e-06 -1.83254e-07 -1.47755e-07 -6.08077e-08 6.26763e-08 -1.36786e-08 -1.2301e-08 -1.36902e-09 2.97061e-17 -4.10954e-18 1.03231e-17 8.74961e-19 -1.58233e-21 0 0 0 0 0 0 0 0 0 0 0 0 0 0 0 0 
0 0 2.49843e-05 -7.19764e-06 1.56093e-07 3.92265e-08 4.99847e-07 -5.62006e-08 -6.11148e-09 1.46231e-09 -2.95897e-10 -1.73834e-10 -2.15632e-19 -2.40241e-20 -6.57613e-21 1.44956e-18 0 -1.3006e-21 0 0 0 0 0 0 0 0 0 0 0 0 0 0 0 
0 0 0 1.21237e-05 -6.57546e-06 6.18138e-09 -1.65097e-09 -7.07184e-09 4.94223e-09 -1.31022e-09 -1.26325e-09 1.86828e-11 -6.51348e-19 -4.7531e-21 8.45074e-21 0 0 0 -6.82081e-21 0 0 0 0 0 0 0 0 0 0 0 0 0 0 
0 0 0 0 2.17459e-05 -8.54107e-06 9.36679e-10 -3.60877e-10 -3.64283e-09 -6.36571e-11 2.18193e-11 2.71601e-10 5.21531e-10 1.9214e-11 5.19534e-11 -3.61752e-11 3.96741e-11 -3.63861e-11 2.60352e-21 1.36762e-12 0 -1.43996e-11 0 0 0 0 0 0 0 0 0 0 0 
0 0 0 0 0 1.79109e-05 -6.94472e-06 0 0 0 0 0 0 0 0 0 0 0 0 0 0 0 0 0 0 0 0 0 0 0 0 0 0 
0 0 0 0 0 0 2.33796e-05 -4.8657e-06 0 0 0 0 0 0 0 0 0 0 0 0 0 0 0 0 0 0 0 0 0 0 0 0 0 
0 0 0 0 0 0 0 3.53772e-05 -1.40058e-05 0 0 0 0 0 0 0 0 0 0 0 0 0 0 0 0 0 0 0 0 0 0 0 0 
0 0 0 0 0 0 0 0 2.44581e-05 -1.29627e-05 0 0 0 0 0 0 0 0 0 0 0 0 0 0 0 0 0 0 0 0 0 0 0 
0 0 0 0 0 0 0 0 0 2.94293e-05 -1.50357e-05 0 0 0 0 0 0 0 0 0 0 0 0 0 0 0 0 0 0 0 0 0 0 
0 0 0 0 0 0 0 0 0 0 3.37493e-05 -1.86922e-05 0 0 0 0 0 0 0 0 0 0 0 0 0 0 0 0 0 0 0 0 0 
0 0 0 0 0 0 0 0 0 0 0 3.75639e-05 -2.13883e-05 0 0 0 0 0 0 0 0 0 0 0 0 0 0 0 0 0 0 0 0 
0 0 0 0 0 0 0 0 0 0 0 0 4.14137e-05 -2.42767e-05 0 0 0 0 0 0 0 0 0 0 0 0 0 0 0 0 0 0 0 
0 0 0 0 0 0 0 0 0 0 0 0 0 4.57047e-05 -2.78115e-05 0 0 0 0 0 0 0 0 0 0 0 0 0 0 0 0 0 0 
0 0 0 0 0 0 0 0 0 0 0 0 0 0 4.94617e-05 -3.03202e-05 0 0 0 0 0 0 0 0 0 0 0 0 0 0 0 0 0 
0 0 0 0 0 0 0 0 0 0 0 0 0 0 0 5.1964e-05 -3.25692e-05 0 0 0 0 0 0 0 0 0 0 0 0 0 0 0 0 
0 0 0 0 0 0 0 0 0 0 0 0 0 0 0 0 5.43977e-05 -3.42636e-05 0 0 0 0 0 0 0 0 0 0 0 0 0 0 0 
0 0 0 0 0 0 0 0 0 0 0 0 0 0 0 0 0 6.25812e-05 -4.16407e-05 0 0 0 0 0 0 0 0 0 0 0 0 0 0 
0 0 0 0 0 0 0 0 0 0 0 0 0 0 0 0 0 0 5.62816e-05 -3.57284e-05 0 0 0 0 0 0 0 0 0 0 0 0 0 
0 0 0 0 0 0 0 0 0 0 0 0 0 0 0 0 0 0 0 5.75927e-05 -3.6504e-05 0 0 0 0 0 0 0 0 0 0 0 0 
0 0 0 0 0 0 0 0 0 0 0 0 0 0 0 0 0 0 0 0 5.82133e-05 -3.67707e-05 0 0 0 0 0 0 0 0 0 0 0 
0 0 0 0 0 0 0 0 0 0 0 0 0 0 0 0 0 0 0 0 0 6.69713e-05 -4.58699e-05 0 0 0 0 0 0 0 0 0 0 
0 0 0 0 0 0 0 0 0 0 0 0 0 0 0 0 0 0 0 0 0 0 4.7087e-05 -2.57165e-05 0 0 0 0 0 0 0 0 0 
0 0 0 0 0 0 0 0 0 0 0 0 0 0 0 0 0 0 0 0 0 0 0 5.93751e-05 -3.80892e-05 0 0 0 0 0 0 0 0 
0 0 0 0 0 0 0 0 0 0 0 0 0 0 0 0 0 0 0 0 0 0 0 0 8.3324e-05 -6.15761e-05 0 0 0 0 0 0 0 
0 0 0 0 0 0 0 0 0 0 0 0 0 0 0 0 0 0 0 0 0 0 0 0 0 5.60622e-05 -3.50516e-05 0 0 0 0 0 0 
0 0 0 0 0 0 0 0 0 0 0 0 0 0 0 0 0 0 0 0 0 0 0 0 0 0 5.28665e-05 -3.16034e-05 0 0 0 0 0 
0 0 0 0 0 0 0 0 0 0 0 0 0 0 0 0 0 0 0 0 0 0 0 0 0 0 0 5.79608e-05 -3.60778e-05 0 0 0 0 
0 0 0 0 0 0 0 0 0 0 0 0 0 0 0 0 0 0 0 0 0 0 0 0 0 0 0 0 5.64756e-05 -3.51906e-05 0 0 0 
0 0 0 0 0 0 0 0 0 0 0 0 0 0 0 0 0 0 0 0 0 0 0 0 0 0 0 0 2.70539e-08 4.4656e-05 -2.2838e-05 0 0 
0 0 0 0 0 0 0 0 0 0 0 0 0 0 0 0 0 0 0 0 0 0 0 0 0 0 0 0 0 5.48727e-08 2.59245e-05 -4.33297e-06 0 
0 0 0 0 0 0 0 0 0 0 0 0 0 0 0 0 0 0 0 0 0 0 0 0 0 0 0 0 0 0 7.20443e-07 2.53909e-05 -4.24394e-06 
0 0 0 0 0 0 0 0 0 0 0 0 0 0 0 0 0 0 0 0 0 0 0 0 0 0 0 0 0 0 0 -3.49613e-06 2.4335e-05 
);

P2 (
2.25618e-05 -1.70941e-06 -5.72645e-07 -9.14764e-07 3.48289e-07 -5.09489e-07 -3.09171e-08 6.22949e-07 1.57501e-19 8.72783e-18 0 -1.85108e-18 0 0 0 0 0 0 0 0 0 0 0 0 0 0 0 0 0 0 0 0 0 
0 1.06977e-05 -1.24044e-06 3.14021e-07 -5.01211e-07 -8.49853e-07 -9.54146e-08 -1.19824e-08 5.62e-08 -7.54789e-10 2.19967e-09 5.3259e-10 6.4863e-18 3.45925e-18 5.35741e-18 7.3527e-19 -6.87037e-20 0 0 0 0 0 0 0 0 0 0 0 0 0 0 0 0 
0 0 1.69224e-05 2.28593e-06 3.13967e-09 -7.93517e-08 1.78565e-07 -3.75004e-08 -4.20354e-10 -8.66846e-10 -3.82334e-10 1.09535e-10 5.03216e-20 3.95492e-20 3.27076e-21 8.43733e-19 0 -7.56724e-21 0 0 0 0 0 0 0 0 0 0 0 0 0 0 0 
0 0 0 7.5474e-06 -2.78631e-07 -5.86025e-09 -9.1579e-10 -1.26487e-09 -5.73004e-10 -5.17025e-12 -2.01546e-09 -2.48057e-11 4.70832e-19 -4.35369e-22 -5.04045e-21 0 0 0 1.04112e-21 0 0 0 0 0 0 0 0 0 0 0 0 0 0 
0 0 0 0 8.4998e-06 6.20113e-07 6.93451e-10 9.46816e-11 2.1256e-09 -6.69951e-10 1.36242e-10 -2.30925e-10 -1.76911e-10 -5.24341e-10 1.40371e-11 -5.71309e-12 -1.18488e-10 -1.65264e-11 -4.14381e-22 -2.98001e-12 0 -5.77473e-13 0 0 0 0 0 0 0 0 0 0 0 
0 0 0 0 0 1.23215e-05 1.55321e-07 0 0 0 0 0 0 0 0 0 0 0 0 0 0 0 0 0 0 0 0 0 0 0 0 0 0 
0 0 0 0 0 0 3.65083e-06 -1.73701e-06 0 0 0 0 0 0 0 0 0 0 0 0 0 0 0 0 0 0 0 0 0 0 0 0 0 
0 0 0 0 0 0 0 1.0485e-05 -1.61053e-06 0 0 0 0 0 0 0 0 0 0 0 0 0 0 0 0 0 0 0 0 0 0 0 0 
0 0 0 0 0 0 0 0 1.67777e-06 -1.20661e-06 0 0 0 0 0 0 0 0 0 0 0 0 0 0 0 0 0 0 0 0 0 0 0 
0 0 0 0 0 0 0 0 0 2.02151e-06 -1.35347e-06 0 0 0 0 0 0 0 0 0 0 0 0 0 0 0 0 0 0 0 0 0 0 
0 0 0 0 0 0 0 0 0 0 2.18144e-06 -1.69644e-06 0 0 0 0 0 0 0 0 0 0 0 0 0 0 0 0 0 0 0 0 0 
0 0 0 0 0 0 0 0 0 0 0 2.55749e-06 -1.6606e-06 0 0 0 0 0 0 0 0 0 0 0 0 0 0 0 0 0 0 0 0 
0 0 0 0 0 0 0 0 0 0 0 0 2.66695e-06 -2.17839e-06 0 0 0 0 0 0 0 0 0 0 0 0 0 0 0 0 0 0 0 
0 0 0 0 0 0 0 0 0 0 0 0 0 2.65535e-06 -2.01374e-06 0 0 0 0 0 0 0 0 0 0 0 0 0 0 0 0 0 0 
0 0 0 0 0 0 0 0 0 0 0 0 0 0 2.61186e-06 -2.33624e-06 0 0 0 0 0 0 0 0 0 0 0 0 0 0 0 0 0 
0 0 0 0 0 0 0 0 0 0 0 0 0 0 0 2.76416e-06 -2.19085e-06 0 0 0 0 0 0 0 0 0 0 0 0 0 0 0 0 
0 0 0 0 0 0 0 0 0 0 0 0 0 0 0 0 2.61291e-06 -1.93879e-06 0 0 0 0 0 0 0 0 0 0 0 0 0 0 0 
0 0 0 0 0 0 0 0 0 0 0 0 0 0 0 0 0 3.40904e-06 -3.15186e-06 0 0 0 0 0 0 0 0 0 0 0 0 0 0 
0 0 0 0 0 0 0 0 0 0 0 0 0 0 0 0 0 0 2.81659e-06 -2.26501e-06 0 0 0 0 0 0 0 0 0 0 0 0 0 
0 0 0 0 0 0 0 0 0 0 0 0 0 0 0 0 0 0 0 2.75503e-06 -2.24385e-06 0 0 0 0 0 0 0 0 0 0 0 0 
0 0 0 0 0 0 0 0 0 0 0 0 0 0 0 0 0 0 0 0 2.78647e-06 -2.32388e-06 0 0 0 0 0 0 0 0 0 0 0 
0 0 0 0 0 0 0 0 0 0 0 0 0 0 0 0 0 0 0 0 0 3.04463e-06 -2.8574e-06 0 0 0 0 0 0 0 0 0 0 
0 0 0 0 0 0 0 0 0 0 0 0 0 0 0 0 0 0 0 0 0 0 1.94375e-06 -1.56393e-06 0 0 0 0 0 0 0 0 0 
0 0 0 0 0 0 0 0 0 0 0 0 0 0 0 0 0 0 0 0 0 0 0 2.66322e-06 -2.55792e-06 0 0 0 0 0 0 0 0 
0 0 0 0 0 0 0 0 0 0 0 0 0 0 0 0 0 0 0 0 0 0 0 0 4.07085e-06 -3.71899e-06 0 0 0 0 0 0 0 
0 0 0 0 0 0 0 0 0 0 0 0 0 0 0 0 0 0 0 0 0 0 0 0 0 2.53258e-06 -1.91682e-06 0 0 0 0 0 0 
0 0 0 0 0 0 0 0 0 0 0 0 0 0 0 0 0 0 0 0 0 0 0 0 0 0 2.16356e-06 -1.66246e-06 0 0 0 0 0 
0 0 0 0 0 0 0 0 0 0 0 0 0 0 0 0 0 0 0 0 0 0 0 0 0 0 0 2.18473e-06 -1.99682e-06 0 0 0 0 
0 0 0 0 0 0 0 0 0 0 0 0 0 0 0 0 0 0 0 0 0 0 0 0 0 0 0 0 2.37814e-06 -1.70081e-06 0 0 0 
0 0 0 0 0 0 0 0 0 0 0 0 0 0 0 0 0 0 0 0 0 0 0 0 0 0 0 0 2.24251e-08 1.49295e-06 -1.15131e-06 0 0 
0 0 0 0 0 0 0 0 0 0 0 0 0 0 0 0 0 0 0 0 0 0 0 0 0 0 0 0 0 3.64051e-08 6.06203e-07 -1.88582e-07 0 
0 0 0 0 0 0 0 0 0 0 0 0 0 0 0 0 0 0 0 0 0 0 0 0 0 0 0 0 0 0 -9.51405e-08 1.05975e-06 -4.98765e-07 
0 0 0 0 0 0 0 0 0 0 0 0 0 0 0 0 0 0 0 0 0 0 0 0 0 0 0 0 0 0 0 -1.95518e-06 2.90676e-06 
);

P3 (
1.17131e-05 -2.10295e-07 -3.35884e-07 -4.2546e-07 2.39054e-07 1.47474e-06 -5.7709e-08 -4.39061e-07 3.13728e-17 7.85101e-18 0 -4.04555e-17 0 0 0 0 0 0 0 0 0 0 0 0 0 0 0 0 0 0 0 0 0 
0 7.76001e-06 -9.32242e-07 -1.01035e-07 -7.43826e-07 2.31098e-07 1.63172e-07 8.68307e-09 4.4145e-08 8.80539e-09 5.82364e-09 -1.15763e-09 8.39999e-18 -2.07706e-18 3.42022e-18 5.46349e-19 2.37297e-21 0 0 0 0 0 0 0 0 0 0 0 0 0 0 0 0 
0 0 1.12756e-05 -5.46521e-07 4.52774e-08 2.23795e-08 -6.3004e-08 5.00368e-08 1.07764e-08 -3.36626e-09 3.10026e-10 -3.46119e-11 -3.51859e-19 -3.95613e-20 2.05851e-22 1.7031e-19 0 1.92789e-21 0 0 0 0 0 0 0 0 0 0 0 0 0 0 0 
0 0 0 3.14036e-06 -1.13629e-06 -7.11718e-09 5.58589e-09 3.51553e-09 -2.45693e-09 5.36587e-10 1.17823e-09 -2.31904e-11 -2.6953e-19 6.32398e-21 -9.09332e-21 0 0 0 3.45322e-21 0 0 0 0 0 0 0 0 0 0 0 0 0 0 
0 0 0 0 2.98234e-06 -1.02215e-06 -1.39097e-10 -2.44366e-09 -1.66669e-09 -3.05473e-10 -2.07708e-10 -2.85303e-10 -2.48023e-10 -8.31203e-11 3.15228e-11 3.53491e-11 -1.24141e-11 3.65275e-11 -2.02604e-21 -1.9126e-12 0 1.01427e-11 0 0 0 0 0 0 0 0 0 0 0 
0 0 0 0 0 2.18382e-06 -1.34991e-06 0 0 0 0 0 0 0 0 0 0 0 0 0 0 0 0 0 0 0 0 0 0 0 0 0 0 
0 0 0 0 0 0 3.86692e-07 -6.02614e-07 0 0 0 0 0 0 0 0 0 0 0 0 0 0 0 0 0 0 0 0 0 0 0 0 0 
0 0 0 0 0 0 0 8.06892e-07 -6.98798e-08 0 0 0 0 0 0 0 0 0 0 0 0 0 0 0 0 0 0 0 0 0 0 0 0 
0 0 0 0 0 0 0 0 4.5489e-08 -1.82213e-07 0 0 0 0 0 0 0 0 0 0 0 0 0 0 0 0 0 0 0 0 0 0 0 
0 0 0 0 0 0 0 0 0 3.229e-09 8.01102e-08 0 0 0 0 0 0 0 0 0 0 0 0 0 0 0 0 0 0 0 0 0 0 
0 0 0 0 0 0 0 0 0 0 2.63949e-08 6.45413e-08 0 0 0 0 0 0 0 0 0 0 0 0 0 0 0 0 0 0 0 0 0 
0 0 0 0 0 0 0 0 0 0 0 2.0425e-07 7.97818e-08 0 0 0 0 0 0 0 0 0 0 0 0 0 0 0 0 0 0 0 0 
0 0 0 0 0 0 0 0 0 0 0 0 3.20013e-07 -3.1167e-07 0 0 0 0 0 0 0 0 0 0 0 0 0 0 0 0 0 0 0 
0 0 0 0 0 0 0 0 0 0 0 0 0 -3.65527e-08 1.28199e-08 0 0 0 0 0 0 0 0 0 0 0 0 0 0 0 0 0 0 
0 0 0 0 0 0 0 0 0 0 0 0 0 0 6.17131e-09 4.65398e-08 0 0 0 0 0 0 0 0 0 0 0 0 0 0 0 0 0 
0 0 0 0 0 0 0 0 0 0 0 0 0 0 0 7.11836e-08 -6.62184e-08 0 0 0 0 0 0 0 0 0 0 0 0 0 0 0 0 
0 0 0 0 0 0 0 0 0 0 0 0 0 0 0 0 1.07387e-07 5.47911e-08 0 0 0 0 0 0 0 0 0 0 0 0 0 0 0 
0 0 0 0 0 0 0 0 0 0 0 0 0 0 0 0 0 -4.89636e-07 4.82588e-07 0 0 0 0 0 0 0 0 0 0 0 0 0 0 
0 0 0 0 0 0 0 0 0 0 0 0 0 0 0 0 0 0 8.17891e-08 8.85365e-08 0 0 0 0 0 0 0 0 0 0 0 0 0 
0 0 0 0 0 0 0 0 0 0 0 0 0 0 0 0 0 0 0 1.37256e-07 -1.2094e-07 0 0 0 0 0 0 0 0 0 0 0 0 
0 0 0 0 0 0 0 0 0 0 0 0 0 0 0 0 0 0 0 0 -1.68054e-07 5.19541e-08 0 0 0 0 0 0 0 0 0 0 0 
0 0 0 0 0 0 0 0 0 0 0 0 0 0 0 0 0 0 0 0 0 -2.46862e-08 -2.4145e-07 0 0 0 0 0 0 0 0 0 0 
0 0 0 0 0 0 0 0 0 0 0 0 0 0 0 0 0 0 0 0 0 0 1.96993e-07 1.24237e-08 0 0 0 0 0 0 0 0 0 
0 0 0 0 0 0 0 0 0 0 0 0 0 0 0 0 0 0 0 0 0 0 0 2.18743e-07 1.20469e-07 0 0 0 0 0 0 0 0 
0 0 0 0 0 0 0 0 0 0 0 0 0 0 0 0 0 0 0 0 0 0 0 0 -9.05742e-08 -9.03614e-08 0 0 0 0 0 0 0 
0 0 0 0 0 0 0 0 0 0 0 0 0 0 0 0 0 0 0 0 0 0 0 0 0 6.32606e-09 9.99589e-09 0 0 0 0 0 0 
0 0 0 0 0 0 0 0 0 0 0 0 0 0 0 0 0 0 0 0 0 0 0 0 0 0 6.28421e-08 -9.63062e-08 0 0 0 0 0 
0 0 0 0 0 0 0 0 0 0 0 0 0 0 0 0 0 0 0 0 0 0 0 0 0 0 0 -9.83868e-09 -6.08498e-09 0 0 0 0 
0 0 0 0 0 0 0 0 0 0 0 0 0 0 0 0 0 0 0 0 0 0 0 0 0 0 0 0 3.83408e-07 -5.64886e-07 0 0 0 
0 0 0 0 0 0 0 0 0 0 0 0 0 0 0 0 0 0 0 0 0 0 0 0 0 0 0 0 1.67791e-08 -1.46722e-08 8.6557e-08 0 0 
0 0 0 0 0 0 0 0 0 0 0 0 0 0 0 0 0 0 0 0 0 0 0 0 0 0 0 0 0 1.9079e-08 -1.41764e-07 -6.37532e-08 0 
0 0 0 0 0 0 0 0 0 0 0 0 0 0 0 0 0 0 0 0 0 0 0 0 0 0 0 0 0 0 -1.31414e-07 1.21007e-07 -1.07025e-07 
0 0 0 0 0 0 0 0 0 0 0 0 0 0 0 0 0 0 0 0 0 0 0 0 0 0 0 0 0 0 0 -7.9974e-07 1.03645e-06 
);

