numberOfGroups 33; 
capture ( 0.01625944842294897 0.012000728990724666 0.006646538844158841 0.0023884212496626343 0.0005646837372793565 0.00016069971962239432 0.0002514380643268066 0.000386352023068588 0.0005457168190879363 0.0007121501347480449 0.0008788828012992556 0.001083338327026898 0.0013354848847000917 0.0016634985539690722 0.0021342535343439467 0.0026680415839876576 0.00343066673685921 0.004484753458142808 0.005925204408400791 0.007396018776070917 0.00985345090180186 0.01167563590572621 0.015395496908933295 0.020514798478539403 0.024921748061364865 0.03069888069000912 0.040457946709847425 0.052916211238475015 0.06797594073373327 0.09278375892882887 0.1905285936793303 0.47341323869027535 1.299263293124734  ); 
scatteringMultiplicity ( 1.0 1.0 1.0 1.0 1.0 1.0 1.0 1.0 1.0 1.0 1.0 1.0 1.0 1.0 1.0 1.0 1.0 1.0 1.0 1.0 1.0 1.0 1.0 1.0 1.0 1.0 1.0 1.0 1.0 1.0 1.0 1.0 1.0 
1.0 1.0 1.0 1.0 1.0 1.0 1.0 1.0 1.0 1.0 1.0 1.0 1.0 1.0 1.0 1.0 1.0 1.0 1.0 1.0 1.0 1.0 1.0 1.0 1.0 1.0 1.0 1.0 1.0 1.0 1.0 1.0 1.0 
1.0 1.0 1.0 1.0 1.0 1.0 1.0 1.0 1.0 1.0 1.0 1.0 1.0 1.0 1.0 1.0 1.0 1.0 1.0 1.0 1.0 1.0 1.0 1.0 1.0 1.0 1.0 1.0 1.0 1.0 1.0 1.0 1.0 
1.0 1.0 1.0 1.0 1.0 1.0 1.0 1.0 1.0 1.0 1.0 1.0 1.0 1.0 1.0 1.0 1.0 1.0 1.0 1.0 1.0 1.0 1.0 1.0 1.0 1.0 1.0 1.0 1.0 1.0 1.0 1.0 1.0 
1.0 1.0 1.0 1.0 1.0 1.0 1.0 1.0 1.0 1.0 1.0 1.0 1.0 1.0 1.0 1.0 1.0 1.0 1.0 1.0 1.0 1.0 1.0 1.0 1.0 1.0 1.0 1.0 1.0 1.0 1.0 1.0 1.0 
1.0 1.0 1.0 1.0 1.0 1.0 1.0 1.0 1.0 1.0 1.0 1.0 1.0 1.0 1.0 1.0 1.0 1.0 1.0 1.0 1.0 1.0 1.0 1.0 1.0 1.0 1.0 1.0 1.0 1.0 1.0 1.0 1.0 
1.0 1.0 1.0 1.0 1.0 1.0 1.0 1.0 1.0 1.0 1.0 1.0 1.0 1.0 1.0 1.0 1.0 1.0 1.0 1.0 1.0 1.0 1.0 1.0 1.0 1.0 1.0 1.0 1.0 1.0 1.0 1.0 1.0 
1.0 1.0 1.0 1.0 1.0 1.0 1.0 1.0 1.0 1.0 1.0 1.0 1.0 1.0 1.0 1.0 1.0 1.0 1.0 1.0 1.0 1.0 1.0 1.0 1.0 1.0 1.0 1.0 1.0 1.0 1.0 1.0 1.0 
1.0 1.0 1.0 1.0 1.0 1.0 1.0 1.0 1.0 1.0 1.0 1.0 1.0 1.0 1.0 1.0 1.0 1.0 1.0 1.0 1.0 1.0 1.0 1.0 1.0 1.0 1.0 1.0 1.0 1.0 1.0 1.0 1.0 
1.0 1.0 1.0 1.0 1.0 1.0 1.0 1.0 1.0 1.0 1.0 1.0 1.0 1.0 1.0 1.0 1.0 1.0 1.0 1.0 1.0 1.0 1.0 1.0 1.0 1.0 1.0 1.0 1.0 1.0 1.0 1.0 1.0 
1.0 1.0 1.0 1.0 1.0 1.0 1.0 1.0 1.0 1.0 1.0 1.0 1.0 1.0 1.0 1.0 1.0 1.0 1.0 1.0 1.0 1.0 1.0 1.0 1.0 1.0 1.0 1.0 1.0 1.0 1.0 1.0 1.0 
1.0 1.0 1.0 1.0 1.0 1.0 1.0 1.0 1.0 1.0 1.0 1.0 1.0 1.0 1.0 1.0 1.0 1.0 1.0 1.0 1.0 1.0 1.0 1.0 1.0 1.0 1.0 1.0 1.0 1.0 1.0 1.0 1.0 
1.0 1.0 1.0 1.0 1.0 1.0 1.0 1.0 1.0 1.0 1.0 1.0 1.0 1.0 1.0 1.0 1.0 1.0 1.0 1.0 1.0 1.0 1.0 1.0 1.0 1.0 1.0 1.0 1.0 1.0 1.0 1.0 1.0 
1.0 1.0 1.0 1.0 1.0 1.0 1.0 1.0 1.0 1.0 1.0 1.0 1.0 1.0 1.0 1.0 1.0 1.0 1.0 1.0 1.0 1.0 1.0 1.0 1.0 1.0 1.0 1.0 1.0 1.0 1.0 1.0 1.0 
1.0 1.0 1.0 1.0 1.0 1.0 1.0 1.0 1.0 1.0 1.0 1.0 1.0 1.0 1.0 1.0 1.0 1.0 1.0 1.0 1.0 1.0 1.0 1.0 1.0 1.0 1.0 1.0 1.0 1.0 1.0 1.0 1.0 
1.0 1.0 1.0 1.0 1.0 1.0 1.0 1.0 1.0 1.0 1.0 1.0 1.0 1.0 1.0 1.0 1.0 1.0 1.0 1.0 1.0 1.0 1.0 1.0 1.0 1.0 1.0 1.0 1.0 1.0 1.0 1.0 1.0 
1.0 1.0 1.0 1.0 1.0 1.0 1.0 1.0 1.0 1.0 1.0 1.0 1.0 1.0 1.0 1.0 1.0 1.0 1.0 1.0 1.0 1.0 1.0 1.0 1.0 1.0 1.0 1.0 1.0 1.0 1.0 1.0 1.0 
1.0 1.0 1.0 1.0 1.0 1.0 1.0 1.0 1.0 1.0 1.0 1.0 1.0 1.0 1.0 1.0 1.0 1.0 1.0 1.0 1.0 1.0 1.0 1.0 1.0 1.0 1.0 1.0 1.0 1.0 1.0 1.0 1.0 
1.0 1.0 1.0 1.0 1.0 1.0 1.0 1.0 1.0 1.0 1.0 1.0 1.0 1.0 1.0 1.0 1.0 1.0 1.0 1.0 1.0 1.0 1.0 1.0 1.0 1.0 1.0 1.0 1.0 1.0 1.0 1.0 1.0 
1.0 1.0 1.0 1.0 1.0 1.0 1.0 1.0 1.0 1.0 1.0 1.0 1.0 1.0 1.0 1.0 1.0 1.0 1.0 1.0 1.0 1.0 1.0 1.0 1.0 1.0 1.0 1.0 1.0 1.0 1.0 1.0 1.0 
1.0 1.0 1.0 1.0 1.0 1.0 1.0 1.0 1.0 1.0 1.0 1.0 1.0 1.0 1.0 1.0 1.0 1.0 1.0 1.0 1.0 1.0 1.0 1.0 1.0 1.0 1.0 1.0 1.0 1.0 1.0 1.0 1.0 
1.0 1.0 1.0 1.0 1.0 1.0 1.0 1.0 1.0 1.0 1.0 1.0 1.0 1.0 1.0 1.0 1.0 1.0 1.0 1.0 1.0 1.0 1.0 1.0 1.0 1.0 1.0 1.0 1.0 1.0 1.0 1.0 1.0 
1.0 1.0 1.0 1.0 1.0 1.0 1.0 1.0 1.0 1.0 1.0 1.0 1.0 1.0 1.0 1.0 1.0 1.0 1.0 1.0 1.0 1.0 1.0 1.0 1.0 1.0 1.0 1.0 1.0 1.0 1.0 1.0 1.0 
1.0 1.0 1.0 1.0 1.0 1.0 1.0 1.0 1.0 1.0 1.0 1.0 1.0 1.0 1.0 1.0 1.0 1.0 1.0 1.0 1.0 1.0 1.0 1.0 1.0 1.0 1.0 1.0 1.0 1.0 1.0 1.0 1.0 
1.0 1.0 1.0 1.0 1.0 1.0 1.0 1.0 1.0 1.0 1.0 1.0 1.0 1.0 1.0 1.0 1.0 1.0 1.0 1.0 1.0 1.0 1.0 1.0 1.0 1.0 1.0 1.0 1.0 1.0 1.0 1.0 1.0 
1.0 1.0 1.0 1.0 1.0 1.0 1.0 1.0 1.0 1.0 1.0 1.0 1.0 1.0 1.0 1.0 1.0 1.0 1.0 1.0 1.0 1.0 1.0 1.0 1.0 1.0 1.0 1.0 1.0 1.0 1.0 1.0 1.0 
1.0 1.0 1.0 1.0 1.0 1.0 1.0 1.0 1.0 1.0 1.0 1.0 1.0 1.0 1.0 1.0 1.0 1.0 1.0 1.0 1.0 1.0 1.0 1.0 1.0 1.0 1.0 1.0 1.0 1.0 1.0 1.0 1.0 
1.0 1.0 1.0 1.0 1.0 1.0 1.0 1.0 1.0 1.0 1.0 1.0 1.0 1.0 1.0 1.0 1.0 1.0 1.0 1.0 1.0 1.0 1.0 1.0 1.0 1.0 1.0 1.0 1.0 1.0 1.0 1.0 1.0 
1.0 1.0 1.0 1.0 1.0 1.0 1.0 1.0 1.0 1.0 1.0 1.0 1.0 1.0 1.0 1.0 1.0 1.0 1.0 1.0 1.0 1.0 1.0 1.0 1.0 1.0 1.0 1.0 1.0 1.0 1.0 1.0 1.0 
1.0 1.0 1.0 1.0 1.0 1.0 1.0 1.0 1.0 1.0 1.0 1.0 1.0 1.0 1.0 1.0 1.0 1.0 1.0 1.0 1.0 1.0 1.0 1.0 1.0 1.0 1.0 1.0 1.0 1.0 1.0 1.0 1.0 
1.0 1.0 1.0 1.0 1.0 1.0 1.0 1.0 1.0 1.0 1.0 1.0 1.0 1.0 1.0 1.0 1.0 1.0 1.0 1.0 1.0 1.0 1.0 1.0 1.0 1.0 1.0 1.0 1.0 1.0 1.0 1.0 1.0 
1.0 1.0 1.0 1.0 1.0 1.0 1.0 1.0 1.0 1.0 1.0 1.0 1.0 1.0 1.0 1.0 1.0 1.0 1.0 1.0 1.0 1.0 1.0 1.0 1.0 1.0 1.0 1.0 1.0 1.0 1.0 1.0 1.0 
1.0 1.0 1.0 1.0 1.0 1.0 1.0 1.0 1.0 1.0 1.0 1.0 1.0 1.0 1.0 1.0 1.0 1.0 1.0 1.0 1.0 1.0 1.0 1.0 1.0 1.0 1.0 1.0 1.0 1.0 1.0 1.0 1.0 
 ); 
P0 ( 0.006140433302834328 0.019969634181438545 0.01014175040631899 0.011820799709737068 0.007875984959975308 0.0057327595618169285 0.0034686059631785396 0.0019338109399578156 0.001036357276629369 0.000516612097931097 0.00023137289680562776 0.00010018589960480373 4.470668098682006e-05 2.0874172257171127e-05 1.0190478671399583e-05 5.193549566191954e-06 2.7505652709377663e-06 1.5055057092935641e-06 8.45943065881529e-07 4.853226630488942e-07 2.8204751715579605e-07 1.390818196140697e-07 1.4102153359461565e-07 5.044283511849224e-08 2.0830363152036847e-08 2.4096232821347478e-08 1.505646067835927e-08 7.536288717643106e-09 4.584859780504334e-09 3.57320027815929e-09 1.6603116187002583e-09 0.0 0.0 
0.0 0.014736970944318292 0.02177957092052161 0.007620693547907018 0.008445564308735182 0.00623809819528361 0.0034757167366803255 0.0017427456419748502 0.0008935472610587885 0.00044341493205230024 0.00020737683173840707 0.00010061296654814876 5.1158788362435155e-05 2.7037129984587396e-05 1.4837954990147768e-05 8.386836656715174e-06 4.794640797843928e-06 2.800645091813921e-06 1.6566580239727204e-06 9.866971526329634e-07 5.906587699349382e-07 2.97542364703449e-07 3.07365298096633e-07 1.1169975349599157e-07 4.6406374630664613e-08 5.4050302277676076e-08 3.414321792005759e-08 1.726353732028951e-08 1.0439521272685901e-08 8.312992992744331e-09 5.422147063860806e-09 1.6304317700689962e-13 3.705527107909084e-14 
0.0 0.0 0.03291009276615808 0.03340526651396522 0.009689083625056884 0.005639184115885576 0.00321965991427781 0.0017939256520066176 0.0009597482184148799 0.0005033666542587204 0.000267171004505298 0.00014438016823046105 8.039585360194402e-05 4.6007875444593664e-05 2.6853580446642047e-05 1.5882872043052266e-05 9.4799435821101e-06 5.691401321388535e-06 3.429686245174276e-06 2.07138459417758e-06 1.2528716449427533e-06 6.355632697502239e-07 6.602154102146471e-07 2.4125984128715913e-07 1.0056188894160868e-07 1.1733808819628602e-07 7.42857533316202e-08 3.757819471314832e-08 2.280145680730304e-08 1.825911328450393e-08 1.3642316651409559e-08 5.470142468996797e-14 1.2432139828479072e-14 
0.0 0.0 0.0 0.0589742287177767 0.022266409179922415 0.008885538584582254 0.005229972262066495 0.0030856640538452313 0.0016659529215177608 0.0009603599032163265 0.0005375179357456027 0.0003023459511639435 0.00017213056126957234 9.823453085317737e-05 5.7658137027364135e-05 3.4240333294762704e-05 2.0450917628977553e-05 1.2281005049386297e-05 7.402270012260949e-06 4.471442329596794e-06 2.7050021557787204e-06 1.3725590803960385e-06 1.426065991553335e-06 5.213271440011581e-07 2.1729497869173998e-07 2.5366091671523663e-07 1.6060694947452922e-07 8.130924437607151e-08 4.928543530641253e-08 3.946236326798142e-08 3.165798587375772e-08 5.38154143953875e-10 0.0 
0.0 0.0 0.0 0.0 0.07695212769901855 0.034393720195083806 0.007433400688854051 0.004435471550346808 0.0027026146439966146 0.001585461093283479 0.0009516827756976631 0.0005620648885380366 0.0003330695694016397 0.00020216335974485787 0.00012156450747898901 7.292329570782949e-05 4.374648182970458e-05 2.630980041563363e-05 1.58682194354881e-05 9.587062930611131e-06 5.799364235178149e-06 2.940683309406016e-06 3.0547747129879514e-06 1.1152972397214226e-06 4.6492136711521357e-07 5.426003692056075e-07 3.43512603091178e-07 1.7389011865798367e-07 1.054585202698554e-07 8.437868889466498e-08 6.762805013020858e-08 4.809243594546752e-09 0.0 
0.0 0.0 0.0 0.0 0.0 0.14122281920084412 0.0568110355540475 0.00832298112476062 0.00503871276289738 0.003038562345143833 0.0018313620180325136 0.0011064112357559723 0.0006691101901891153 0.00040566783655613466 0.00024734202462857544 0.00014976119084791846 9.048703055932236e-05 5.484166407961531e-05 3.323999624649607e-05 2.014592298029773e-05 1.2217750033144093e-05 6.208735010557486e-06 6.458662063836852e-06 2.3629267056235455e-06 9.854221209926918e-07 1.1504330182350404e-06 7.2862193975598e-07 3.689342193163719e-07 2.2371114396793157e-07 1.7899174780558059e-07 1.4350287838135956e-07 1.4937974749263957e-08 0.0 
0.0 0.0 0.0 0.0 0.0 0.0 0.08863528948718336 0.04911311937671619 0.010951131551790507 0.006602105356917056 0.003986809121659257 0.002414700096939391 0.001464468707862848 0.0008881862657337831 0.0005387520282891624 0.00032678459382966886 0.00019821011759838962 0.00012022248182776051 7.291942825276296e-05 4.4228225436280264e-05 2.6825748653040465e-05 1.3632876268661624e-05 1.4181697208205642e-05 5.18846343969286e-06 2.1639663031046804e-06 2.5261861163098367e-06 1.5999658175671357e-06 8.10098731285907e-07 4.913465212607116e-07 3.9301935270977993e-07 3.1508476496086587e-07 3.934003455261518e-08 0.0 
0.0 0.0 0.0 0.0 0.0 0.0 0.0 0.2066360681784008 0.07438209702753464 0.014170152455673215 0.008510129239347205 0.005152864641723349 0.0031265530244603402 0.001896298303228802 0.0011502082463362168 0.0006976692881907685 0.00042316992584455455 0.0002566697417654758 0.0001556796478955546 9.442541931865164e-05 5.727187714585262e-05 2.910544925513555e-05 3.0277370399868388e-05 1.107722135246145e-05 4.61971085839984e-06 5.393472931494592e-06 3.415787244829312e-06 1.729431326868073e-06 1.0489436031062975e-06 8.391887420664946e-07 6.728950137276115e-07 8.547350817447296e-08 6.483346351244563e-09 
0.0 0.0 0.0 0.0 0.0 0.0 0.0 0.0 0.13294986463979455 0.07728804687827096 0.01802894151364019 0.01086635252074783 0.00658279824945001 0.003992644366368894 0.0024216844046141615 0.0014688311398598406 0.000890892595608545 0.0005403535569863679 0.0003277414153842946 0.00019878398101839945 0.00012057062614893985 6.127227452607369e-05 6.37387792679313e-05 2.3319596855231513e-05 9.725411712421253e-06 1.1354007440230256e-05 7.190914582078295e-06 3.6408503940595955e-06 2.208289200700083e-06 1.7664761029907e-06 1.416411306823762e-06 1.801953560756569e-07 2.4915048626799035e-08 
0.0 0.0 0.0 0.0 0.0 0.0 0.0 0.0 0.0 0.11602678447776305 0.08902050209164396 0.022232978330559216 0.013486932840421845 0.00817929346969705 0.004960518730503575 0.0030086022763693306 0.0018248328650548695 0.001106826632872782 0.0006713281737437439 0.00040718168977616647 0.00024696428071464263 0.00012550535501012594 0.0001305563914804972 4.77649272801456e-05 1.992009029659948e-05 2.3255868487162453e-05 1.4728639370025359e-05 7.4574566728566e-06 4.522988018562933e-06 3.618472012361436e-06 2.9011891146458245e-06 3.689014922289747e-07 6.356830279701171e-08 
0.0 0.0 0.0 0.0 0.0 0.0 0.0 0.0 0.0 0.0 0.1190816757459652 0.08519834860043163 0.026575853585801126 0.016121329173431398 0.009778911103359461 0.005931518528004885 0.003597761144843996 0.0021821927494306862 0.0013235833878202736 0.0008027992241864652 0.0004869243324261904 0.00024745542846389115 0.0002574166566314735 9.417915211840532e-05 3.9276886822334495e-05 4.585423952638172e-05 2.9041171754600948e-05 1.4703864033218706e-05 8.918510599868024e-06 7.134460056280951e-06 5.72055825536605e-06 7.273854105265491e-07 1.4119548884637878e-07 
0.0 0.0 0.0 0.0 0.0 0.0 0.0 0.0 0.0 0.0 0.0 0.07671975637704978 0.09279523423587697 0.03046888719966173 0.01848191528241277 0.011210445818921328 0.0067996966338640455 0.004124301530640722 0.0025015474761852625 0.0015172747201216222 0.0009202777494116128 0.00046768657617051156 0.00048651332459650933 0.00017799672877958045 7.423337462937925e-05 8.66634224934876e-05 5.4887809994998386e-05 2.7790093809685206e-05 1.6855637802112614e-05 1.3483669868385187e-05 1.0811147056957706e-05 1.3748036285104172e-06 2.845542795459187e-07 
0.0 0.0 0.0 0.0 0.0 0.0 0.0 0.0 0.0 0.0 0.0 0.0 0.08497955751436354 0.09853935909284993 0.033592357671368124 0.020375888184900284 0.012359009350633622 0.007496257649751306 0.00454676875623554 0.0027577731842297316 0.0016726815298435092 0.0008500587087151408 0.0008842777512203157 0.0003235245236361958 0.0001349242838225048 0.00015751864314182662 9.976268331309781e-05 5.0510435772403143e-05 3.063606189589715e-05 2.4508092520572244e-05 1.965082039594883e-05 2.499012283624179e-06 5.37066423312208e-07 
0.0 0.0 0.0 0.0 0.0 0.0 0.0 0.0 0.0 0.0 0.0 0.0 0.0 0.06221391968800813 0.1029849242882916 0.03586652525686741 0.021754863973460197 0.013195246366006136 0.00800342488065362 0.0048543553421884775 0.0029443286444422604 0.001496311521230489 0.0015565452546313406 0.0005694817843538895 0.00023750049881720916 0.0002772709441922978 0.00017560688999226318 8.891147609836423e-05 5.392736380019691e-05 4.3140325212213215e-05 3.459056966056349e-05 4.398602695332665e-06 9.66847791020773e-07 
0.0 0.0 0.0 0.0 0.0 0.0 0.0 0.0 0.0 0.0 0.0 0.0 0.0 0.0 0.06387450741072978 0.10531049433648916 0.03746436470991612 0.022723726400549413 0.013782817463264466 0.008359755602490306 0.005070471443199814 0.0025768192607662083 0.002680549092897177 0.0009807131137237698 0.00040900223978988825 0.0004774927081510797 0.0003024148743538186 0.00015311566406252795 9.286911845301279e-05 7.429312744528055e-05 5.9568246744205244e-05 7.575308229012298e-06 1.6873165343678556e-06 
0.0 0.0 0.0 0.0 0.0 0.0 0.0 0.0 0.0 0.0 0.0 0.0 0.0 0.0 0.0 0.0679988665464124 0.10800454162754695 0.038532466162855626 0.023371429046509268 0.014175584776418209 0.008597965193485022 0.004369495359767676 0.004545389810492098 0.001662988692996651 0.0006935426551323385 0.0008096811211343855 0.0005128038985318691 0.00025963794152252374 0.00015747884705247359 0.00012597824225574732 0.00010100962418605574 1.2845407932610251e-05 2.8839300614382956e-06 
0.0 0.0 0.0 0.0 0.0 0.0 0.0 0.0 0.0 0.0 0.0 0.0 0.0 0.0 0.0 0.0 0.07794931754101067 0.115529301731463 0.039201278008203506 0.023776945504875184 0.014421509077484608 0.007329027147055864 0.007624058316215873 0.0027893587408161164 0.0011632911949121206 0.001358091458104402 0.0008601342296082527 0.00043549542266774926 0.00026414109055688606 0.00021130506775656716 0.00016942465700112283 2.1545411081621425e-05 4.860718156414514e-06 
0.0 0.0 0.0 0.0 0.0 0.0 0.0 0.0 0.0 0.0 0.0 0.0 0.0 0.0 0.0 0.0 0.0 0.19973801718014722 0.1126404654814606 0.03952533213573217 0.023973438075006008 0.012183329284347295 0.012673772025318147 0.004636858104643822 0.0019337842491272093 0.002257608343718648 0.001429833723706305 0.0007239396299672127 0.00043909144776809963 0.00035126072548192 0.0002816414721965231 3.581561486012768e-05 8.103681024716352e-06 
0.0 0.0 0.0 0.0 0.0 0.0 0.0 0.0 0.0 0.0 0.0 0.0 0.0 0.0 0.0 0.0 0.0 0.0 0.0739836949726349 0.10990202704534477 0.03984283642746449 0.020248167638751268 0.021063265409617424 0.007706261134032011 0.003213867156637609 0.003752049712817967 0.002376323022132665 0.0012031571548137814 0.0007297519519995153 0.000583780365707539 0.00046807587170764805 5.952414242743515e-05 1.3491315627257572e-05 
0.0 0.0 0.0 0.0 0.0 0.0 0.0 0.0 0.0 0.0 0.0 0.0 0.0 0.0 0.0 0.0 0.0 0.0 0.0 0.07139343296538389 0.11021671409638675 0.03360744783205032 0.03496031691653967 0.012790675076987744 0.005334302321822047 0.006227565597728491 0.003944165710711777 0.0019969719497090577 0.001211225442723334 0.000968945285892114 0.0007769008016393334 9.879669168141671e-05 2.2417196303454695e-05 
0.0 0.0 0.0 0.0 0.0 0.0 0.0 0.0 0.0 0.0 0.0 0.0 0.0 0.0 0.0 0.0 0.0 0.0 0.0 0.0 0.07326073627863941 0.09985448081328181 0.057742344429184446 0.021125749240708352 0.008810417354909778 0.010285776005258561 0.006514393197703958 0.0032983048930996656 0.002000523689556867 0.0016003618346236647 0.0012831714517839254 0.00016317812823917716 3.704898799532326e-05 
0.0 0.0 0.0 0.0 0.0 0.0 0.0 0.0 0.0 0.0 0.0 0.0 0.0 0.0 0.0 0.0 0.0 0.0 0.0 0.0 0.0 0.059870386066049386 0.1457982924452906 0.03304589956290722 0.013781671993128061 0.0160894988743186 0.01019012048570931 0.005159363994394541 0.0031293129953420163 0.0025033609807495775 0.0020071962095864117 0.0002552504935786128 5.79740950164618e-05 
0.0 0.0 0.0 0.0 0.0 0.0 0.0 0.0 0.0 0.0 0.0 0.0 0.0 0.0 0.0 0.0 0.0 0.0 0.0 0.0 0.0 0.0 0.10297304584361688 0.08950837557943876 0.02447992866480589 0.028579242046093942 0.018100373576595784 0.009164407061276436 0.005558495239174962 0.004446636514054835 0.0035653167986252903 0.0004533925328816101 0.00010300704751672223 
0.0 0.0 0.0 0.0 0.0 0.0 0.0 0.0 0.0 0.0 0.0 0.0 0.0 0.0 0.0 0.0 0.0 0.0 0.0 0.0 0.0 0.0 0.0 0.07097472998791801 0.08976328824287884 0.05164543267313518 0.03264959193331003 0.01653082535809636 0.010026457840815782 0.008020878590644598 0.00643114568608582 0.0008178332067567855 0.00018583455341817813 
0.0 0.0 0.0 0.0 0.0 0.0 0.0 0.0 0.0 0.0 0.0 0.0 0.0 0.0 0.0 0.0 0.0 0.0 0.0 0.0 0.0 0.0 0.0 0.0 0.02813145140907586 0.14933675439840025 0.048037171745638846 0.024321711071670055 0.014751866420463325 0.011801072755089998 0.009462108490328193 0.0012032747532847523 0.00027343401044782254 
0.0 0.0 0.0 0.0 0.0 0.0 0.0 0.0 0.0 0.0 0.0 0.0 0.0 0.0 0.0 0.0 0.0 0.0 0.0 0.0 0.0 0.0 0.0 0.0 0.0 0.07816249726476818 0.1152245381395566 0.0370291812009573 0.022459339374268056 0.017966825529370307 0.014405809251276255 0.0018319530493958295 0.0004163160353138298 
0.0 0.0 0.0 0.0 0.0 0.0 0.0 0.0 0.0 0.0 0.0 0.0 0.0 0.0 0.0 0.0 0.0 0.0 0.0 0.0 0.0 0.0 0.0 0.0 0.0 0.0 0.08569922867227767 0.10277728875143757 0.03902581702090502 0.031219526924786568 0.025031844969763756 0.0031832405400779844 0.0007234264374382049 
0.0 0.0 0.0 0.0 0.0 0.0 0.0 0.0 0.0 0.0 0.0 0.0 0.0 0.0 0.0 0.0 0.0 0.0 0.0 0.0 0.0 0.0 0.0 0.0 0.0 0.0 0.0 0.07430033272948741 0.11080561426260684 0.05327968936065674 0.04271969656790257 0.005432562377566695 0.001234636536333561 
0.0 0.0 0.0 0.0 0.0 0.0 0.0 0.0 0.0 0.0 0.0 0.0 0.0 0.0 0.0 0.0 0.0 0.0 0.0 0.0 0.0 0.0 0.0 0.0 0.0 0.0 0.0 0.0 0.07429645223407005 0.1320970618811316 0.07047037937823773 0.008961551811398865 0.0020366793903145194 
0.0 0.0 0.0 0.0 0.0 0.0 0.0 0.0 0.0 0.0 0.0 0.0 0.0 0.0 0.0 0.0 0.0 0.0 0.0 0.0 0.0 0.0 0.0 0.0 0.0 0.0 0.0 0.0 0.0 0.10497827301309082 0.16238095764137722 0.01680810799954176 0.0038199870458561183 
0.0 0.0 0.0 0.0 0.0 0.0 0.0 0.0 0.0 0.0 0.0 0.0 0.0 0.0 0.0 0.0 0.0 0.0 0.0 0.0 0.0 0.0 0.0 0.0 0.0 0.0 0.0 0.0 0.0 0.0 0.1835046301267264 0.08775024474664557 0.017431216212387086 
0.0 0.0 0.0 0.0 0.0 0.0 0.0 0.0 0.0 0.0 0.0 0.0 0.0 0.0 0.0 0.0 0.0 0.0 0.0 0.0 0.0 0.0 0.0 0.0 0.0 0.0 0.0 0.0 0.0 0.0 0.0 0.16795361242232576 0.12505241247620927 
0.0 0.0 0.0 0.0 0.0 0.0 0.0 0.0 0.0 0.0 0.0 0.0 0.0 0.0 0.0 0.0 0.0 0.0 0.0 0.0 0.0 0.0 0.0 0.0 0.0 0.0 0.0 0.0 0.0 0.0 0.0 0.0 0.32648762985379376 
 ); 
