numberOfGroups 33;

capture (0.0164638 0.0118204 0.00675495 0.00212913 0.000568747 0.000163714 0.000254679 0.00039098 0.000537096 0.000698853 0.000880388 0.0010764 0.00132795 0.00165007 0.00212335 0.00265 0.00342807 0.0045524 0.00577619 0.00739187 0.00957081 0.0115374 0.0152989 0.0205315 0.0249448 0.0307095 0.0405213 0.0528982 0.0678256 0.0921191 0.171912 0.423318 1.02394 );

fission (0 0 0 0 0 0 0 0 0 0 0 0 0 0 0 0 0 0 0 0 0 0 0 0 0 0 0 0 0 0 0 0 0 );

chi (0 0 0 0 0 0 0 0 0 0 0 0 0 0 0 0 0 0 0 0 0 0 0 0 0 0 0 0 0 0 0 0 0 );

nu (0 0 0 0 0 0 0 0 0 0 0 0 0 0 0 0 0 0 0 0 0 0 0 0 0 0 0 0 0 0 0 0 0 );

scatteringMultiplicity (
1 1 1 1 1 1 1 
1 1 1 1 1 1 1 
1 1 1 1 1 1 1 
1 1 1 1 1 1 1 
1 1 1 1 1 1 1 
1 1 1 1 1 1 1 
1 1 1 1 1 1 1 
);

P0 (
0.0484282 0.0211337 0.00968877 0.0117365 0.00650597 0.00392667 0.00232656 0.00127307 0.000718679 0.000268541 0.000161128 6.2663e-05 3.69352e-05 3.16973e-05 3.63112e-06 1.67634e-05 1.92789e-06 6.85663e-06 3.01243e-09 4.88144e-09 5.62448e-11 2.73612e-09 1.12312e-17 2.1024e-13 7.89389e-19 3.56192e-16 1.4989e-10 0 0 0 0 0 0 
0 0.0495064 0.0244585 0.00760739 0.00802029 0.00592882 0.0033159 0.00170467 0.000889075 0.000430372 0.000210507 9.1475e-05 5.01148e-05 2.65911e-05 1.39926e-05 7.70058e-06 4.70263e-06 3.7456e-06 1.95303e-06 1.73269e-06 8.15664e-07 9.95504e-08 6.11675e-08 1.09158e-08 7.78758e-10 1.72651e-09 2.03969e-08 3.27659e-09 2.74168e-13 2.07895e-08 3.82276e-10 0 0 
0 0 0.0911926 0.0311518 0.00972415 0.00564645 0.00324262 0.00177923 0.000957856 0.000499807 0.000266045 0.000146762 8.11494e-05 4.66282e-05 2.55251e-05 1.61587e-05 9.22846e-06 5.90296e-06 4.08642e-06 2.07426e-06 1.05313e-06 5.06231e-07 7.9227e-07 2.85024e-07 9.48565e-08 6.37343e-08 6.45088e-08 5.22167e-08 1.66892e-08 4.26534e-10 5.66452e-09 0 0 
0 0 0 0.101162 0.0269528 0.00892391 0.00533702 0.00335608 0.00176524 0.00106217 0.000597473 0.000331683 0.000188169 0.000107045 6.18663e-05 3.76523e-05 2.2566e-05 1.32399e-05 8.37669e-06 4.95919e-06 2.88603e-06 1.42967e-06 1.42109e-06 5.32039e-07 2.05692e-07 2.43658e-07 1.31515e-07 9.07129e-08 6.88243e-08 3.82277e-08 3.32093e-08 1.90083e-11 0 
0 0 0 0 0.142527 0.0307657 0.00735784 0.00440737 0.00253602 0.00158518 0.00103397 0.000564261 0.000331378 0.000198706 0.000119524 7.1957e-05 4.34077e-05 2.608e-05 1.57487e-05 9.66858e-06 5.7345e-06 2.89742e-06 2.99066e-06 1.10237e-06 4.50622e-07 5.49537e-07 3.43858e-07 1.74476e-07 1.04581e-07 7.50794e-08 6.31994e-08 5.10122e-09 0 
0 0 0 0 0 0.194876 0.0578168 0.00842314 0.00509346 0.00306452 0.00185125 0.00112004 0.000677146 0.000410853 0.00025158 0.00015175 9.11347e-05 5.53222e-05 3.34013e-05 2.0702e-05 1.2373e-05 6.30844e-06 6.42235e-06 2.37204e-06 1.01718e-06 1.15947e-06 7.5438e-07 3.85479e-07 2.26155e-07 1.86905e-07 1.4258e-07 1.66037e-08 8.53077e-10 
0 0 0 0 0 0 0.181306 0.0490229 0.0109689 0.0066109 0.00399167 0.00241856 0.00146721 0.000889015 0.000540068 0.000327819 0.000197848 0.000120247 7.29759e-05 4.46258e-05 2.70058e-05 1.35808e-05 1.41642e-05 5.14052e-06 2.18682e-06 2.51258e-06 1.61576e-06 7.96727e-07 4.86572e-07 3.85255e-07 3.14121e-07 3.15351e-08 1.61907e-09 
0 0 0 0 0 0 0 0.270457 0.0824734 0.0144006 0.00865657 0.00523742 0.00317922 0.00192843 0.001168 0.000709018 0.000429839 0.000261029 0.000158286 9.61721e-05 5.84706e-05 2.93715e-05 3.07796e-05 1.12545e-05 4.51269e-06 5.46957e-06 3.45026e-06 1.76165e-06 1.0679e-06 8.46786e-07 6.93433e-07 8.44398e-08 6.32562e-09 
0 0 0 0 0 0 0 0 0.203244 0.0756964 0.0179414 0.0108183 0.00655414 0.00397622 0.00241053 0.00146202 0.000887229 0.000538056 0.000325929 0.000198374 0.00011969 6.11375e-05 6.3394e-05 2.30645e-05 9.70774e-06 1.13636e-05 7.08683e-06 3.68674e-06 2.1517e-06 1.77605e-06 1.41531e-06 1.82335e-07 2.12548e-08 
0 0 0 0 0 0 0 0 0 0.209993 0.0820277 0.0218949 0.0132846 0.00805505 0.00488615 0.0029654 0.00179858 0.00109201 0.000660739 0.000400731 0.000243211 0.000123586 0.000129074 4.70036e-05 1.96445e-05 2.30694e-05 1.45326e-05 7.26765e-06 4.43275e-06 3.51847e-06 2.79316e-06 3.60268e-07 5.47985e-08 
0 0 0 0 0 0 0 0 0 0 0.221352 0.0848452 0.0266163 0.0161441 0.00979112 0.00594189 0.00360282 0.00218392 0.00132526 0.000805343 0.000487346 0.000248597 0.000258503 9.43622e-05 3.90225e-05 4.6221e-05 2.92298e-05 1.46459e-05 8.94217e-06 7.26844e-06 5.70632e-06 7.34868e-07 1.26375e-07 
0 0 0 0 0 0 0 0 0 0 0 0.191773 0.0914116 0.0303361 0.0183886 0.0111579 0.00676957 0.00410623 0.00248956 0.00150976 0.000916919 0.000464735 0.000484299 0.000176518 7.41069e-05 8.6174e-05 5.48073e-05 2.77354e-05 1.68131e-05 1.35043e-05 1.0655e-05 1.39923e-06 2.54705e-07 
0 0 0 0 0 0 0 0 0 0 0 0 0.210267 0.0980207 0.033521 0.0203319 0.0123363 0.00748085 0.00453657 0.00275187 0.00166917 0.000848071 0.000883717 0.000322617 0.000134383 0.000157367 9.93379e-05 5.0556e-05 3.04513e-05 2.4362e-05 1.94288e-05 2.44744e-06 4.67566e-07 
0 0 0 0 0 0 0 0 0 0 0 0 0 0.196956 0.101714 0.0357445 0.0216879 0.0131563 0.00798281 0.00483819 0.00293587 0.00149336 0.00155061 0.000568365 0.000236864 0.000275494 0.00017501 8.86683e-05 5.42096e-05 4.3142e-05 3.45894e-05 4.42861e-06 8.69949e-07 
0 0 0 0 0 0 0 0 0 0 0 0 0 0 0.205512 0.104369 0.0373807 0.0226665 0.0137501 0.00833965 0.00505698 0.00257003 0.00267252 0.000977587 0.000408476 0.000474851 0.000301944 0.000153166 9.26121e-05 7.40905e-05 5.94451e-05 7.66513e-06 1.4885e-06 
0 0 0 0 0 0 0 0 0 0 0 0 0 0 5.35743e-17 0.211517 0.107276 0.0384548 0.0233311 0.0141477 0.0085849 0.004363 0.00453622 0.00166196 0.000691649 0.000808531 0.000511694 0.000259047 0.000157475 0.000126079 0.000100621 1.27648e-05 2.52555e-06 
0 0 0 0 0 0 0 0 0 0 0 0 0 0 0 0 0.227461 0.113528 0.0390603 0.0236945 0.0143655 0.00730443 0.00759484 0.00277661 0.00116046 0.00135379 0.000857139 0.000433474 0.000263432 0.000209807 0.000169192 2.15837e-05 4.26735e-06 
0 0 0 0 0 0 0 0 0 0 0 0 0 0 0 0 0 0.327566 0.121557 0.0403224 0.0244583 0.0124279 0.0129314 0.00472531 0.00197199 0.00230272 0.00145616 0.000739822 0.00044794 0.000359433 0.000287415 3.6476e-05 7.25324e-06 
0 0 0 0 0 0 0 0 0 0 0 0 0 0 0 0 0 1.87848e-12 0.224663 0.108329 0.0396888 0.0201699 0.020976 0.00767689 0.00319927 0.00373723 0.00236933 0.00119744 0.000726297 0.00058204 0.000466408 5.94893e-05 1.16048e-05 
0 0 0 0 0 0 0 0 0 0 0 0 0 0 0 0 0 0 3.4811e-10 0.222206 0.109566 0.0335486 0.0349128 0.0127735 0.00532559 0.00622211 0.00393673 0.00199477 0.00121159 0.000967623 0.000775459 9.86325e-05 1.96295e-05 
0 0 0 0 0 0 0 0 0 0 0 0 0 0 0 0 0 0 0 1.18932e-10 0.223132 0.0990425 0.0576494 0.0210948 0.00879352 0.0102726 0.00650805 0.00329489 0.00199799 0.00159878 0.00127914 0.000162489 3.23301e-05 
0 0 0 0 0 0 0 0 0 0 0 0 0 0 0 0 0 0 0 0 2.65226e-10 0.209382 0.145373 0.0330112 0.0137718 0.0160747 0.0101804 0.00515051 0.00312387 0.00249818 0.00200419 0.000254165 5.06128e-05 
0 0 0 0 0 0 0 0 0 0 0 0 0 0 0 0 0 0 0 0 0 2.10963e-09 0.255021 0.088286 0.0243696 0.0284458 0.0180148 0.00912375 0.00553381 0.00442484 0.00354889 0.000450445 8.94902e-05 
0 0 0 0 0 0 0 0 0 0 0 0 0 0 0 0 0 0 0 0 0 0 6.10904e-09 0.223517 0.0885592 0.0514956 0.0325684 0.0164841 0.00999487 0.00799286 0.00641397 0.000817985 0.000160963 
0 0 0 0 0 0 0 0 0 0 0 0 0 0 0 0 0 0 0 0 0 0 0 5.6133e-08 0.180197 0.148479 0.0479755 0.0242914 0.0147324 0.0117868 0.00945039 0.00120024 0.000237242 
0 0 0 0 0 0 0 0 0 0 0 0 0 0 0 0 0 0 0 0 0 0 0 0 6.72567e-08 0.231189 0.113675 0.0368806 0.0223657 0.0178998 0.0143479 0.00182269 0.000360976 
0 0 0 0 0 0 0 0 0 0 0 0 0 0 0 0 0 0 0 0 0 0 0 0 0 1.91133e-07 0.239694 0.100607 0.0387715 0.0310176 0.0248616 0.00315945 0.000628888 
0 0 0 0 0 0 0 0 0 0 0 0 0 0 0 0 0 0 0 0 0 0 0 0 0 0 6.22438e-07 0.228641 0.108394 0.0529453 0.0424508 0.00540084 0.00107139 
0 0 0 0 0 0 0 0 0 0 0 0 0 0 0 0 0 0 0 0 0 0 0 0 0 0 0 1.67211e-06 0.230169 0.128298 0.0699501 0.00888638 0.00176272 
0 0 0 0 0 0 0 0 0 0 0 0 0 0 0 0 0 0 0 0 0 0 0 0 0 0 0 0 3.50933e-05 0.263837 0.155774 0.0164431 0.00325657 
0 0 0 0 0 0 0 0 0 0 0 0 0 0 0 0 0 0 0 0 0 0 0 0 0 0 0 0 0 7.02878e-05 0.361878 0.0667065 0.0121408 
0 0 0 0 0 0 0 0 0 0 0 0 0 0 0 0 0 0 0 0 0 0 0 0 0 0 0 0 0 0 0.00275511 0.368447 0.0790275 
0 0 0 0 0 0 0 0 0 0 0 0 0 0 0 0 0 0 0 0 0 0 0 0 0 0 0 0 0 0 3.96629e-16 0.0400774 0.465493 
);

P1 (
0.0383479 0.000663593 0.0028075 0.00053564 0.00025842 0.00021713 1.7259e-05 1.48926e-05 1.87416e-05 9.85407e-06 -1.33871e-05 4.20917e-06 4.57971e-06 -3.62743e-06 1.57813e-07 4.92444e-06 7.8798e-08 2.96e-07 1.51492e-10 2.73237e-10 3.49013e-12 -5.20676e-11 1.13239e-18 2.71915e-14 1.34176e-19 6.64598e-17 4.09959e-11 0 0 0 0 0 0 
0 0.0321251 0.00112025 0.0020186 0.00115438 0.000617679 0.000181316 0.00011966 5.48922e-05 9.46069e-06 2.41489e-06 4.87649e-06 2.42384e-06 1.24447e-06 8.92232e-07 1.80373e-07 3.70657e-07 4.15314e-08 2.78579e-08 1.09671e-07 4.23401e-08 6.33878e-09 5.35624e-09 1.01456e-09 9.89476e-11 2.51838e-10 5.4987e-09 7.19993e-10 9.55275e-14 7.56833e-09 2.25445e-10 0 0 
0 0 0.0521642 0.00196649 0.00232679 0.0010617 0.000522246 0.000258497 0.000120105 5.46739e-05 2.62691e-05 1.10409e-05 5.589e-06 2.90741e-06 1.29754e-06 8.31402e-07 4.31387e-07 2.68492e-07 1.5662e-07 5.21154e-08 5.53107e-08 2.81786e-08 5.18154e-08 1.6468e-08 9.21781e-09 8.08405e-09 1.08227e-08 1.03433e-08 1.29533e-08 1.50961e-10 3.38338e-09 0 0 
0 0 0 0.0462622 0.00306076 0.00346837 0.00163008 0.000745142 0.000367373 0.000171936 7.94062e-05 3.6673e-05 1.74614e-05 8.22017e-06 4.01075e-06 2.11561e-06 1.11164e-06 5.80891e-07 3.21069e-07 2.1455e-07 1.28182e-07 7.09805e-08 7.7096e-08 3.63851e-08 1.64425e-08 2.47572e-08 1.66608e-08 1.50663e-08 1.438e-08 1.04672e-08 1.85113e-08 1.37536e-11 0 
0 0 0 0 0.0531949 0.00284891 0.0038988 0.00181994 0.000866353 0.000426584 0.000198586 8.96842e-05 4.55251e-05 2.24393e-05 1.05083e-05 4.93621e-06 2.46268e-06 1.29154e-06 6.87648e-07 3.95698e-07 2.39029e-07 1.2103e-07 1.4158e-07 6.43037e-08 3.03982e-08 4.34931e-08 3.5317e-08 2.37089e-08 1.74713e-08 1.65484e-08 2.57522e-08 4.09909e-09 0 
0 0 0 0 0 0.0615675 -0.00379993 0.00512143 0.0024204 0.00114571 0.000543071 0.000256468 0.000122236 5.8227e-05 2.86487e-05 1.31391e-05 6.57612e-06 3.26883e-06 1.66253e-06 9.22656e-07 5.1315e-07 2.58124e-07 2.78172e-07 1.1909e-07 5.69736e-08 7.55382e-08 6.1157e-08 3.89582e-08 3.00082e-08 3.29191e-08 4.34636e-08 1.15193e-08 6.59244e-10 
0 0 0 0 0 0 0.0665522 0.0131521 0.00676783 0.00320456 0.00151273 0.00071779 0.000340157 0.000161435 7.69994e-05 3.69079e-05 1.77321e-05 8.69382e-06 4.34151e-06 2.2527e-06 1.2042e-06 5.65068e-07 5.83483e-07 2.25835e-07 1.05221e-07 1.35902e-07 1.07187e-07 6.62474e-08 4.95733e-08 5.3377e-08 7.82698e-08 1.76723e-08 1.36099e-09 
0 0 0 0 0 0 0 0.0838887 -0.00456987 0.0089306 0.00423699 0.00200579 0.000949826 0.000450063 0.000213386 0.000101703 4.86781e-05 2.35203e-05 1.15068e-05 5.75017e-06 2.96528e-06 1.32409e-06 1.2859e-06 4.64853e-07 1.94468e-07 2.55671e-07 1.9021e-07 1.17145e-07 8.80893e-08 9.084e-08 1.30802e-07 3.86905e-08 5.09948e-09 
0 0 0 0 0 0 0 0 0.040411 0.00769634 0.0111035 0.00525238 0.00248739 0.00117769 0.000557773 0.000264802 0.000126238 6.04272e-05 2.91368e-05 1.43167e-05 7.11166e-06 3.11628e-06 2.84158e-06 9.50064e-07 3.98377e-07 4.85848e-07 3.37282e-07 2.06516e-07 1.45503e-07 1.52413e-07 2.06655e-07 6.8457e-08 1.04296e-08 
0 0 0 0 0 0 0 0 0 0.0485066 0.014286 0.0136077 0.00643372 0.00304248 0.00144024 0.000683007 0.000324311 0.00015468 7.38883e-05 3.56879e-05 1.74792e-05 7.42225e-06 6.53177e-06 2.04761e-06 8.11686e-07 9.47461e-07 6.20671e-07 3.50242e-07 2.46383e-07 2.4387e-07 3.27571e-07 1.03995e-07 2.23844e-08 
0 0 0 0 0 0 0 0 0 0 0.0509157 0.0220069 0.0166345 0.00786338 0.00371832 0.00176076 0.000833963 0.000395745 0.000188594 9.04864e-05 4.35923e-05 1.82421e-05 1.54662e-05 4.60974e-06 1.73471e-06 1.9347e-06 1.19988e-06 6.34594e-07 4.33643e-07 4.18671e-07 5.32855e-07 1.60257e-07 4.43753e-08 
0 0 0 0 0 0 0 0 0 0 0 0.0527341 0.0268771 0.0189054 0.0089307 0.00422521 0.00200033 0.000947924 0.000449859 0.00021427 0.000102742 4.22045e-05 3.51541e-05 1.00665e-05 3.70802e-06 3.90773e-06 2.28595e-06 1.1433e-06 7.19133e-07 6.70497e-07 8.05576e-07 2.59379e-07 7.74719e-08 
0 0 0 0 0 0 0 0 0 0 0 0 0.0564313 0.0311073 0.0208937 0.00987665 0.00467283 0.00221087 0.00104742 0.000497338 0.000236923 9.68502e-05 7.95324e-05 2.22078e-05 7.91382e-06 8.13334e-06 4.45753e-06 2.10229e-06 1.25779e-06 1.07438e-06 1.1979e-06 3.37023e-07 1.18927e-07 
0 0 0 0 0 0 0 0 0 0 0 0 0 0.0586066 0.0337918 0.0222534 0.0105229 0.0049771 0.0023564 0.00111574 0.000529968 0.000215894 0.000175109 4.82447e-05 1.69181e-05 1.68671e-05 8.90624e-06 3.95207e-06 2.24464e-06 1.78141e-06 1.79207e-06 4.90849e-07 1.502e-07 
0 0 0 0 0 0 0 0 0 0 0 0 0 0 0.0602386 0.0361038 0.0232734 0.0109984 0.00520216 0.0024619 0.0011662 0.000473223 0.000382327 0.000103968 3.61329e-05 3.54781e-05 1.81791e-05 7.70238e-06 4.11918e-06 3.04495e-06 2.74391e-06 6.81011e-07 1.84893e-07 
0 0 0 0 0 0 0 0 0 0 0 0 0 0 5.3574e-17 0.0618423 0.0372003 0.0239414 0.0113202 0.00535238 0.00253412 0.00102653 0.000826349 0.000223558 7.67975e-05 7.49792e-05 3.74707e-05 1.53168e-05 7.9007e-06 5.53372e-06 4.26643e-06 8.99391e-07 2.77174e-07 
0 0 0 0 0 0 0 0 0 0 0 0 0 0 0 0 0.0647942 0.0365065 0.0242872 0.0114814 0.00542773 0.00219736 0.00176531 0.000474511 0.000162979 0.000157848 7.78551e-05 3.11148e-05 1.55408e-05 1.02792e-05 7.16615e-06 1.30782e-06 3.69533e-07 
0 0 0 0 0 0 0 0 0 0 0 0 0 0 0 0 0 0.0672319 0.0361295 0.0253585 0.0119871 0.00484588 0.00389103 0.00104244 0.000356551 0.00034407 0.000167981 6.64873e-05 3.24083e-05 2.0728e-05 1.27066e-05 1.79482e-06 5.13058e-07 
0 0 0 0 0 0 0 0 0 0 0 0 0 0 0 0 0 1.8784e-12 0.0634266 0.0390111 0.024676 0.00997317 0.00799743 0.00214271 0.000730615 0.000703736 0.000342734 0.000133713 6.4521e-05 4.02476e-05 2.27065e-05 2.60779e-06 6.416e-07 
0 0 0 0 0 0 0 0 0 0 0 0 0 0 0 0 0 0 3.48109e-10 0.0634193 0.0393932 0.0213091 0.0170922 0.00457331 0.00155831 0.00149893 0.000725975 0.000282325 0.00013524 8.27638e-05 4.38716e-05 4.03012e-06 7.61834e-07 
0 0 0 0 0 0 0 0 0 0 0 0 0 0 0 0 0 0 0 1.18928e-10 0.0635148 0.0318208 0.0362123 0.00968521 0.00329768 0.00316854 0.00153346 0.000593773 0.000282454 0.000171148 8.68683e-05 6.59792e-06 1.11193e-06 
0 0 0 0 0 0 0 0 0 0 0 0 0 0 0 0 0 0 0 0 2.65192e-10 0.0601188 0.0538089 0.0188839 0.00643256 0.00617235 0.00298283 0.00115196 0.000546592 0.000328833 0.000163367 1.05078e-05 1.5206e-06 
0 0 0 0 0 0 0 0 0 0 0 0 0 0 0 0 0 0 0 0 0 2.10892e-09 0.0728104 0.0357146 0.0152823 0.0146583 0.00707702 0.00273184 0.00129323 0.00077443 0.000375796 2.09889e-05 2.54327e-06 
0 0 0 0 0 0 0 0 0 0 0 0 0 0 0 0 0 0 0 0 0 0 6.10694e-09 0.0631943 0.0231142 0.0351779 0.0170187 0.00656053 0.00310045 0.00185167 0.000888504 4.56047e-05 4.26424e-06 
0 0 0 0 0 0 0 0 0 0 0 0 0 0 0 0 0 0 0 0 0 0 0 5.61088e-08 0.0581043 0.0404461 0.030279 0.0116717 0.00551424 0.00329147 0.00157003 7.68456e-05 7.37219e-06 
0 0 0 0 0 0 0 0 0 0 0 0 0 0 0 0 0 0 0 0 0 0 0 0 6.72004e-08 0.0650037 0.0443739 0.0219472 0.0103637 0.00618297 0.00293709 0.000139173 1.06901e-05 
0 0 0 0 0 0 0 0 0 0 0 0 0 0 0 0 0 0 0 0 0 0 0 0 0 1.90882e-07 0.0672973 0.0388066 0.0236714 0.0141075 0.00668224 0.000307209 2.13965e-05 
0 0 0 0 0 0 0 0 0 0 0 0 0 0 0 0 0 0 0 0 0 0 0 0 0 0 6.21002e-07 0.0642963 0.0395812 0.0313582 0.0148282 0.00067299 4.28013e-05 
0 0 0 0 0 0 0 0 0 0 0 0 0 0 0 0 0 0 0 0 0 0 0 0 0 0 0 1.6657e-06 0.0640481 0.0537556 0.0313138 0.00140636 8.49543e-05 
0 0 0 0 0 0 0 0 0 0 0 0 0 0 0 0 0 0 0 0 0 0 0 0 0 0 0 0 2.23938e-05 0.075242 0.0712024 0.00354737 0.000207429 
0 0 0 0 0 0 0 0 0 0 0 0 0 0 0 0 0 0 0 0 0 0 0 0 0 0 0 0 0 3.6469e-05 0.120281 0.0264718 0.00159337 
0 0 0 0 0 0 0 0 0 0 0 0 0 0 0 0 0 0 0 0 0 0 0 0 0 0 0 0 0 0 0.000749594 0.118609 0.0205443 
0 0 0 0 0 0 0 0 0 0 0 0 0 0 0 0 0 0 0 0 0 0 0 0 0 0 0 0 0 0 3.75088e-17 0.0107184 0.11405 
);

P2 (
0.029602 0.00241128 0.000855511 0.000208946 0.000275194 -9.55089e-05 -0.000149962 -7.34384e-05 -8.39275e-05 -1.35095e-05 -1.38634e-05 -9.00549e-06 -2.86414e-06 -3.30918e-06 -1.80272e-06 -3.00294e-06 -9.59053e-07 -3.40913e-06 -1.49478e-09 -2.41778e-09 -2.7797e-11 -1.36657e-09 -5.44423e-18 -9.98441e-14 -3.60485e-19 -1.59495e-16 -5.81258e-11 0 0 0 0 0 0 
0 0.0228074 0.00182582 0.000907863 0.000481608 0.000212538 -2.14523e-05 -2.5184e-05 -7.10803e-05 -4.47047e-05 -3.1523e-05 -2.06577e-05 -1.47273e-05 -9.19596e-06 -4.58611e-06 -3.08311e-06 -2.12401e-06 -1.7781e-06 -8.67697e-07 -7.92085e-07 -4.0421e-07 -4.91677e-08 -2.96384e-08 -5.31586e-09 -3.70364e-10 -8.07959e-10 -7.97315e-09 -1.39322e-09 -8.65295e-14 -6.26124e-09 2.18304e-11 0 0 
0 0 0.0342307 0.00353919 0.000548991 8.92741e-06 -0.000155662 -0.000180337 -0.000157006 -0.000110534 -7.7493e-05 -5.08822e-05 -3.24212e-05 -1.99712e-05 -1.15372e-05 -7.65387e-06 -4.36966e-06 -2.73045e-06 -2.01437e-06 -1.00526e-06 -5.18326e-07 -2.49266e-07 -3.89775e-07 -1.3357e-07 -4.60614e-08 -3.02953e-08 -2.95177e-08 -2.30272e-08 7.94058e-09 -1.30845e-10 2.03016e-10 0 0 
0 0 0 0.0327267 0.00545807 0.000686981 -0.000381611 -0.000528129 -0.000421634 -0.000295499 -0.000193502 -0.000122246 -7.67368e-05 -4.73401e-05 -2.85006e-05 -1.79473e-05 -1.09138e-05 -6.50431e-06 -4.11352e-06 -2.43419e-06 -1.42382e-06 -6.9696e-07 -7.03988e-07 -2.62176e-07 -1.00815e-07 -1.17948e-07 -6.25172e-08 -4.14788e-08 -2.98328e-08 -1.451e-08 -3.87728e-10 5.55632e-12 0 
0 0 0 0 0.0376498 0.00591765 0.000536633 -0.000546107 -0.000649499 -0.000514467 -0.000356695 -0.000230711 -0.000145842 -9.04128e-05 -5.59765e-05 -3.41822e-05 -2.09263e-05 -1.26863e-05 -7.70894e-06 -4.75427e-06 -2.83078e-06 -1.42836e-06 -1.47903e-06 -5.44865e-07 -2.21998e-07 -2.68976e-07 -1.66228e-07 -8.19804e-08 -4.767e-08 -3.17194e-08 -1.39129e-08 2.46876e-09 0 
0 0 0 0 0 0.0522558 0.00987668 0.00075135 -0.000698274 -0.000849825 -0.000672461 -0.000465578 -0.000303576 -0.000192044 -0.000119776 -7.3445e-05 -4.46809e-05 -2.73295e-05 -1.65447e-05 -1.0288e-05 -6.15382e-06 -3.13795e-06 -3.19238e-06 -1.17662e-06 -5.03546e-07 -5.71885e-07 -3.69202e-07 -1.86368e-07 -1.06588e-07 -8.39445e-08 -4.83272e-08 4.50133e-09 3.38328e-10 
0 0 0 0 0 0 0.0260688 0.00562424 0.00101576 -0.000913194 -0.00111672 -0.000885818 -0.000613918 -0.000400116 -0.000253415 -0.000157622 -9.65206e-05 -5.91735e-05 -3.60976e-05 -2.21409e-05 -1.34214e-05 -6.75439e-06 -7.04478e-06 -2.55453e-06 -1.08526e-06 -1.24431e-06 -7.96094e-07 -3.89149e-07 -2.34683e-07 -1.80119e-07 -1.21108e-07 1.15321e-09 9.79437e-10 
0 0 0 0 0 0 0 0.0393856 0.0143017 0.00144971 -0.00116074 -0.00145439 -0.00115921 -0.000804844 -0.000524926 -0.000332409 -0.000206569 -0.000127306 -7.7876e-05 -4.75653e-05 -2.9007e-05 -1.45945e-05 -1.53063e-05 -5.59661e-06 -2.24262e-06 -2.71479e-06 -1.70717e-06 -8.67098e-07 -5.21037e-07 -4.05731e-07 -2.98935e-07 -9.31163e-09 3.18859e-09 
0 0 0 0 0 0 0 0 0.0190698 0.0143989 0.00162764 -0.00152008 -0.00184519 -0.00145918 -0.00100956 -0.000658295 -0.00041639 -0.000258744 -0.000159016 -9.76183e-05 -5.92034e-05 -3.0326e-05 -3.1499e-05 -1.14697e-05 -4.82696e-06 -5.64619e-06 -3.51465e-06 -1.8219e-06 -1.057e-06 -8.62492e-07 -6.42546e-07 -3.8595e-08 1.51744e-09 
0 0 0 0 0 0 0 0 0 0.0229345 0.016466 0.00187955 -0.00191312 -0.00228405 -0.00179927 -0.00124415 -0.000810617 -0.000512767 -0.000317831 -0.000195536 -0.000119691 -6.11119e-05 -6.40258e-05 -2.33601e-05 -9.76705e-06 -1.14678e-05 -7.21722e-06 -3.60034e-06 -2.18785e-06 -1.72172e-06 -1.30291e-06 -1.09394e-07 -4.9799e-10 
0 0 0 0 0 0 0 0 0 0 0.0253335 0.0206641 0.00244066 -0.00227019 -0.00275659 -0.00218065 -0.00150904 -0.000983359 -0.000621987 -0.000387273 -0.000237762 -0.000122266 -0.000127829 -4.6827e-05 -1.93858e-05 -2.29722e-05 -1.45224e-05 -7.26567e-06 -4.42344e-06 -3.57363e-06 -2.7076e-06 -2.59413e-07 -4.85567e-09 
0 0 0 0 0 0 0 0 0 0 0 0.0283418 0.0231097 0.00268391 -0.0026225 -0.00315479 -0.0024893 -0.00172161 -0.00112164 -0.00070881 -0.000441009 -0.000226556 -0.000238239 -8.73648e-05 -3.67563e-05 -4.27892e-05 -2.72262e-05 -1.3767e-05 -8.32987e-06 -6.65783e-06 -5.11536e-06 -5.23581e-07 -3.28497e-08 
0 0 0 0 0 0 0 0 0 0 0 0 0.0315155 0.0252041 0.00297323 -0.00289601 -0.00348625 -0.00275044 -0.00190189 -0.00123975 -0.000783614 -0.00040728 -0.000430913 -0.000158948 -6.64568e-05 -7.79926e-05 -4.9305e-05 -2.50923e-05 -1.50938e-05 -1.20298e-05 -9.38061e-06 -9.71615e-07 -5.89135e-08 
0 0 0 0 0 0 0 0 0 0 0 0 0 0.0332183 0.0269293 0.0031197 -0.00310796 -0.00372541 -0.00293755 -0.00202925 -0.00132296 -0.000699425 -0.000745115 -0.000277901 -0.000116553 -0.000136088 -8.67109e-05 -4.3974e-05 -2.68678e-05 -2.13174e-05 -1.67647e-05 -1.8067e-06 -1.57273e-07 
0 0 0 0 0 0 0 0 0 0 0 0 0 0 0.0347095 0.0281497 0.00326551 -0.00324696 -0.0038929 -0.00306863 -0.00212094 -0.00115314 -0.00125283 -0.000471909 -0.000199318 -0.000233247 -0.00014913 -7.58327e-05 -4.58654e-05 -3.66156e-05 -2.88565e-05 -3.16598e-06 -2.80061e-07 
0 0 0 0 0 0 0 0 0 0 0 0 0 0 5.35734e-17 0.0357047 0.028984 0.00335767 -0.00334323 -0.00400567 -0.00315895 -0.00181606 -0.00203864 -0.0007852 -0.00033279 -0.000393452 -0.000251374 -0.000127877 -7.78606e-05 -6.22635e-05 -4.8917e-05 -5.35954e-06 -4.82337e-07 
0 0 0 0 0 0 0 0 0 0 0 0 0 0 0 0 0.0368119 0.0290674 0.00335177 -0.00341742 -0.0040753 -0.00265219 -0.00317219 -0.0012651 -0.000545399 -0.000648543 -0.000417322 -0.000212895 -0.00012986 -0.000103455 -8.22488e-05 -9.08412e-06 -8.41545e-07 
0 0 0 0 0 0 0 0 0 0 0 0 0 0 0 0 0 0.034076 0.0319141 0.00399681 -0.00332947 -0.00335646 -0.00468262 -0.00201377 -0.000888218 -0.00107267 -0.00069781 -0.000360078 -0.000219628 -0.00017673 -0.000139633 -1.54414e-05 -1.45082e-06 
0 0 0 0 0 0 0 0 0 0 0 0 0 0 0 0 0 1.87824e-12 0.0371431 0.0297769 0.00340386 -0.00262528 -0.00584332 -0.0029315 -0.00134692 -0.00166648 -0.00110802 -0.000574839 -0.000353189 -0.000284903 -0.000226278 -2.52051e-05 -2.343e-06 
0 0 0 0 0 0 0 0 0 0 0 0 0 0 0 0 0 0 3.48108e-10 0.0371615 0.0301529 0.0036986 -0.00471178 -0.00390493 -0.00197297 -0.00256162 -0.00176288 -0.000934754 -0.000580804 -0.00046991 -0.000375219 -4.17898e-05 -3.97566e-06 
0 0 0 0 0 0 0 0 0 0 0 0 0 0 0 0 0 0 0 1.18921e-10 0.0372392 0.0273348 0.00581821 -0.00380919 -0.00252715 -0.00365147 -0.00270194 -0.00148191 -0.000935019 -0.000766336 -0.000616116 -6.88631e-05 -6.65465e-06 
0 0 0 0 0 0 0 0 0 0 0 0 0 0 0 0 0 0 0 0 2.65123e-10 0.0323575 0.0381075 -0.000168084 -0.00235334 -0.00444592 -0.00376052 -0.0021803 -0.0014119 -0.00117527 -0.000958854 -0.000107753 -1.03155e-05 
0 0 0 0 0 0 0 0 0 0 0 0 0 0 0 0 0 0 0 0 0 2.10751e-09 0.0457323 0.0228433 0.0023675 -0.0027062 -0.00475743 -0.00330734 -0.00229741 -0.00199097 -0.00167181 -0.000190509 -1.82008e-05 
0 0 0 0 0 0 0 0 0 0 0 0 0 0 0 0 0 0 0 0 0 0 6.10273e-09 0.0367482 0.0235963 0.0110122 -0.00277713 -0.00427198 -0.00352446 -0.00331835 -0.00294055 -0.000344788 -3.27878e-05 
0 0 0 0 0 0 0 0 0 0 0 0 0 0 0 0 0 0 0 0 0 0 0 5.60603e-08 0.0268933 0.039501 0.0049401 -0.00365489 -0.00422607 -0.00446178 -0.00420749 -0.000504155 -4.84574e-05 
0 0 0 0 0 0 0 0 0 0 0 0 0 0 0 0 0 0 0 0 0 0 0 0 6.70877e-08 0.0387587 0.0306069 0.00138599 -0.00387088 -0.00564239 -0.00605879 -0.000760789 -7.36894e-05 
0 0 0 0 0 0 0 0 0 0 0 0 0 0 0 0 0 0 0 0 0 0 0 0 0 1.90379e-07 0.0410612 0.027224 0.00259322 -0.00563516 -0.00929518 -0.00130039 -0.000127995 
0 0 0 0 0 0 0 0 0 0 0 0 0 0 0 0 0 0 0 0 0 0 0 0 0 0 6.18137e-07 0.0379394 0.0297896 0.00194312 -0.0125172 -0.00217201 -0.000215805 
0 0 0 0 0 0 0 0 0 0 0 0 0 0 0 0 0 0 0 0 0 0 0 0 0 0 0 1.65295e-06 0.0382217 0.0325333 -0.0119028 -0.00344181 -0.000353524 
0 0 0 0 0 0 0 0 0 0 0 0 0 0 0 0 0 0 0 0 0 0 0 0 0 0 0 0 1.42304e-05 0.047625 0.0143637 -0.00581288 -0.000644216 
0 0 0 0 0 0 0 0 0 0 0 0 0 0 0 0 0 0 0 0 0 0 0 0 0 0 0 0 0 2.09096e-05 0.0635489 -0.00479633 -0.00209296 
0 0 0 0 0 0 0 0 0 0 0 0 0 0 0 0 0 0 0 0 0 0 0 0 0 0 0 0 0 0 0.000378678 0.0573749 -0.00223232 
0 0 0 0 0 0 0 0 0 0 0 0 0 0 0 0 0 0 0 0 0 0 0 0 0 0 0 0 0 0 -1.92994e-16 0.00352585 0.0416141 
);

P3 (
0.0236635 0.00106166 -0.000326009 -0.000640904 -0.000308236 -0.000128443 -0.000115312 -2.41817e-05 -1.73968e-05 -6.48614e-06 -1.21752e-06 -1.38624e-06 -3.68005e-06 -5.46237e-06 -2.37426e-07 -3.02144e-07 -1.17877e-07 -4.42624e-07 -2.2628e-10 -4.07716e-10 -5.20143e-12 7.80548e-11 -1.66974e-18 -3.96495e-14 -1.91572e-19 -9.39049e-17 -5.3827e-11 0 0 0 0 0 0 
0 0.0174607 0.00278532 -0.000707343 -0.000724953 -0.000458413 -0.000244368 -0.00013807 -7.22019e-05 -2.75571e-05 -1.65984e-05 -5.99789e-06 -3.66599e-06 -1.5832e-06 -1.23431e-06 -1.74574e-07 -3.1792e-07 -1.34747e-07 -1.09643e-08 -1.21241e-07 -6.33946e-08 -9.44322e-09 -7.92273e-09 -1.49965e-09 -1.44329e-10 -3.64216e-10 -7.24699e-09 -9.83403e-10 -1.133e-13 -8.8436e-09 -9.85026e-11 0 0 
0 0 0.0223847 0.000964594 -0.00105488 -0.000949602 -0.000582293 -0.000311109 -0.000158195 -7.66347e-05 -3.82455e-05 -1.92643e-05 -9.20751e-06 -4.47365e-06 -2.07552e-06 -1.20161e-06 -6.11757e-07 -3.82851e-07 -2.44171e-07 -9.99472e-08 -7.90166e-08 -3.94182e-08 -7.59499e-08 -3.20667e-08 -1.3598e-08 -1.178e-08 -1.54619e-08 -1.44922e-08 3.85822e-09 -1.74873e-10 -2.04616e-09 0 0 
0 0 0 0.016 0.00111403 -0.00145835 -0.00136429 -0.000838272 -0.000454591 -0.000230405 -0.000114066 -5.53049e-05 -2.70683e-05 -1.34061e-05 -6.31571e-06 -3.30759e-06 -1.64293e-06 -8.87542e-07 -5.29358e-07 -2.92167e-07 -1.83276e-07 -1.01411e-07 -1.1512e-07 -5.41182e-08 -2.43769e-08 -3.645e-08 -2.42752e-08 -2.14566e-08 -1.99243e-08 -1.32916e-08 -1.13802e-08 -2.09062e-12 0 
0 0 0 0 0.0142366 0.000493221 -0.00195677 -0.00164036 -0.000980395 -0.000525568 -0.000266273 -0.000130754 -6.37088e-05 -3.10406e-05 -1.50443e-05 -7.39648e-06 -3.72271e-06 -1.91932e-06 -1.03344e-06 -5.92185e-07 -3.50978e-07 -1.83661e-07 -2.13068e-07 -9.56002e-08 -4.51902e-08 -6.46135e-08 -5.19239e-08 -3.39571e-08 -2.47848e-08 -2.24181e-08 -2.35117e-08 7.78385e-10 0 
0 0 0 0 0 0.0118978 -0.00177649 -0.00251761 -0.00214914 -0.00129275 -0.000691222 -0.000350272 -0.000172869 -8.4303e-05 -4.11074e-05 -1.98591e-05 -9.7405e-06 -4.88742e-06 -2.51489e-06 -1.37993e-06 -7.6773e-07 -3.86094e-07 -4.15852e-07 -1.77776e-07 -8.49405e-08 -1.12352e-07 -9.0512e-08 -5.72085e-08 -4.33437e-08 -4.60815e-08 -4.97562e-08 -7.65914e-10 -1.88127e-12 
0 0 0 0 0 0 0.00768697 0.000724994 -0.0033189 -0.00284027 -0.00170864 -0.000913902 -0.000463304 -0.000228464 -0.000111478 -5.41613e-05 -2.62332e-05 -1.29245e-05 -6.47298e-06 -3.36433e-06 -1.80009e-06 -8.45007e-07 -8.72485e-07 -3.37475e-07 -1.57088e-07 -2.026e-07 -1.59223e-07 -9.78273e-08 -7.25409e-08 -7.64961e-08 -9.55634e-08 -6.76493e-09 6.50431e-10 
0 0 0 0 0 0 0 0.0116619 0.00329664 -0.00426295 -0.00372355 -0.00225007 -0.00120605 -0.000612053 -0.000301737 -0.000147166 -7.14076e-05 -3.47901e-05 -1.71033e-05 -8.57262e-06 -4.42813e-06 -1.97905e-06 -1.92258e-06 -6.94914e-07 -2.90549e-07 -3.81622e-07 -2.83244e-07 -1.73731e-07 -1.29796e-07 -1.31957e-07 -1.72844e-07 -2.37343e-08 1.27076e-09 
0 0 0 0 0 0 0 0 0.0124821 0.00352992 -0.00549844 -0.00467627 -0.00280794 -0.00150046 -0.000759796 -0.000374854 -0.00018278 -8.86801e-05 -4.31023e-05 -2.12791e-05 -1.0602e-05 -4.65339e-06 -4.24626e-06 -1.42027e-06 -5.95399e-07 -7.25404e-07 -5.02902e-07 -3.06985e-07 -2.15213e-07 -2.23195e-07 -2.82156e-07 -5.027e-08 -3.19542e-10 
0 0 0 0 0 0 0 0 0 0.0158229 0.0039328 -0.00685731 -0.00575901 -0.00344525 -0.00183816 -0.00093125 -0.000459315 -0.000224013 -0.000108448 -5.28004e-05 -2.59859e-05 -1.10646e-05 -9.75144e-06 -3.06005e-06 -1.21312e-06 -1.41546e-06 -9.26276e-07 -5.2135e-07 -3.65459e-07 -3.58632e-07 -4.55778e-07 -9.54688e-08 -7.20849e-09 
0 0 0 0 0 0 0 0 0 0 0.0184325 0.00548566 -0.00822419 -0.00699262 -0.00419715 -0.00224323 -0.00113598 -0.000560193 -0.000273069 -0.000132791 -6.44888e-05 -2.71087e-05 -2.30507e-05 -6.88314e-06 -2.59133e-06 -2.89007e-06 -1.79097e-06 -9.45417e-07 -6.44002e-07 -6.17369e-07 -7.48753e-07 -1.55074e-07 -5.32358e-09 
0 0 0 0 0 0 0 0 0 0 0 0.0213878 0.00590014 -0.00944226 -0.00796965 -0.00477722 -0.00255071 -0.00129181 -0.000636975 -0.000310292 -0.000150786 -6.24082e-05 -5.22383e-05 -1.50086e-05 -5.53411e-06 -5.83428e-06 -3.41182e-06 -1.70391e-06 -1.06883e-06 -9.9037e-07 -1.14581e-06 -2.59985e-07 -3.43751e-08 
0 0 0 0 0 0 0 0 0 0 0 0 0.0235464 0.00659178 -0.0104248 -0.00881002 -0.00528199 -0.00281888 -0.00142732 -0.000704162 -0.000343076 -0.000142023 -0.000117595 -3.30256e-05 -1.17917e-05 -1.21302e-05 -6.64962e-06 -3.13307e-06 -1.87015e-06 -1.58854e-06 -1.70718e-06 -3.49838e-07 -4.11964e-08 
0 0 0 0 0 0 0 0 0 0 0 0 0 0.0253662 0.00681167 -0.0111598 -0.00940278 -0.00563088 -0.00300576 -0.00152076 -0.000750441 -0.000312244 -0.000256783 -7.14393e-05 -2.51378e-05 -2.51092e-05 -1.32729e-05 -5.88718e-06 -3.3372e-06 -2.63476e-06 -2.56513e-06 -5.1678e-07 -5.12964e-08 
0 0 0 0 0 0 0 0 0 0 0 0 0 0 0.0264885 0.00715317 -0.0116669 -0.00982625 -0.00588496 -0.00314013 -0.00158946 -0.000668645 -0.000552937 -0.000152853 -5.34372e-05 -5.26468e-05 -2.70442e-05 -1.14627e-05 -6.1217e-06 -4.50464e-06 -3.93321e-06 -7.3339e-07 -6.86402e-08 
0 0 0 0 0 0 0 0 0 0 0 0 0 0 5.35725e-17 0.0272724 0.00736928 -0.0120041 -0.0101147 -0.00605496 -0.00323221 -0.00139401 -0.00116763 -0.000324774 -0.000112694 -0.00011068 -5.55745e-05 -2.27567e-05 -1.1731e-05 -8.18452e-06 -6.13482e-06 -9.97212e-07 -1.20448e-07 
0 0 0 0 0 0 0 0 0 0 0 0 0 0 0 0 0.0279778 0.0072194 -0.0122395 -0.0102769 -0.00614514 -0.0027861 -0.00239818 -0.000675776 -0.000236083 -0.000230975 -0.00011489 -4.60965e-05 -2.30356e-05 -1.51899e-05 -1.03161e-05 -1.43607e-06 -1.5108e-07 
0 0 0 0 0 0 0 0 0 0 0 0 0 0 0 0 0 0.0264869 0.00950165 -0.012221 -0.0105686 -0.00538171 -0.00491534 -0.00143251 -0.000504716 -0.000495733 -0.000245695 -9.80011e-05 -4.78931e-05 -3.0582e-05 -1.83187e-05 -2.03471e-06 -1.73172e-07 
0 0 0 0 0 0 0 0 0 0 0 0 0 0 0 0 0 1.878e-12 0.0284153 0.00734774 -0.0124337 -0.00870853 -0.00895415 -0.00278298 -0.00099788 -0.000990067 -0.000494536 -0.000195579 -9.49102e-05 -5.9233e-05 -3.27407e-05 -2.92669e-06 -2.85708e-07 
0 0 0 0 0 0 0 0 0 0 0 0 0 0 0 0 0 0 3.48105e-10 0.0284672 0.00759163 -0.00992846 -0.0149232 -0.00534819 -0.00199534 -0.00202155 -0.00102297 -0.00040746 -0.000197352 -0.00012126 -6.32231e-05 -4.62451e-06 -3.04655e-07 
0 0 0 0 0 0 0 0 0 0 0 0 0 0 0 0 0 0 0 1.18911e-10 0.028515 0.0091826 -0.0169508 -0.00926716 -0.00375971 -0.00397013 -0.0020755 -0.00083795 -0.000406716 -0.000248906 -0.000124922 -7.60374e-06 -4.96676e-07 
0 0 0 0 0 0 0 0 0 0 0 0 0 0 0 0 0 0 0 0 2.6502e-10 0.0258114 0.00661917 -0.0124938 -0.00608028 -0.00691362 -0.00380669 -0.00157446 -0.000772354 -0.000473287 -0.000234072 -1.22835e-05 -7.28534e-07 
0 0 0 0 0 0 0 0 0 0 0 0 0 0 0 0 0 0 0 0 0 2.10539e-09 0.0318901 0.0018916 -0.00734423 -0.0117748 -0.00772825 -0.00344426 -0.00174451 -0.00108677 -0.000533446 -2.4929e-05 -1.24288e-06 
0 0 0 0 0 0 0 0 0 0 0 0 0 0 0 0 0 0 0 0 0 0 6.09643e-09 0.0283498 0.0102156 -0.0101328 -0.0134728 -0.00713659 -0.00385809 -0.00248972 -0.00124099 -5.40743e-05 -2.26751e-06 
0 0 0 0 0 0 0 0 0 0 0 0 0 0 0 0 0 0 0 0 0 0 0 5.59877e-08 0.0219751 0.0160274 -0.0144378 -0.0105826 -0.00625792 -0.00422309 -0.00215534 -9.15085e-05 -3.7615e-06 
0 0 0 0 0 0 0 0 0 0 0 0 0 0 0 0 0 0 0 0 0 0 0 0 6.69192e-08 0.0293558 0.00489132 -0.0127892 -0.00973156 -0.00725306 -0.00390568 -0.000165761 -5.88623e-06 
0 0 0 0 0 0 0 0 0 0 0 0 0 0 0 0 0 0 0 0 0 0 0 0 0 1.89627e-07 0.0303969 0.00474749 -0.012531 -0.0133037 -0.00828412 -0.000363794 -1.23595e-05 
0 0 0 0 0 0 0 0 0 0 0 0 0 0 0 0 0 0 0 0 0 0 0 0 0 0 6.13863e-07 0.0289728 0.00701318 -0.0178983 -0.0162227 -0.000786684 -2.63184e-05 
0 0 0 0 0 0 0 0 0 0 0 0 0 0 0 0 0 0 0 0 0 0 0 0 0 0 0 1.634e-06 0.0290636 0.00121584 -0.0270279 -0.00160888 -5.19154e-05 
0 0 0 0 0 0 0 0 0 0 0 0 0 0 0 0 0 0 0 0 0 0 0 0 0 0 0 0 9.76906e-06 0.0324413 -0.0258227 -0.00384176 -0.0001286 
0 0 0 0 0 0 0 0 0 0 0 0 0 0 0 0 0 0 0 0 0 0 0 0 0 0 0 0 0 1.26899e-05 0.021928 -0.0143837 -0.00090262 
0 0 0 0 0 0 0 0 0 0 0 0 0 0 0 0 0 0 0 0 0 0 0 0 0 0 0 0 0 0 0.00026904 0.020746 -0.00533522 
0 0 0 0 0 0 0 0 0 0 0 0 0 0 0 0 0 0 0 0 0 0 0 0 0 0 0 0 0 0 -5.54245e-17 0.00048127 0.0177001 
);

