numberOfGroups 33;

capture(0.00993454 0.00556566 0.00195597 0.000353273 0.000991264 0.00225282 0.00254592 0.00229866 0.00240694 0.00298326 0.00408624 0.00610755 0.00838429 0.00988102 0.0111304 0.0119924 0.012172 0.0140003 0.0122762 0.0170838 0.0164743 0.0133356 0.0210507 0.0302817 0.0173582 0.021796 0.058217 0.0753673 0.0117009 0.118117 0.010282 0.0170311 0.0369742 );

fission(0.020415 0.0170534 0.0106765 0.0111989 0.00982385 0.00060193 3.7316e-05 6.28395e-06 3.18745e-06 2.26358e-06 7.80144e-07 1.40475e-06 8.20875e-07 1.47911e-06 1.11329e-06 1.52606e-06 4.54295e-10 9.68023e-11 2.61678e-09 6.73378e-06 1.01921e-05 4.41174e-08 3.19984e-08 5.46263e-09 3.33455e-08 5.07994e-08 3.49339e-08 2.06435e-07 3.05256e-08 8.61846e-08 7.95719e-08 1.64396e-07 3.64265e-07 );

chi(0 0 0 0 1 0 0 0 0 0 0 0 0 0 0 0 0 0 0 0 0 0 0 0 0 0 0 0 0 0 0 0 0 );

nu(4.00533 3.4676 3.01168 2.75666 2.64265 2.55101 2.49156 2.45633 2.43788 2.42568 2.41766 2.41388 2.41152 2.40974 2.40887 2.40843 2.40813 2.40789 2.40773 2.40772 2.40767 2.4076 2.4076 2.4076 2.4076 2.4076 2.4076 2.4076 2.4076 2.4076 2.4076 2.4076 2.4076 );

scatteringMultiplicity ( 1.0 1.0 1.0 1.0 1.0 1.0 1.0 1.0 1.0 1.0 1.0 1.0 1.0 1.0 1.0 1.0 1.0 1.0 1.0 1.0 1.0 1.0 1.0 1.0 1.0 1.0 1.0 1.0 1.0 1.0 1.0 1.0 1.0 
1.0 1.0 1.0 1.0 1.0 1.0 1.0 1.0 1.0 1.0 1.0 1.0 1.0 1.0 1.0 1.0 1.0 1.0 1.0 1.0 1.0 1.0 1.0 1.0 1.0 1.0 1.0 1.0 1.0 1.0 1.0 1.0 1.0 
1.0 1.0 1.0 1.0 1.0 1.0 1.0 1.0 1.0 1.0 1.0 1.0 1.0 1.0 1.0 1.0 1.0 1.0 1.0 1.0 1.0 1.0 1.0 1.0 1.0 1.0 1.0 1.0 1.0 1.0 1.0 1.0 1.0 
1.0 1.0 1.0 1.0 1.0 1.0 1.0 1.0 1.0 1.0 1.0 1.0 1.0 1.0 1.0 1.0 1.0 1.0 1.0 1.0 1.0 1.0 1.0 1.0 1.0 1.0 1.0 1.0 1.0 1.0 1.0 1.0 1.0 
1.0 1.0 1.0 1.0 1.0 1.0 1.0 1.0 1.0 1.0 1.0 1.0 1.0 1.0 1.0 1.0 1.0 1.0 1.0 1.0 1.0 1.0 1.0 1.0 1.0 1.0 1.0 1.0 1.0 1.0 1.0 1.0 1.0 
1.0 1.0 1.0 1.0 1.0 1.0 1.0 1.0 1.0 1.0 1.0 1.0 1.0 1.0 1.0 1.0 1.0 1.0 1.0 1.0 1.0 1.0 1.0 1.0 1.0 1.0 1.0 1.0 1.0 1.0 1.0 1.0 1.0 
1.0 1.0 1.0 1.0 1.0 1.0 1.0 1.0 1.0 1.0 1.0 1.0 1.0 1.0 1.0 1.0 1.0 1.0 1.0 1.0 1.0 1.0 1.0 1.0 1.0 1.0 1.0 1.0 1.0 1.0 1.0 1.0 1.0 
1.0 1.0 1.0 1.0 1.0 1.0 1.0 1.0 1.0 1.0 1.0 1.0 1.0 1.0 1.0 1.0 1.0 1.0 1.0 1.0 1.0 1.0 1.0 1.0 1.0 1.0 1.0 1.0 1.0 1.0 1.0 1.0 1.0 
1.0 1.0 1.0 1.0 1.0 1.0 1.0 1.0 1.0 1.0 1.0 1.0 1.0 1.0 1.0 1.0 1.0 1.0 1.0 1.0 1.0 1.0 1.0 1.0 1.0 1.0 1.0 1.0 1.0 1.0 1.0 1.0 1.0 
1.0 1.0 1.0 1.0 1.0 1.0 1.0 1.0 1.0 1.0 1.0 1.0 1.0 1.0 1.0 1.0 1.0 1.0 1.0 1.0 1.0 1.0 1.0 1.0 1.0 1.0 1.0 1.0 1.0 1.0 1.0 1.0 1.0 
1.0 1.0 1.0 1.0 1.0 1.0 1.0 1.0 1.0 1.0 1.0 1.0 1.0 1.0 1.0 1.0 1.0 1.0 1.0 1.0 1.0 1.0 1.0 1.0 1.0 1.0 1.0 1.0 1.0 1.0 1.0 1.0 1.0 
1.0 1.0 1.0 1.0 1.0 1.0 1.0 1.0 1.0 1.0 1.0 1.0 1.0 1.0 1.0 1.0 1.0 1.0 1.0 1.0 1.0 1.0 1.0 1.0 1.0 1.0 1.0 1.0 1.0 1.0 1.0 1.0 1.0 
1.0 1.0 1.0 1.0 1.0 1.0 1.0 1.0 1.0 1.0 1.0 1.0 1.0 1.0 1.0 1.0 1.0 1.0 1.0 1.0 1.0 1.0 1.0 1.0 1.0 1.0 1.0 1.0 1.0 1.0 1.0 1.0 1.0 
1.0 1.0 1.0 1.0 1.0 1.0 1.0 1.0 1.0 1.0 1.0 1.0 1.0 1.0 1.0 1.0 1.0 1.0 1.0 1.0 1.0 1.0 1.0 1.0 1.0 1.0 1.0 1.0 1.0 1.0 1.0 1.0 1.0 
1.0 1.0 1.0 1.0 1.0 1.0 1.0 1.0 1.0 1.0 1.0 1.0 1.0 1.0 1.0 1.0 1.0 1.0 1.0 1.0 1.0 1.0 1.0 1.0 1.0 1.0 1.0 1.0 1.0 1.0 1.0 1.0 1.0 
1.0 1.0 1.0 1.0 1.0 1.0 1.0 1.0 1.0 1.0 1.0 1.0 1.0 1.0 1.0 1.0 1.0 1.0 1.0 1.0 1.0 1.0 1.0 1.0 1.0 1.0 1.0 1.0 1.0 1.0 1.0 1.0 1.0 
1.0 1.0 1.0 1.0 1.0 1.0 1.0 1.0 1.0 1.0 1.0 1.0 1.0 1.0 1.0 1.0 1.0 1.0 1.0 1.0 1.0 1.0 1.0 1.0 1.0 1.0 1.0 1.0 1.0 1.0 1.0 1.0 1.0 
1.0 1.0 1.0 1.0 1.0 1.0 1.0 1.0 1.0 1.0 1.0 1.0 1.0 1.0 1.0 1.0 1.0 1.0 1.0 1.0 1.0 1.0 1.0 1.0 1.0 1.0 1.0 1.0 1.0 1.0 1.0 1.0 1.0 
1.0 1.0 1.0 1.0 1.0 1.0 1.0 1.0 1.0 1.0 1.0 1.0 1.0 1.0 1.0 1.0 1.0 1.0 1.0 1.0 1.0 1.0 1.0 1.0 1.0 1.0 1.0 1.0 1.0 1.0 1.0 1.0 1.0 
1.0 1.0 1.0 1.0 1.0 1.0 1.0 1.0 1.0 1.0 1.0 1.0 1.0 1.0 1.0 1.0 1.0 1.0 1.0 1.0 1.0 1.0 1.0 1.0 1.0 1.0 1.0 1.0 1.0 1.0 1.0 1.0 1.0 
1.0 1.0 1.0 1.0 1.0 1.0 1.0 1.0 1.0 1.0 1.0 1.0 1.0 1.0 1.0 1.0 1.0 1.0 1.0 1.0 1.0 1.0 1.0 1.0 1.0 1.0 1.0 1.0 1.0 1.0 1.0 1.0 1.0 
1.0 1.0 1.0 1.0 1.0 1.0 1.0 1.0 1.0 1.0 1.0 1.0 1.0 1.0 1.0 1.0 1.0 1.0 1.0 1.0 1.0 1.0 1.0 1.0 1.0 1.0 1.0 1.0 1.0 1.0 1.0 1.0 1.0 
1.0 1.0 1.0 1.0 1.0 1.0 1.0 1.0 1.0 1.0 1.0 1.0 1.0 1.0 1.0 1.0 1.0 1.0 1.0 1.0 1.0 1.0 1.0 1.0 1.0 1.0 1.0 1.0 1.0 1.0 1.0 1.0 1.0 
1.0 1.0 1.0 1.0 1.0 1.0 1.0 1.0 1.0 1.0 1.0 1.0 1.0 1.0 1.0 1.0 1.0 1.0 1.0 1.0 1.0 1.0 1.0 1.0 1.0 1.0 1.0 1.0 1.0 1.0 1.0 1.0 1.0 
1.0 1.0 1.0 1.0 1.0 1.0 1.0 1.0 1.0 1.0 1.0 1.0 1.0 1.0 1.0 1.0 1.0 1.0 1.0 1.0 1.0 1.0 1.0 1.0 1.0 1.0 1.0 1.0 1.0 1.0 1.0 1.0 1.0 
1.0 1.0 1.0 1.0 1.0 1.0 1.0 1.0 1.0 1.0 1.0 1.0 1.0 1.0 1.0 1.0 1.0 1.0 1.0 1.0 1.0 1.0 1.0 1.0 1.0 1.0 1.0 1.0 1.0 1.0 1.0 1.0 1.0 
1.0 1.0 1.0 1.0 1.0 1.0 1.0 1.0 1.0 1.0 1.0 1.0 1.0 1.0 1.0 1.0 1.0 1.0 1.0 1.0 1.0 1.0 1.0 1.0 1.0 1.0 1.0 1.0 1.0 1.0 1.0 1.0 1.0 
1.0 1.0 1.0 1.0 1.0 1.0 1.0 1.0 1.0 1.0 1.0 1.0 1.0 1.0 1.0 1.0 1.0 1.0 1.0 1.0 1.0 1.0 1.0 1.0 1.0 1.0 1.0 1.0 1.0 1.0 1.0 1.0 1.0 
1.0 1.0 1.0 1.0 1.0 1.0 1.0 1.0 1.0 1.0 1.0 1.0 1.0 1.0 1.0 1.0 1.0 1.0 1.0 1.0 1.0 1.0 1.0 1.0 1.0 1.0 1.0 1.0 1.0 1.0 1.0 1.0 1.0 
1.0 1.0 1.0 1.0 1.0 1.0 1.0 1.0 1.0 1.0 1.0 1.0 1.0 1.0 1.0 1.0 1.0 1.0 1.0 1.0 1.0 1.0 1.0 1.0 1.0 1.0 1.0 1.0 1.0 1.0 1.0 1.0 1.0 
1.0 1.0 1.0 1.0 1.0 1.0 1.0 1.0 1.0 1.0 1.0 1.0 1.0 1.0 1.0 1.0 1.0 1.0 1.0 1.0 1.0 1.0 1.0 1.0 1.0 1.0 1.0 1.0 1.0 1.0 1.0 1.0 1.0 
1.0 1.0 1.0 1.0 1.0 1.0 1.0 1.0 1.0 1.0 1.0 1.0 1.0 1.0 1.0 1.0 1.0 1.0 1.0 1.0 1.0 1.0 1.0 1.0 1.0 1.0 1.0 1.0 1.0 1.0 1.0 1.0 1.0 
1.0 1.0 1.0 1.0 1.0 1.0 1.0 1.0 1.0 1.0 1.0 1.0 1.0 1.0 1.0 1.0 1.0 1.0 1.0 1.0 1.0 1.0 1.0 1.0 1.0 1.0 1.0 1.0 1.0 1.0 1.0 1.0 1.0 
 ); 

P0 (
0.0808434 0.0189191 0.00751889 0.00868771 0.00705718 0.00788117 0.00685169 0.00436061 0.00224814 0.00104637 0.00038483 0.000212936 0.000103034 4.12134e-05 2.12936e-05 1.03034e-05 2.06067e-06 6.18201e-06 0 0 0 0 0 0 0 0 0 0 0 0 0 0 0 
0 0.0952873 0.0171816 0.00345207 0.00934274 0.0115736 0.0088866 0.0053067 0.00284359 0.00133363 0.000576686 0.000259221 0.00011893 5.9486e-05 2.38865e-05 1.13889e-05 5.5016e-06 1.88896e-06 8.81516e-07 1.03893e-06 5.98171e-07 3.77792e-07 5.66689e-07 1.88896e-07 0 9.44481e-08 0 9.44481e-08 0 0 0 0 0 
0 0 0.14356 0.02302 0.00507304 0.0104615 0.0123307 0.00976755 0.00572885 0.00270982 0.00112434 0.000437215 0.000174331 7.69927e-05 3.71895e-05 1.73274e-05 8.24334e-06 3.57791e-06 1.7689e-06 7.65595e-07 6.90903e-07 2.4275e-07 2.05403e-07 1.12038e-07 7.46922e-08 3.73461e-08 1.8673e-08 1.8673e-08 0 0 0 0 0 
0 0 0 0.138103 0.0169463 0.0138257 0.0128396 0.00931971 0.00515985 0.00237527 0.000985802 0.000386062 0.000157038 6.83825e-05 3.23187e-05 1.48831e-05 7.01979e-06 3.5265e-06 1.56769e-06 7.13094e-07 4.54264e-07 1.9201e-07 1.86306e-07 3.13679e-08 2.2813e-08 5.30377e-08 2.2813e-08 0 7.60434e-09 0 0 0 0 
0 0 0 0 0.14965 0.0234319 0.0163324 0.0105311 0.00480552 0.00200482 0.000811386 0.000316687 0.000131058 5.66868e-05 2.67343e-05 1.25307e-05 5.93516e-06 2.78484e-06 1.15628e-06 5.59522e-07 3.51591e-07 1.63262e-07 1.95156e-07 6.86503e-08 2.98998e-08 2.79059e-08 1.64579e-08 9.51109e-09 3.91633e-09 1.67843e-09 2.79738e-09 5.59476e-10 0 
0 0 0 0 0 0.213658 0.058991 0.00527985 0.0073402 0.00483775 0.00168036 0.000619532 0.000219503 0.000100813 4.36394e-05 1.99674e-05 8.96827e-06 3.94774e-06 1.69723e-06 7.44998e-07 3.32531e-07 9.05037e-08 5.58056e-08 1.93073e-08 1.14725e-08 6.97192e-09 3.48596e-09 0 0 1.74298e-09 0 0 0 
0 0 0 0 0 0 0.245378 0.036051 1.90007e-05 0.000295675 0.000526651 0.000306433 0.00016289 7.2272e-05 3.3118e-05 1.49814e-05 6.09169e-06 2.37599e-06 9.55602e-07 3.91999e-07 1.60074e-07 5.61703e-08 3.11292e-08 5.91616e-09 1.52813e-09 2.27152e-09 1.52813e-09 0 0 0 0 0 0 
0 0 0 0 0 0 0 0.36092 0.0642398 0.000205573 7.25001e-07 2.50206e-07 1.32983e-07 8.09469e-08 2.54861e-08 1.66029e-08 7.2861e-09 4.17872e-09 3.88384e-09 1.04468e-09 1.01691e-09 3.48227e-10 0 0 0 0 0 0 0 0 0 0 0 
0 0 0 0 0 0 0 0 0.2997 0.0474089 9.82812e-05 3.0291e-05 4.86402e-06 0 0 0 0 0 0 0 0 0 0 0 0 0 0 0 0 0 0 0 0 
0 0 0 0 0 0 0 0 0 0.325566 0.0458549 0.000335918 4.96105e-06 3.22306e-06 1.06525e-06 3.65495e-07 1.46575e-07 4.48606e-08 1.72156e-08 2.62559e-09 2.56617e-09 1.71078e-09 1.49177e-09 0 0 0 0 0 0 0 0 0 0 
0 0 0 0 0 0 0 0 0 0 0.346102 0.0427839 0.0025089 0.000351036 0 0 0 0 0 0 0 0 0 0 0 0 0 0 0 0 0 0 0 
0 0 0 0 0 0 0 0 0 0 0 0.366257 0.0383792 0.000946234 0.000570632 0.000225576 8.74144e-05 3.30774e-05 1.22642e-05 4.54232e-06 1.71694e-06 5.60534e-07 3.08451e-07 6.05038e-08 1.45548e-08 1.51965e-08 5.23373e-09 9.05197e-10 0 0 0 0 0 
0 0 0 0 0 0 0 0 0 0 0 0 0.381508 0.0378649 0 0 0 0 0 0 0 0 0 0 0 0 0 0 0 0 0 0 0 
0 0 0 0 0 0 0 0 0 0 0 0 0 0.380598 0.0372706 0 0 0 0 0 0 0 0 0 0 0 0 0 0 0 0 0 0 
0 0 0 0 0 0 0 0 0 0 0 0 0 0 0.367467 0.0368467 0 0 0 0 0 0 0 0 0 0 0 0 0 0 0 0 0 
0 0 0 0 0 0 0 0 0 0 0 0 0 0 0 0.370173 0.0370058 0 0 0 0 0 0 0 0 0 0 0 0 0 0 0 0 
0 0 0 0 0 0 0 0 0 0 0 0 0 0 0 0 0.376733 0.0377513 0 0 0 0 0 0 0 0 0 0 0 0 0 0 0 
0 0 0 0 0 0 0 0 0 0 0 0 0 0 0 0 0 0.372945 0.0392402 0 0 0 0 0 0 0 0 0 0 0 0 0 0 
0 0 0 0 0 0 0 0 0 0 0 0 0 0 0 0 0 0 0.350287 0.0383967 0 0 0 0 0 0 0 0 0 0 0 0 0 
0 0 0 0 0 0 0 0 0 0 0 0 0 0 0 0 0 0 0 0.346296 0.038176 0 0 0 0 0 0 0 0 0 0 0 0 
0 0 0 0 0 0 0 0 0 0 0 0 0 0 0 0 0 0 0 0 0.346 0.0390474 0 0 0 0 0 0 0 0 0 0 0 
0 0 0 0 0 0 0 0 0 0 0 0 0 0 0 0 0 0 0 0 0 0.345563 0.0512552 0 0 0 0 0 0 0 0 0 0 
0 0 0 0 0 0 0 0 0 0 0 0 0 0 0 0 0 0 0 0 0 0 0.392532 0.0266093 0 0 0 0 0 0 0 0 0 
0 0 0 0 0 0 0 0 0 0 0 0 0 0 0 0 0 0 0 0 0 0 0 0.391581 0.0364311 0 0 0 0 0 0 0 0 
0 0 0 0 0 0 0 0 0 0 0 0 0 0 0 0 0 0 0 0 0 0 0 0 0.317118 0.0712857 0 0 0 0 0 0 0 
0 0 0 0 0 0 0 0 0 0 0 0 0 0 0 0 0 0 0 0 0 0 0 0 0 0.36461 0.0439715 0 0 0 0 0 0 
0 0 0 0 0 0 0 0 0 0 0 0 0 0 0 0 0 0 0 0 0 0 0 0 0 0 0.379094 0.0401534 0 0 0 0 0 
0 0 0 0 0 0 0 0 0 0 0 0 0 0 0 0 0 0 0 0 0 0 0 0 0 0 0 0.288531 0.050654 0 0 0 0 
0 0 0 0 0 0 0 0 0 0 0 0 0 0 0 0 0 0 0 0 0 0 0 0 0 0 0 0 0.303683 0.040304 0 0 0 
0 0 0 0 0 0 0 0 0 0 0 0 0 0 0 0 0 0 0 0 0 0 0 0 0 0 0 0 0.000346966 0.322416 0.0295805 0 0 
0 0 0 0 0 0 0 0 0 0 0 0 0 0 0 0 0 0 0 0 0 0 0 0 0 0 0 0 0 0.000108112 0.328243 0.00776581 0 
0 0 0 0 0 0 0 0 0 0 0 0 0 0 0 0 0 0 0 0 0 0 0 0 0 0 0 0 0 0 0.00285184 0.332701 0.00656732 
0 0 0 0 0 0 0 0 0 0 0 0 0 0 0 0 0 0 0 0 0 0 0 0 0 0 0 0 0 0 0 0.0212322 0.323934 
);

P1 (
0.0645418 -0.00170336 0.00197227 0.00016131 -9.67463e-05 0.00022465 0.000141408 4.54503e-07 -2.33478e-05 7.09623e-06 1.3508e-05 1.29981e-05 8.68503e-06 1.16947e-05 3.78463e-06 -4.58943e-07 -1.99179e-06 7.02158e-07 0 0 0 0 0 0 0 0 0 0 0 0 0 0 0 
0 0.0701808 -0.00257574 0.000315914 0.000410372 0.000258059 -1.24603e-05 3.3309e-05 1.3926e-06 -1.67984e-05 -3.50207e-06 -2.93731e-06 1.62981e-06 -7.95396e-07 6.13449e-07 3.65868e-08 4.42109e-07 4.53912e-07 1.886e-07 1.35975e-07 2.49457e-09 -5.002e-08 8.1568e-08 1.76268e-07 0 8.50535e-08 0 -3.74839e-08 0 0 0 0 0 
0 0 0.0997905 -0.00221791 0.000126365 0.0001804 0.000143255 9.11199e-05 2.18422e-05 -5.69111e-06 -4.20661e-06 -8.62704e-06 -2.76831e-06 1.13773e-07 -1.58755e-07 5.70726e-07 -2.00748e-07 5.6144e-08 -1.24556e-07 1.58774e-07 1.01357e-07 1.98029e-08 4.28759e-08 4.42687e-08 5.29053e-08 1.37678e-08 8.1318e-09 1.74827e-08 0 0 0 0 0 
0 0 0 0.0765391 -0.00216505 0.000120063 0.000112674 4.40294e-05 8.47386e-06 -2.89022e-06 9.50728e-07 -3.98559e-06 -1.17983e-06 4.86917e-07 4.35147e-07 2.03834e-07 1.04003e-07 -5.89526e-08 -1.19941e-07 7.46307e-08 1.56395e-08 4.70995e-08 1.88925e-08 1.85954e-08 1.47091e-10 2.82008e-08 1.78917e-08 0 -1.43377e-09 0 0 0 0 
0 0 0 0 0.0611102 -0.00244438 -4.81237e-05 1.44021e-05 -5.30117e-06 -3.35742e-06 -2.86161e-06 -5.39686e-07 -5.66812e-07 2.90621e-07 5.33348e-08 -3.83287e-09 1.94467e-08 1.41611e-08 -8.00024e-08 2.77609e-08 3.20544e-08 1.33635e-08 3.20952e-08 7.78988e-09 5.60309e-09 7.79077e-09 6.81849e-09 1.38266e-09 -5.14501e-10 3.10714e-10 -5.29077e-11 1.44e-10 0 
0 0 0 0 0 0.0706994 -0.0160777 2.4801e-05 4.16047e-05 -3.21801e-05 -1.02892e-05 -2.32937e-06 -1.81838e-07 1.90981e-07 -1.96419e-07 -1.03489e-07 -1.19642e-08 -6.56802e-08 2.21327e-08 -2.25185e-08 -3.09665e-08 3.17982e-09 2.2098e-09 -7.17682e-09 -9.3233e-10 -1.80276e-09 -1.38359e-09 0 0 8.07404e-10 0 0 0 
0 0 0 0 0 0 0.078333 0.000243729 -1.25611e-08 8.06964e-06 -1.7658e-06 -1.80167e-06 -1.20683e-06 -6.12477e-07 -1.24752e-07 -1.76183e-07 -5.8628e-08 -4.65933e-08 -2.45269e-08 -6.54907e-09 4.99943e-10 -1.20449e-09 -1.58662e-09 2.22806e-10 -8.73171e-10 -1.26322e-10 -8.72236e-10 0 0 0 0 0 0 
0 0 0 0 0 0 0 0.0944652 -0.0225627 -6.27468e-07 -3.23125e-09 -1.98602e-08 -6.07193e-10 -4.25177e-09 -3.35361e-09 -2.53525e-09 -1.25283e-10 6.27274e-10 2.3425e-09 -6.83883e-10 -8.70623e-10 1.55193e-10 0 0 0 0 0 0 0 0 0 0 0 
0 0 0 0 0 0 0 0 0.0417382 -0.0136565 5.75171e-07 -6.93972e-08 -1.51439e-07 0 0 0 0 0 0 0 0 0 0 0 0 0 0 0 0 0 0 0 0 
0 0 0 0 0 0 0 0 0 0.0393951 -0.0123926 -3.909e-05 1.05144e-07 1.30942e-08 1.68698e-08 -1.12012e-08 -9.28356e-09 1.60058e-10 -1.85643e-09 3.53802e-11 -1.37152e-10 1.06596e-10 7.39704e-10 0 0 0 0 0 0 0 0 0 0 
0 0 0 0 0 0 0 0 0 0 0.0339257 -0.0121606 9.79261e-06 -1.24907e-05 0 0 0 0 0 0 0 0 0 0 0 0 0 0 0 0 0 0 0 
0 0 0 0 0 0 0 0 0 0 0 0.0290853 -0.0122034 1.84302e-05 -5.15407e-07 -3.6109e-08 -1.87688e-07 -6.22763e-08 -1.26282e-07 5.05106e-08 -6.3607e-09 1.53653e-10 -2.32412e-08 2.34066e-09 2.04446e-09 -5.7361e-09 4.7477e-11 2.97825e-10 0 0 0 0 0 
0 0 0 0 0 0 0 0 0 0 0 0 0.0253719 -0.0120204 0 0 0 0 0 0 0 0 0 0 0 0 0 0 0 0 0 0 0 
0 0 0 0 0 0 0 0 0 0 0 0 0 0.0226194 -0.0118648 0 0 0 0 0 0 0 0 0 0 0 0 0 0 0 0 0 0 
0 0 0 0 0 0 0 0 0 0 0 0 0 0 0.0207446 -0.011694 0 0 0 0 0 0 0 0 0 0 0 0 0 0 0 0 0 
0 0 0 0 0 0 0 0 0 0 0 0 0 0 0 0.0199344 -0.0116977 0 0 0 0 0 0 0 0 0 0 0 0 0 0 0 0 
0 0 0 0 0 0 0 0 0 0 0 0 0 0 0 0 0.0194753 -0.0116925 0 0 0 0 0 0 0 0 0 0 0 0 0 0 0 
0 0 0 0 0 0 0 0 0 0 0 0 0 0 0 0 0 0.0198081 -0.0123129 0 0 0 0 0 0 0 0 0 0 0 0 0 0 
0 0 0 0 0 0 0 0 0 0 0 0 0 0 0 0 0 0 0.0194747 -0.012156 0 0 0 0 0 0 0 0 0 0 0 0 0 
0 0 0 0 0 0 0 0 0 0 0 0 0 0 0 0 0 0 0 0.0191027 -0.0118728 0 0 0 0 0 0 0 0 0 0 0 0 
0 0 0 0 0 0 0 0 0 0 0 0 0 0 0 0 0 0 0 0 0.0194671 -0.0122731 0 0 0 0 0 0 0 0 0 0 0 
0 0 0 0 0 0 0 0 0 0 0 0 0 0 0 0 0 0 0 0 0 0.0229793 -0.0158155 0 0 0 0 0 0 0 0 0 0 
0 0 0 0 0 0 0 0 0 0 0 0 0 0 0 0 0 0 0 0 0 0 0.01545 -0.00824443 0 0 0 0 0 0 0 0 0 
0 0 0 0 0 0 0 0 0 0 0 0 0 0 0 0 0 0 0 0 0 0 0 0.0182567 -0.0109696 0 0 0 0 0 0 0 0 
0 0 0 0 0 0 0 0 0 0 0 0 0 0 0 0 0 0 0 0 0 0 0 0 0.0288461 -0.021763 0 0 0 0 0 0 0 
0 0 0 0 0 0 0 0 0 0 0 0 0 0 0 0 0 0 0 0 0 0 0 0 0 0.0210482 -0.0138205 0 0 0 0 0 0 
0 0 0 0 0 0 0 0 0 0 0 0 0 0 0 0 0 0 0 0 0 0 0 0 0 0 0.0199232 -0.0126483 0 0 0 0 0 
0 0 0 0 0 0 0 0 0 0 0 0 0 0 0 0 0 0 0 0 0 0 0 0 0 0 0 0.0219349 -0.0148157 0 0 0 0 
0 0 0 0 0 0 0 0 0 0 0 0 0 0 0 0 0 0 0 0 0 0 0 0 0 0 0 0 0.0191434 -0.0121208 0 0 0 
0 0 0 0 0 0 0 0 0 0 0 0 0 0 0 0 0 0 0 0 0 0 0 0 0 0 0 0 7.48873e-05 0.015458 -0.00847225 0 0 
0 0 0 0 0 0 0 0 0 0 0 0 0 0 0 0 0 0 0 0 0 0 0 0 0 0 0 0 0 1.20516e-05 0.00916609 -0.00215075 0 
0 0 0 0 0 0 0 0 0 0 0 0 0 0 0 0 0 0 0 0 0 0 0 0 0 0 0 0 0 0 1.1594e-05 0.00850281 -0.00155937 
0 0 0 0 0 0 0 0 0 0 0 0 0 0 0 0 0 0 0 0 0 0 0 0 0 0 0 0 0 0 0 -0.00251329 0.00953765 
);

P2 (
0.0513193 0.000164624 0.000494029 -0.000165241 7.51584e-05 9.79253e-05 -0.000119586 2.84085e-05 5.31323e-05 -4.27061e-05 1.10388e-05 1.53397e-05 2.79584e-06 1.45647e-06 -3.13548e-06 -1.17773e-06 1.85748e-06 -2.51782e-06 0 0 0 0 0 0 0 0 0 0 0 0 0 0 0 
0 0.0566023 -0.0010124 7.52225e-05 6.15977e-05 5.98093e-05 -6.41881e-06 6.44549e-05 -3.76355e-06 8.01506e-06 -1.76873e-06 2.37382e-06 1.61744e-06 -1.06995e-06 -3.93429e-07 5.99569e-08 -2.59945e-07 1.44665e-07 2.0661e-07 -5.41052e-08 -6.75215e-08 -9.11042e-09 -8.93674e-08 1.53404e-07 0 6.76661e-08 0 -2.49095e-08 0 0 0 0 0 
0 0 0.0757156 0.000135099 3.23702e-05 5.80389e-05 5.66127e-05 3.46417e-05 2.20717e-05 3.67263e-06 3.39618e-06 2.04285e-06 1.15777e-06 1.00547e-06 -1.70664e-07 3.74172e-07 -1.33443e-07 -7.5181e-08 2.24587e-08 6.73866e-08 -3.79578e-08 2.62317e-08 -1.8345e-08 1.73774e-08 2.15184e-08 3.55841e-11 -4.02462e-09 1.52158e-08 0 0 0 0 0 
0 0 0 0.0575653 0.000180148 4.88165e-05 4.78246e-05 3.66548e-05 1.15034e-05 8.48606e-06 4.20655e-06 1.3418e-06 2.0937e-06 3.98156e-07 4.53467e-07 -8.42605e-08 1.63126e-07 -1.9472e-08 6.77504e-08 5.44108e-09 -1.24622e-08 -1.70065e-08 8.27865e-09 1.94656e-09 2.3687e-09 2.73551e-08 1.1449e-08 0 -3.39668e-09 0 0 0 0 
0 0 0 0 0.0413654 0.000724393 1.69437e-05 2.50795e-05 1.42214e-05 5.61866e-06 3.50513e-06 9.35927e-07 3.93147e-07 3.25508e-07 1.02551e-07 6.68026e-09 5.67644e-08 2.58434e-09 4.5454e-08 7.16021e-09 4.95924e-09 5.35454e-09 8.11178e-09 1.48023e-09 1.32448e-09 4.51332e-09 4.21325e-09 7.49003e-10 3.69244e-10 2.26506e-10 -3.75038e-10 -2.24143e-10 0 
0 0 0 0 0 0.047313 0.00312592 8.93896e-06 4.12482e-06 2.15594e-06 5.33566e-07 -1.99542e-07 -1.89282e-07 -5.78854e-08 2.75722e-08 9.00693e-08 4.97041e-08 -3.80375e-08 9.31045e-09 -1.80043e-08 -1.43894e-08 -1.99623e-10 3.77396e-09 1.6143e-09 7.26316e-10 -2.1532e-09 6.87128e-10 0 0 -3.10467e-10 0 0 0 
0 0 0 0 0 0 0.0223866 -0.00319903 6.56071e-08 3.06213e-07 3.38224e-07 5.32689e-07 -3.03834e-07 -2.08866e-07 4.16063e-08 4.34571e-09 2.76834e-08 -1.77489e-08 2.3242e-08 -4.57471e-09 3.7074e-10 1.21302e-10 -2.31046e-09 -1.30928e-09 -1.56145e-11 -4.84186e-10 1.72127e-11 0 0 0 0 0 0 
0 0 0 0 0 0 0 0.0330114 0.00256316 2.28764e-06 -7.46379e-09 -4.38393e-09 -5.48707e-09 -2.05006e-09 4.4173e-09 6.25513e-10 -1.15502e-09 6.11314e-10 7.31506e-10 1.49199e-10 6.09612e-10 -7.03667e-11 0 0 0 0 0 0 0 0 0 0 0 
0 0 0 0 0 0 0 0 0.00597598 0.000362214 4.87589e-07 6.76149e-08 1.54025e-08 0 0 0 0 0 0 0 0 0 0 0 0 0 0 0 0 0 0 0 0 
0 0 0 0 0 0 0 0 0 0.00331383 -6.98534e-05 2.0356e-07 6.04121e-08 2.31521e-08 -9.04338e-10 -4.4698e-09 -5.06362e-09 -2.4265e-09 1.44251e-10 3.22754e-10 -6.04126e-10 4.20623e-11 -1.78443e-10 0 0 0 0 0 0 0 0 0 0 
0 0 0 0 0 0 0 0 0 0 0.00173072 -0.000267856 7.85454e-07 -1.0701e-08 0 0 0 0 0 0 0 0 0 0 0 0 0 0 0 0 0 0 0 
0 0 0 0 0 0 0 0 0 0 0 0.00100241 -0.000353788 7.93788e-07 6.16496e-07 2.32965e-07 -2.20554e-07 1.53891e-07 -1.00557e-08 -3.36257e-09 1.77726e-08 3.45487e-09 -1.67091e-09 2.61084e-09 -1.15668e-09 6.16762e-10 1.15012e-09 -3.05614e-10 0 0 0 0 0 
0 0 0 0 0 0 0 0 0 0 0 0 0.000658074 -0.000363929 0 0 0 0 0 0 0 0 0 0 0 0 0 0 0 0 0 0 0 
0 0 0 0 0 0 0 0 0 0 0 0 0 0.000565045 -0.000387335 0 0 0 0 0 0 0 0 0 0 0 0 0 0 0 0 0 0 
0 0 0 0 0 0 0 0 0 0 0 0 0 0 0.000498391 -0.000373735 0 0 0 0 0 0 0 0 0 0 0 0 0 0 0 0 0 
0 0 0 0 0 0 0 0 0 0 0 0 0 0 0 0.000497398 -0.000375578 0 0 0 0 0 0 0 0 0 0 0 0 0 0 0 0 
0 0 0 0 0 0 0 0 0 0 0 0 0 0 0 0 0.000636675 -0.000524912 0 0 0 0 0 0 0 0 0 0 0 0 0 0 0 
0 0 0 0 0 0 0 0 0 0 0 0 0 0 0 0 0 0.000556853 -0.000434024 0 0 0 0 0 0 0 0 0 0 0 0 0 0 
0 0 0 0 0 0 0 0 0 0 0 0 0 0 0 0 0 0 0.000428989 -0.000299389 0 0 0 0 0 0 0 0 0 0 0 0 0 
0 0 0 0 0 0 0 0 0 0 0 0 0 0 0 0 0 0 0 0.000631396 -0.000499532 0 0 0 0 0 0 0 0 0 0 0 0 
0 0 0 0 0 0 0 0 0 0 0 0 0 0 0 0 0 0 0 0 0.000607567 -0.000516466 0 0 0 0 0 0 0 0 0 0 0 
0 0 0 0 0 0 0 0 0 0 0 0 0 0 0 0 0 0 0 0 0 0.000926841 -0.000828651 0 0 0 0 0 0 0 0 0 0 
0 0 0 0 0 0 0 0 0 0 0 0 0 0 0 0 0 0 0 0 0 0 0.000314234 -0.000183247 0 0 0 0 0 0 0 0 0 
0 0 0 0 0 0 0 0 0 0 0 0 0 0 0 0 0 0 0 0 0 0 0 0.000604123 -0.000448951 0 0 0 0 0 0 0 0 
0 0 0 0 0 0 0 0 0 0 0 0 0 0 0 0 0 0 0 0 0 0 0 0 0.0015319 -0.00141442 0 0 0 0 0 0 0 
0 0 0 0 0 0 0 0 0 0 0 0 0 0 0 0 0 0 0 0 0 0 0 0 0 0.000800851 -0.000611217 0 0 0 0 0 0 
0 0 0 0 0 0 0 0 0 0 0 0 0 0 0 0 0 0 0 0 0 0 0 0 0 0 0.000712033 -0.000576466 0 0 0 0 0 
0 0 0 0 0 0 0 0 0 0 0 0 0 0 0 0 0 0 0 0 0 0 0 0 0 0 0 0.00132275 -0.00125109 0 0 0 0 
0 0 0 0 0 0 0 0 0 0 0 0 0 0 0 0 0 0 0 0 0 0 0 0 0 0 0 0 0.000877676 -0.000812051 0 0 0 
0 0 0 0 0 0 0 0 0 0 0 0 0 0 0 0 0 0 0 0 0 0 0 0 0 0 0 0 7.93769e-06 0.000753559 -0.00069636 0 0 
0 0 0 0 0 0 0 0 0 0 0 0 0 0 0 0 0 0 0 0 0 0 0 0 0 0 0 0 0 7.06133e-07 0.00029638 -0.000115617 0 
0 0 0 0 0 0 0 0 0 0 0 0 0 0 0 0 0 0 0 0 0 0 0 0 0 0 0 0 0 0 -9.91937e-05 0.000332339 -0.000150808 
0 0 0 0 0 0 0 0 0 0 0 0 0 0 0 0 0 0 0 0 0 0 0 0 0 0 0 0 0 0 0 -0.000909183 0.00127606 
);

P3 (
0.0426842 -3.35389e-05 0.000181881 -0.000100876 7.63203e-05 2.68484e-05 -6.74347e-06 -3.37394e-05 -1.99822e-05 1.63305e-05 -8.04202e-06 1.8266e-05 1.51715e-06 -4.76578e-06 -2.81062e-06 -3.68876e-07 -1.66446e-06 -6.65973e-07 0 0 0 0 0 0 0 0 0 0 0 0 0 0 0 
0 0.0489905 0.00169378 5.96232e-06 3.33895e-05 -4.3112e-05 1.84669e-05 -4.29263e-06 6.35129e-06 -1.51795e-06 9.61413e-07 2.4061e-06 -4.31609e-07 6.49258e-07 -4.54017e-08 -2.24872e-07 1.8811e-07 9.69573e-08 -7.70463e-08 6.25865e-08 4.14248e-08 2.9928e-08 -1.37357e-08 1.24573e-07 0 4.48568e-08 0 4.14658e-08 0 0 0 0 0 
0 0 0.0602147 0.000160882 3.19826e-07 -6.83038e-07 1.98695e-06 -2.35966e-06 -1.976e-06 -2.07458e-06 -2.37321e-06 1.26294e-06 1.05415e-06 -3.24891e-07 -5.81734e-07 -7.38997e-08 1.20122e-07 1.38544e-07 8.92405e-09 -1.67384e-08 1.93023e-08 -5.64315e-09 -2.5203e-08 -1.70316e-08 -3.6027e-09 4.47775e-09 -8.3423e-09 1.2088e-08 0 0 0 0 0 
0 0 0 0.0413798 -4.49647e-05 -1.6716e-06 -5.24112e-06 3.08158e-06 2.6152e-06 -1.1053e-06 2.67474e-06 -9.8886e-09 -2.72645e-07 8.17395e-08 1.69382e-08 7.63684e-08 -8.50905e-08 1.09444e-07 -3.28893e-08 -3.79693e-08 1.98836e-09 -9.73885e-10 2.37656e-08 -8.29464e-09 3.40032e-09 7.12402e-09 7.30134e-09 0 2.02323e-09 0 0 0 0 
0 0 0 0 0.0285127 -0.00020039 3.1969e-05 1.37301e-06 -5.8466e-07 -6.17178e-07 -3.41498e-07 -5.37742e-07 8.03933e-08 -4.06838e-08 3.1077e-08 3.97775e-08 -1.96194e-08 -7.88487e-09 1.71362e-08 6.48737e-09 -1.5712e-09 5.4723e-09 5.45821e-10 -3.75941e-10 -1.46386e-09 1.06955e-09 5.44277e-09 3.87748e-10 5.28521e-10 7.0021e-10 -4.11403e-10 -1.92151e-10 0 
0 0 0 0 0 0.0190964 -0.00339991 -1.54784e-06 -4.63077e-07 -5.17359e-07 1.08455e-06 3.15488e-07 -1.7005e-07 -1.87624e-07 3.82504e-08 -2.54081e-08 -3.27656e-08 1.41778e-08 -1.70885e-08 1.04456e-08 1.0015e-08 7.50196e-11 8.79115e-09 -8.35571e-10 -5.77127e-10 1.3973e-09 -1.65741e-09 0 0 -7.77966e-10 0 0 0 
0 0 0 0 0 0 0.00728782 -0.00157568 4.27596e-08 -4.16308e-08 -3.3406e-07 -2.82768e-07 1.855e-07 1.36255e-07 6.08947e-08 4.38798e-08 1.43336e-08 1.12997e-09 1.63862e-09 -4.28663e-09 2.49505e-09 2.0815e-09 2.14299e-09 -9.38475e-10 5.9687e-10 2.62523e-10 4.99499e-10 0 0 0 0 0 0 
0 0 0 0 0 0 0 0.00510115 -4.72601e-05 -1.8728e-08 1.29455e-08 1.1818e-08 -8.35364e-09 -8.24163e-11 8.12269e-10 2.4428e-09 1.53843e-09 -6.17448e-10 6.00742e-11 2.93137e-10 -2.89445e-10 -1.55729e-10 0 0 0 0 0 0 0 0 0 0 0 
0 0 0 0 0 0 0 0 0.000916713 -1.32783e-05 -9.17523e-09 -6.7536e-09 1.26078e-08 0 0 0 0 0 0 0 0 0 0 0 0 0 0 0 0 0 0 0 0 
0 0 0 0 0 0 0 0 0 0.000257068 -4.13114e-07 -1.42395e-08 2.25194e-08 4.70923e-08 -1.73435e-08 -4.63903e-10 2.58595e-09 1.19528e-09 8.49895e-10 3.56325e-12 -2.94466e-10 1.17631e-10 -6.11324e-10 0 0 0 0 0 0 0 0 0 0 
0 0 0 0 0 0 0 0 0 0 6.29112e-05 -2.29802e-07 1.71244e-07 3.42789e-07 0 0 0 0 0 0 0 0 0 0 0 0 0 0 0 0 0 0 0 
0 0 0 0 0 0 0 0 0 0 0 2.75347e-05 3.27107e-06 -5.00922e-07 -8.81339e-08 -1.82069e-07 -7.07067e-08 -5.67262e-08 3.42062e-08 -3.57852e-08 1.84976e-08 1.20395e-08 3.13819e-09 1.24317e-09 3.52348e-10 1.57315e-09 -9.6766e-10 -3.66137e-10 0 0 0 0 0 
0 0 0 0 0 0 0 0 0 0 0 0 1.05844e-05 3.31384e-06 0 0 0 0 0 0 0 0 0 0 0 0 0 0 0 0 0 0 0 
0 0 0 0 0 0 0 0 0 0 0 0 0 -2.02886e-05 2.50321e-05 0 0 0 0 0 0 0 0 0 0 0 0 0 0 0 0 0 0 
0 0 0 0 0 0 0 0 0 0 0 0 0 0 1.14956e-05 1.54201e-05 0 0 0 0 0 0 0 0 0 0 0 0 0 0 0 0 0 
0 0 0 0 0 0 0 0 0 0 0 0 0 0 0 -2.98985e-05 3.04911e-05 0 0 0 0 0 0 0 0 0 0 0 0 0 0 0 0 
0 0 0 0 0 0 0 0 0 0 0 0 0 0 0 0 1.59718e-05 -2.33877e-05 0 0 0 0 0 0 0 0 0 0 0 0 0 0 0 
0 0 0 0 0 0 0 0 0 0 0 0 0 0 0 0 0 0.000129336 -0.000144441 0 0 0 0 0 0 0 0 0 0 0 0 0 0 
0 0 0 0 0 0 0 0 0 0 0 0 0 0 0 0 0 0 -8.39991e-05 7.38002e-05 0 0 0 0 0 0 0 0 0 0 0 0 0 
0 0 0 0 0 0 0 0 0 0 0 0 0 0 0 0 0 0 0 6.3432e-05 -4.56687e-05 0 0 0 0 0 0 0 0 0 0 0 0 
0 0 0 0 0 0 0 0 0 0 0 0 0 0 0 0 0 0 0 0 -4.30075e-05 3.37037e-05 0 0 0 0 0 0 0 0 0 0 0 
0 0 0 0 0 0 0 0 0 0 0 0 0 0 0 0 0 0 0 0 0 -6.41294e-05 -8.53439e-06 0 0 0 0 0 0 0 0 0 0 
0 0 0 0 0 0 0 0 0 0 0 0 0 0 0 0 0 0 0 0 0 0 0.000204082 -0.000175079 0 0 0 0 0 0 0 0 0 
0 0 0 0 0 0 0 0 0 0 0 0 0 0 0 0 0 0 0 0 0 0 0 0.000260967 -0.000276122 0 0 0 0 0 0 0 0 
0 0 0 0 0 0 0 0 0 0 0 0 0 0 0 0 0 0 0 0 0 0 0 0 0.000121484 -0.000149038 0 0 0 0 0 0 0 
0 0 0 0 0 0 0 0 0 0 0 0 0 0 0 0 0 0 0 0 0 0 0 0 0 -2.74943e-05 6.67003e-05 0 0 0 0 0 0 
0 0 0 0 0 0 0 0 0 0 0 0 0 0 0 0 0 0 0 0 0 0 0 0 0 0 5.1537e-07 7.41494e-05 0 0 0 0 0 
0 0 0 0 0 0 0 0 0 0 0 0 0 0 0 0 0 0 0 0 0 0 0 0 0 0 0 7.71931e-05 -1.02254e-05 0 0 0 0 
0 0 0 0 0 0 0 0 0 0 0 0 0 0 0 0 0 0 0 0 0 0 0 0 0 0 0 0 -5.54264e-05 -3.44786e-06 0 0 0 
0 0 0 0 0 0 0 0 0 0 0 0 0 0 0 0 0 0 0 0 0 0 0 0 0 0 0 0 -3.54259e-07 -2.34753e-05 1.45987e-05 0 0 
0 0 0 0 0 0 0 0 0 0 0 0 0 0 0 0 0 0 0 0 0 0 0 0 0 0 0 0 0 1.30127e-06 5.94381e-05 -1.48792e-05 0 
0 0 0 0 0 0 0 0 0 0 0 0 0 0 0 0 0 0 0 0 0 0 0 0 0 0 0 0 0 0 -7.61641e-05 0.000135853 -4.23918e-05 
0 0 0 0 0 0 0 0 0 0 0 0 0 0 0 0 0 0 0 0 0 0 0 0 0 0 0 0 0 0 0 -0.000321353 0.000410151 
);

