numberOfGroups 33; 
capture ( 0.009842167553273029 0.005688577577741612 0.0019365592255229914 0.00033178504040314754 0.0010945961109077018 0.002211565205742332 0.0025494414826101775 0.0022973039839642695 0.0024070064393009716 0.0029939311119480294 0.004106982008192972 0.006150063206349046 0.008424972535653979 0.010459993274039335 0.013023016951501631 0.015755738117708234 0.01828546225709829 0.02688448417673044 0.034341330029187704 0.05614830162463022 0.06921439026816642 0.06110792303087237 0.18011376173091775 0.4435311106005429 0.08037125907619155 0.4309121859580227 1.4528386617657634 2.644370406842263 0.011967216509365244 3.5048705028852054 0.010369331158144632 0.01882737517618807 0.050102409807732326  ); 
fission ( 0.020617640018463137 0.01740772247314453 0.010687886476516724 0.011136351823806763 0.008483601808547974 0.000682109221816063 3.8751319516450165e-05 6.888916250318289e-06 3.186470130458474e-06 2.225086063845083e-06 7.885947707109153e-07 1.4071525947656484e-06 8.118621917674318e-07 1.8638998153619468e-06 1.6628307639621198e-06 2.530628116801381e-06 4.348289905919955e-10 9.31878041399159e-11 2.6590919333102646e-09 1.2362005654722453e-05 1.5878096455708146e-05 3.2535401260247456e-07 2.9409060516627504e-07 5.329591772351705e-09 1.9714727386599407e-07 9.723572293296457e-07 6.302387919276953e-07 6.285817944444716e-06 3.056783953070408e-08 1.5700572112109513e-06 8.146692380250897e-08 1.826484913181048e-07 4.945741966366768e-07  ); 
nu ( 3.4954 3.4954 3.0124 2.7574 2.6437 2.5507 2.4917 2.4564 2.4379 2.4257 2.4177 2.4139 2.4115 2.4097 2.4089 2.4084 2.4081 2.4079 2.4077 2.4077 2.4077 2.4076 2.4076 2.4076 2.4076 2.4076 2.4076 2.4076 2.4076 2.4076 2.4076 2.4076 2.4076 );
chi ( 0.0 0.0 0.0 0.0 1.0 0.0 0.0 0.0 0.0 0.0 0.0 0.0 0.0 0.0 0.0 0.0 0.0 0.0 0.0 0.0 0.0 0.0 0.0 0.0 0.0 0.0 0.0 0.0 0.0 0.0 0.0 0.0 0.0  );
scatteringMultiplicity ( 1.0 1.0 1.0 1.0 1.0 1.0 1.0 1.0 1.0 1.0 1.0 1.0 1.0 1.0 1.0 1.0 1.0 1.0 1.0 1.0 1.0 1.0 1.0 1.0 1.0 1.0 1.0 1.0 1.0 1.0 1.0 1.0 1.0 
1.0 1.0 1.0 1.0 1.0 1.0 1.0 1.0 1.0 1.0 1.0 1.0 1.0 1.0 1.0 1.0 1.0 1.0 1.0 1.0 1.0 1.0 1.0 1.0 1.0 1.0 1.0 1.0 1.0 1.0 1.0 1.0 1.0 
1.0 1.0 1.0 1.0 1.0 1.0 1.0 1.0 1.0 1.0 1.0 1.0 1.0 1.0 1.0 1.0 1.0 1.0 1.0 1.0 1.0 1.0 1.0 1.0 1.0 1.0 1.0 1.0 1.0 1.0 1.0 1.0 1.0 
1.0 1.0 1.0 1.0 1.0 1.0 1.0 1.0 1.0 1.0 1.0 1.0 1.0 1.0 1.0 1.0 1.0 1.0 1.0 1.0 1.0 1.0 1.0 1.0 1.0 1.0 1.0 1.0 1.0 1.0 1.0 1.0 1.0 
1.0 1.0 1.0 1.0 1.0 1.0 1.0 1.0 1.0 1.0 1.0 1.0 1.0 1.0 1.0 1.0 1.0 1.0 1.0 1.0 1.0 1.0 1.0 1.0 1.0 1.0 1.0 1.0 1.0 1.0 1.0 1.0 1.0 
1.0 1.0 1.0 1.0 1.0 1.0 1.0 1.0 1.0 1.0 1.0 1.0 1.0 1.0 1.0 1.0 1.0 1.0 1.0 1.0 1.0 1.0 1.0 1.0 1.0 1.0 1.0 1.0 1.0 1.0 1.0 1.0 1.0 
1.0 1.0 1.0 1.0 1.0 1.0 1.0 1.0 1.0 1.0 1.0 1.0 1.0 1.0 1.0 1.0 1.0 1.0 1.0 1.0 1.0 1.0 1.0 1.0 1.0 1.0 1.0 1.0 1.0 1.0 1.0 1.0 1.0 
1.0 1.0 1.0 1.0 1.0 1.0 1.0 1.0 1.0 1.0 1.0 1.0 1.0 1.0 1.0 1.0 1.0 1.0 1.0 1.0 1.0 1.0 1.0 1.0 1.0 1.0 1.0 1.0 1.0 1.0 1.0 1.0 1.0 
1.0 1.0 1.0 1.0 1.0 1.0 1.0 1.0 1.0 1.0 1.0 1.0 1.0 1.0 1.0 1.0 1.0 1.0 1.0 1.0 1.0 1.0 1.0 1.0 1.0 1.0 1.0 1.0 1.0 1.0 1.0 1.0 1.0 
1.0 1.0 1.0 1.0 1.0 1.0 1.0 1.0 1.0 1.0 1.0 1.0 1.0 1.0 1.0 1.0 1.0 1.0 1.0 1.0 1.0 1.0 1.0 1.0 1.0 1.0 1.0 1.0 1.0 1.0 1.0 1.0 1.0 
1.0 1.0 1.0 1.0 1.0 1.0 1.0 1.0 1.0 1.0 1.0 1.0 1.0 1.0 1.0 1.0 1.0 1.0 1.0 1.0 1.0 1.0 1.0 1.0 1.0 1.0 1.0 1.0 1.0 1.0 1.0 1.0 1.0 
1.0 1.0 1.0 1.0 1.0 1.0 1.0 1.0 1.0 1.0 1.0 1.0 1.0 1.0 1.0 1.0 1.0 1.0 1.0 1.0 1.0 1.0 1.0 1.0 1.0 1.0 1.0 1.0 1.0 1.0 1.0 1.0 1.0 
1.0 1.0 1.0 1.0 1.0 1.0 1.0 1.0 1.0 1.0 1.0 1.0 1.0 1.0 1.0 1.0 1.0 1.0 1.0 1.0 1.0 1.0 1.0 1.0 1.0 1.0 1.0 1.0 1.0 1.0 1.0 1.0 1.0 
1.0 1.0 1.0 1.0 1.0 1.0 1.0 1.0 1.0 1.0 1.0 1.0 1.0 1.0 1.0 1.0 1.0 1.0 1.0 1.0 1.0 1.0 1.0 1.0 1.0 1.0 1.0 1.0 1.0 1.0 1.0 1.0 1.0 
1.0 1.0 1.0 1.0 1.0 1.0 1.0 1.0 1.0 1.0 1.0 1.0 1.0 1.0 1.0 1.0 1.0 1.0 1.0 1.0 1.0 1.0 1.0 1.0 1.0 1.0 1.0 1.0 1.0 1.0 1.0 1.0 1.0 
1.0 1.0 1.0 1.0 1.0 1.0 1.0 1.0 1.0 1.0 1.0 1.0 1.0 1.0 1.0 1.0 1.0 1.0 1.0 1.0 1.0 1.0 1.0 1.0 1.0 1.0 1.0 1.0 1.0 1.0 1.0 1.0 1.0 
1.0 1.0 1.0 1.0 1.0 1.0 1.0 1.0 1.0 1.0 1.0 1.0 1.0 1.0 1.0 1.0 1.0 1.0 1.0 1.0 1.0 1.0 1.0 1.0 1.0 1.0 1.0 1.0 1.0 1.0 1.0 1.0 1.0 
1.0 1.0 1.0 1.0 1.0 1.0 1.0 1.0 1.0 1.0 1.0 1.0 1.0 1.0 1.0 1.0 1.0 1.0 1.0 1.0 1.0 1.0 1.0 1.0 1.0 1.0 1.0 1.0 1.0 1.0 1.0 1.0 1.0 
1.0 1.0 1.0 1.0 1.0 1.0 1.0 1.0 1.0 1.0 1.0 1.0 1.0 1.0 1.0 1.0 1.0 1.0 1.0 1.0 1.0 1.0 1.0 1.0 1.0 1.0 1.0 1.0 1.0 1.0 1.0 1.0 1.0 
1.0 1.0 1.0 1.0 1.0 1.0 1.0 1.0 1.0 1.0 1.0 1.0 1.0 1.0 1.0 1.0 1.0 1.0 1.0 1.0 1.0 1.0 1.0 1.0 1.0 1.0 1.0 1.0 1.0 1.0 1.0 1.0 1.0 
1.0 1.0 1.0 1.0 1.0 1.0 1.0 1.0 1.0 1.0 1.0 1.0 1.0 1.0 1.0 1.0 1.0 1.0 1.0 1.0 1.0 1.0 1.0 1.0 1.0 1.0 1.0 1.0 1.0 1.0 1.0 1.0 1.0 
1.0 1.0 1.0 1.0 1.0 1.0 1.0 1.0 1.0 1.0 1.0 1.0 1.0 1.0 1.0 1.0 1.0 1.0 1.0 1.0 1.0 1.0 1.0 1.0 1.0 1.0 1.0 1.0 1.0 1.0 1.0 1.0 1.0 
1.0 1.0 1.0 1.0 1.0 1.0 1.0 1.0 1.0 1.0 1.0 1.0 1.0 1.0 1.0 1.0 1.0 1.0 1.0 1.0 1.0 1.0 1.0 1.0 1.0 1.0 1.0 1.0 1.0 1.0 1.0 1.0 1.0 
1.0 1.0 1.0 1.0 1.0 1.0 1.0 1.0 1.0 1.0 1.0 1.0 1.0 1.0 1.0 1.0 1.0 1.0 1.0 1.0 1.0 1.0 1.0 1.0 1.0 1.0 1.0 1.0 1.0 1.0 1.0 1.0 1.0 
1.0 1.0 1.0 1.0 1.0 1.0 1.0 1.0 1.0 1.0 1.0 1.0 1.0 1.0 1.0 1.0 1.0 1.0 1.0 1.0 1.0 1.0 1.0 1.0 1.0 1.0 1.0 1.0 1.0 1.0 1.0 1.0 1.0 
1.0 1.0 1.0 1.0 1.0 1.0 1.0 1.0 1.0 1.0 1.0 1.0 1.0 1.0 1.0 1.0 1.0 1.0 1.0 1.0 1.0 1.0 1.0 1.0 1.0 1.0 1.0 1.0 1.0 1.0 1.0 1.0 1.0 
1.0 1.0 1.0 1.0 1.0 1.0 1.0 1.0 1.0 1.0 1.0 1.0 1.0 1.0 1.0 1.0 1.0 1.0 1.0 1.0 1.0 1.0 1.0 1.0 1.0 1.0 1.0 1.0 1.0 1.0 1.0 1.0 1.0 
1.0 1.0 1.0 1.0 1.0 1.0 1.0 1.0 1.0 1.0 1.0 1.0 1.0 1.0 1.0 1.0 1.0 1.0 1.0 1.0 1.0 1.0 1.0 1.0 1.0 1.0 1.0 1.0 1.0 1.0 1.0 1.0 1.0 
1.0 1.0 1.0 1.0 1.0 1.0 1.0 1.0 1.0 1.0 1.0 1.0 1.0 1.0 1.0 1.0 1.0 1.0 1.0 1.0 1.0 1.0 1.0 1.0 1.0 1.0 1.0 1.0 1.0 1.0 1.0 1.0 1.0 
1.0 1.0 1.0 1.0 1.0 1.0 1.0 1.0 1.0 1.0 1.0 1.0 1.0 1.0 1.0 1.0 1.0 1.0 1.0 1.0 1.0 1.0 1.0 1.0 1.0 1.0 1.0 1.0 1.0 1.0 1.0 1.0 1.0 
1.0 1.0 1.0 1.0 1.0 1.0 1.0 1.0 1.0 1.0 1.0 1.0 1.0 1.0 1.0 1.0 1.0 1.0 1.0 1.0 1.0 1.0 1.0 1.0 1.0 1.0 1.0 1.0 1.0 1.0 1.0 1.0 1.0 
1.0 1.0 1.0 1.0 1.0 1.0 1.0 1.0 1.0 1.0 1.0 1.0 1.0 1.0 1.0 1.0 1.0 1.0 1.0 1.0 1.0 1.0 1.0 1.0 1.0 1.0 1.0 1.0 1.0 1.0 1.0 1.0 1.0 
1.0 1.0 1.0 1.0 1.0 1.0 1.0 1.0 1.0 1.0 1.0 1.0 1.0 1.0 1.0 1.0 1.0 1.0 1.0 1.0 1.0 1.0 1.0 1.0 1.0 1.0 1.0 1.0 1.0 1.0 1.0 1.0 1.0 
 ); 
P0 ( 0.08261606216430664 0.018212061524391174 0.008279431462287903 0.011017337441444397 0.012579101473093034 0.015107418224215506 0.013211834356188775 0.00883718529716134 0.004689019876532257 0.0020459462283179165 0.0008985322923399508 0.0004239474379573949 0.00019990978340501898 9.443733302759938e-05 4.4622008681471924e-05 2.1072677827760345e-05 9.932884013323927e-06 4.693300456892758e-06 2.2164216056808074e-06 1.0472366159319792e-06 4.948552373207349e-07 2.002980971838042e-07 1.618982813056391e-07 4.306236576212541e-08 1.4654924029855466e-08 1.4108022359238249e-08 6.571875701411045e-09 2.123162374800813e-09 8.006180252095874e-10 3.624241884381263e-10 1.0743193890050407e-10 0.0 0.0 
0.0 0.09598336458206176 0.01565158545970917 0.003837081789970398 0.010450112074613572 0.01355387106537819 0.01147238202393055 0.007597889825701714 0.004339669905602932 0.0021821910701692103 0.000997009468264878 0.00045074393739923834 0.0002103845140663907 9.909354645060376e-05 4.6759160759393127e-05 2.209862883319147e-05 1.0404866879980545e-05 4.912168324153754e-06 2.3229681346492726e-06 1.0982604931086827e-06 5.193410197534831e-07 2.102649023072445e-07 1.6942514889706216e-07 4.619985858766995e-08 1.559931682493243e-08 1.491927982044672e-08 7.248451296959502e-09 2.7747375597186872e-09 1.2440247321165999e-09 6.84028242936563e-10 2.481643601726091e-10 0.0 0.0 
0.0 0.0 0.14450181007385254 0.02361073911190033 0.005035105347633362 0.010455816984176636 0.01233256459236145 0.009763139486312867 0.005712006092071533 0.0027072113752365113 0.0011265140771865845 0.00043651249259710315 0.00017316510900855064 7.873143069446087e-05 3.7145474925637247e-05 1.7550199991092087e-05 8.29363358207047e-06 3.915203851647675e-06 1.84960852493532e-06 8.740316116018221e-07 4.129463195567951e-07 1.6655585568514653e-07 1.3344183571462054e-07 3.598752073230571e-08 1.2687088428720017e-08 1.1889010238519404e-08 5.598379857474356e-09 2.0815619450331723e-09 8.04242432650426e-10 3.597429909518724e-10 1.0633350200350833e-10 0.0 0.0 
0.0 0.0 0.0 0.14698391914367676 0.015808333158493042 0.013546116352081299 0.012827438116073609 0.009324556589126587 0.005187096595764161 0.0023873873054981233 0.0009883440285921097 0.0003835039958357811 0.00015394684858620168 7.164429407566786e-05 3.3805356360971926e-05 1.595164882019162e-05 7.521563093177974e-06 3.552264824975282e-06 1.6775476979091763e-06 7.923025987111032e-07 3.7446072383318095e-07 1.5122068361961282e-07 1.210406298923772e-07 3.212418050679844e-08 1.1093627563241171e-08 1.1022325452358929e-08 5.218221872382856e-09 1.9465053924250244e-09 8.718897959170136e-10 4.2042298531441703e-10 1.2455437570224604e-10 0.0 0.0 
0.0 0.0 0.0 0.0 0.14489570617675782 0.030886640548706056 0.016916850805282595 0.012569353580474854 0.005131979584693909 0.0019277514517307282 0.0007716543227434158 0.00029531527310609816 0.00011951283551752568 5.574827548116446e-05 2.6309075765311717e-05 1.2418826809152961e-05 5.8612722204998135e-06 2.7648717514239253e-06 1.3053204747848213e-06 6.168129038996994e-07 2.91454325633822e-07 1.1764724149543327e-07 9.425405551155564e-08 2.5013600861711892e-08 8.455704119114671e-09 8.327464229296312e-09 4.266181861112272e-09 1.5837363775972336e-09 7.177821714776655e-10 4.0647261556614465e-10 1.4583705798543178e-10 0.0 0.0 
0.0 0.0 0.0 0.0 0.0 0.23617897033691407 0.04711270868778229 0.006549606323242188 0.007983997464179993 0.004538559913635254 0.0017584314942359924 0.0007144701480865478 0.0002893771417438984 0.00013125249184668065 5.73330745100975e-05 2.5118752382695675e-05 1.0933944722637534e-05 4.710685752797872e-06 2.0988583855796607e-06 9.313170448876918e-07 3.8594454963458704e-07 1.270375469175633e-07 8.017487743927632e-08 1.5984370520527592e-08 4.558770285711944e-09 3.729821855813498e-09 1.4221926392110618e-09 3.347716415191826e-10 9.386356580876054e-11 4.000208164711694e-11 0.0 0.0 0.0 
0.0 0.0 0.0 0.0 0.0 0.0 0.24596716880798342 0.034099401235580445 1.8835552036762238e-05 0.00033510364592075347 0.0005792073905467988 0.0003277081623673439 0.00017514673992991448 7.808799389749766e-05 3.5091729369014505e-05 1.5919614816084505e-05 6.446319166570902e-06 2.499832189641893e-06 9.9300938018132e-07 4.004081347375177e-07 1.516420434199972e-07 4.921927484247135e-08 3.129274546154193e-08 6.373600172082661e-09 1.8541494739565678e-09 1.5712181777871593e-09 6.656661355464167e-10 2.2930853660341199e-10 9.151944091456698e-11 2.291276057775349e-11 0.0 0.0 0.0 
0.0 0.0 0.0 0.0 0.0 0.0 0.0 0.398886661529541 0.05427789032459259 0.0001618662662804127 9.167785901809111e-07 2.908892020059284e-07 1.1698470189003275e-07 4.465629899641499e-08 2.1819239464093698e-08 1.1691128065649536e-08 6.5389519932068655e-09 3.7597919799736705e-09 2.139623944685809e-09 8.900431680558541e-10 3.2815741235481257e-10 1.0537232419949305e-10 6.566898136384225e-11 0.0 0.0 0.0 0.0 0.0 0.0 0.0 0.0 0.0 0.0 
0.0 0.0 0.0 0.0 0.0 0.0 0.0 0.0 0.29942487716674804 0.047678599357604975 9.729376062750817e-05 2.9981560073792936e-05 4.920695791952312e-06 0.0 0.0 0.0 0.0 0.0 0.0 0.0 0.0 0.0 0.0 0.0 0.0 0.0 0.0 0.0 0.0 0.0 0.0 0.0 0.0 
0.0 0.0 0.0 0.0 0.0 0.0 0.0 0.0 0.0 0.323576545715332 0.04810289144515992 0.00036421660333871845 4.6543939970433715e-06 3.11396608594805e-06 1.0268710320815445e-06 3.62389582733158e-07 1.31876422528876e-07 4.663717845687643e-08 1.5785097957632388e-08 5.033505772189528e-09 1.7807967367389211e-09 5.71971590090925e-10 3.5618938909465217e-10 6.935239937888582e-11 0.0 0.0 0.0 0.0 0.0 0.0 0.0 0.0 0.0 
0.0 0.0 0.0 0.0 0.0 0.0 0.0 0.0 0.0 0.0 0.3439461612701416 0.04506382465362549 0.0026022499799728395 0.00038172401487827304 0.0 0.0 0.0 0.0 0.0 0.0 0.0 0.0 0.0 0.0 0.0 0.0 0.0 0.0 0.0 0.0 0.0 0.0 0.0 
0.0 0.0 0.0 0.0 0.0 0.0 0.0 0.0 0.0 0.0 0.0 0.3637799167633057 0.0411425992846489 0.0008760900050401687 0.0005524181947112084 0.00022531360387802125 8.93507432192564e-05 3.4144939854741095e-05 1.285367994569242e-05 4.7961660311557355e-06 1.780497404979542e-06 5.737051833420992e-07 3.5775301512330774e-07 6.967536137381102e-08 1.9331152998347533e-08 1.530988811282441e-08 5.6523919056417076e-09 1.6627672039248864e-09 6.163487853427796e-10 2.797217923955486e-10 8.735344003696354e-11 0.0 0.0 
0.0 0.0 0.0 0.0 0.0 0.0 0.0 0.0 0.0 0.0 0.0 0.0 0.3780945205688476 0.041558018326759344 0.0 0.0 0.0 0.0 0.0 0.0 0.0 0.0 0.0 0.0 0.0 0.0 0.0 0.0 0.0 0.0 0.0 0.0 0.0 
0.0 0.0 0.0 0.0 0.0 0.0 0.0 0.0 0.0 0.0 0.0 0.0 0.0 0.39269762992858886 0.04241911292076111 0.0 0.0 0.0 0.0 0.0 0.0 0.0 0.0 0.0 0.0 0.0 0.0 0.0 0.0 0.0 0.0 0.0 0.0 
0.0 0.0 0.0 0.0 0.0 0.0 0.0 0.0 0.0 0.0 0.0 0.0 0.0 0.0 0.3990306377410889 0.042340025305747986 0.0 0.0 0.0 0.0 0.0 0.0 0.0 0.0 0.0 0.0 0.0 0.0 0.0 0.0 0.0 0.0 0.0 
0.0 0.0 0.0 0.0 0.0 0.0 0.0 0.0 0.0 0.0 0.0 0.0 0.0 0.0 0.0 0.41888112068176275 0.04185285717248917 0.0 0.0 0.0 0.0 0.0 0.0 0.0 0.0 0.0 0.0 0.0 0.0 0.0 0.0 0.0 0.0 
0.0 0.0 0.0 0.0 0.0 0.0 0.0 0.0 0.0 0.0 0.0 0.0 0.0 0.0 0.0 0.0 0.4496203994750977 0.04286705315113068 0.0 0.0 0.0 0.0 0.0 0.0 0.0 0.0 0.0 0.0 0.0 0.0 0.0 0.0 0.0 
0.0 0.0 0.0 0.0 0.0 0.0 0.0 0.0 0.0 0.0 0.0 0.0 0.0 0.0 0.0 0.0 0.0 0.5205646324157716 0.04216723352670669 0.0 0.0 0.0 0.0 0.0 0.0 0.0 0.0 0.0 0.0 0.0 0.0 0.0 0.0 
0.0 0.0 0.0 0.0 0.0 0.0 0.0 0.0 0.0 0.0 0.0 0.0 0.0 0.0 0.0 0.0 0.0 0.0 0.5468776321411133 0.05148375868797302 0.0 0.0 0.0 0.0 0.0 0.0 0.0 0.0 0.0 0.0 0.0 0.0 0.0 
0.0 0.0 0.0 0.0 0.0 0.0 0.0 0.0 0.0 0.0 0.0 0.0 0.0 0.0 0.0 0.0 0.0 0.0 0.0 0.5627844047546386 0.040883610248565676 0.0 0.0 0.0 0.0 0.0 0.0 0.0 0.0 0.0 0.0 0.0 0.0 
0.0 0.0 0.0 0.0 0.0 0.0 0.0 0.0 0.0 0.0 0.0 0.0 0.0 0.0 0.0 0.0 0.0 0.0 0.0 0.0 0.47661920547485354 0.04103019893169403 0.0 0.0 0.0 0.0 0.0 0.0 0.0 0.0 0.0 0.0 0.0 
0.0 0.0 0.0 0.0 0.0 0.0 0.0 0.0 0.0 0.0 0.0 0.0 0.0 0.0 0.0 0.0 0.0 0.0 0.0 0.0 0.0 0.4607960414886475 0.051801814436912536 0.0 0.0 0.0 0.0 0.0 0.0 0.0 0.0 0.0 0.0 
0.0 0.0 0.0 0.0 0.0 0.0 0.0 0.0 0.0 0.0 0.0 0.0 0.0 0.0 0.0 0.0 0.0 0.0 0.0 0.0 0.0 0.0 0.9885119152069092 0.02861613392829895 0.0 0.0 0.0 0.0 0.0 0.0 0.0 0.0 0.0 
0.0 0.0 0.0 0.0 0.0 0.0 0.0 0.0 0.0 0.0 0.0 0.0 0.0 0.0 0.0 0.0 0.0 0.0 0.0 0.0 0.0 0.0 0.0 1.3762710094451904 0.04143985956907273 0.0 0.0 0.0 0.0 0.0 0.0 0.0 0.0 
0.0 0.0 0.0 0.0 0.0 0.0 0.0 0.0 0.0 0.0 0.0 0.0 0.0 0.0 0.0 0.0 0.0 0.0 0.0 0.0 0.0 0.0 0.0 0.0 0.3210510349273682 0.07294757008552552 0.0 0.0 0.0 0.0 0.0 0.0 0.0 
0.0 0.0 0.0 0.0 0.0 0.0 0.0 0.0 0.0 0.0 0.0 0.0 0.0 0.0 0.0 0.0 0.0 0.0 0.0 0.0 0.0 0.0 0.0 0.0 0.0 0.7923446846008301 0.04194868981838226 0.0 0.0 0.0 0.0 0.0 0.0 
0.0 0.0 0.0 0.0 0.0 0.0 0.0 0.0 0.0 0.0 0.0 0.0 0.0 0.0 0.0 0.0 0.0 0.0 0.0 0.0 0.0 0.0 0.0 0.0 0.0 0.0 2.42471043586731 0.03694713473320007 0.0 0.0 0.0 0.0 0.0 
0.0 0.0 0.0 0.0 0.0 0.0 0.0 0.0 0.0 0.0 0.0 0.0 0.0 0.0 0.0 0.0 0.0 0.0 0.0 0.0 0.0 0.0 0.0 0.0 0.0 0.0 0.0 1.4225124168395995 0.04013923466205597 0.0 0.0 0.0 0.0 
0.0 0.0 0.0 0.0 0.0 0.0 0.0 0.0 0.0 0.0 0.0 0.0 0.0 0.0 0.0 0.0 0.0 0.0 0.0 0.0 0.0 0.0 0.0 0.0 0.0 0.0 0.0 0.0 0.30292569160461424 0.04093066692352295 0.0 0.0 0.0 
0.0 0.0 0.0 0.0 0.0 0.0 0.0 0.0 0.0 0.0 0.0 0.0 0.0 0.0 0.0 0.0 0.0 0.0 0.0 0.0 0.0 0.0 0.0 0.0 0.0 0.0 0.0 0.0 0.0 0.523389253616333 0.02743331104516983 0.0 0.0 
0.0 0.0 0.0 0.0 0.0 0.0 0.0 0.0 0.0 0.0 0.0 0.0 0.0 0.0 0.0 0.0 0.0 0.0 0.0 0.0 0.0 0.0 0.0 0.0 0.0 0.0 0.0 0.0 0.0 0.0 0.32631811141967776 0.010110265612602235 0.0 
0.0 0.0 0.0 0.0 0.0 0.0 0.0 0.0 0.0 0.0 0.0 0.0 0.0 0.0 0.0 0.0 0.0 0.0 0.0 0.0 0.0 0.0 0.0 0.0 0.0 0.0 0.0 0.0 0.0 0.0 0.0 0.33032481193542484 0.012079698517918586 
0.0 0.0 0.0 0.0 0.0 0.0 0.0 0.0 0.0 0.0 0.0 0.0 0.0 0.0 0.0 0.0 0.0 0.0 0.0 0.0 0.0 0.0 0.0 0.0 0.0 0.0 0.0 0.0 0.0 0.0 0.0 0.0 0.3481138134002686 
 ); 
P1 ( 0.06550518035888672 -0.0014956295490264893 0.0019471703842282295 0.0002475158334709704 0.00017915697768330574 0.0003143200511112809 0.00016065894888015464 5.813658470287919e-05 5.7836115593090655e-06 -1.3538434432120994e-05 3.4634529583854605e-07 9.067547466656834e-08 6.789613735236344e-08 1.558617100272386e-08 1.5701428812686659e-09 -5.3974717134988584e-11 -3.848939611472702e-11 -7.247481998221006e-13 -1.110606452723456e-13 -1.8641632454265837e-12 -5.8149628245169825e-11 -6.048975255759648e-10 3.6319697383282997e-10 -1.5633182625599679e-10 -7.033083846861785e-11 -7.438836809991328e-12 -1.799840793981558e-15 -1.310360782554032e-15 -1.2815487874465875e-15 -8.1145498848946e-16 -9.022965954583705e-17 0.0 0.0 
0.0 0.06940512478351593 -0.0024559668451547625 0.00040370090864598755 0.0004346414282917977 0.00031346241012215615 2.103029750287533e-05 6.838453235104679e-05 2.2133321035653356e-05 -2.112123809638433e-05 -7.627008017152548e-06 -2.2846449428470807e-06 -3.992936217400711e-07 -1.355724521090451e-08 5.513154007985577e-08 5.9331802787498947e-08 -3.273991637797644e-09 -7.42032625566947e-09 -3.825552141734732e-09 -2.134840002553881e-09 -1.1901027052729775e-09 -6.478853453728562e-10 -8.486642144589495e-10 3.8280859371297996e-10 -4.0488711272601565e-11 -1.583444242392318e-10 -6.971473398564854e-11 -1.1998724236406134e-11 -1.9980504056826833e-12 -5.886804932409006e-14 2.377774366291177e-12 0.0 0.0 
0.0 0.0 0.10008399963378906 -0.0021415102854371072 0.00012092028744518757 0.00017460599541664124 0.0001468169502913952 6.478931289166212e-05 1.2719390215352177e-05 -4.650694609154016e-06 -2.3875976330600678e-06 -5.982725997455418e-06 -1.6889316611923277e-06 8.084451508239e-10 1.7952487496586401e-09 2.578259561403229e-10 -5.224393806457783e-11 -2.4963839884151184e-11 -1.1687294465545507e-11 -5.536106018055875e-12 -2.6086499627098193e-12 0.0 -4.733778169452308e-10 8.356083824878624e-11 4.5303480078473515e-10 1.4873245746116483e-10 -6.665556107066096e-11 -3.846248208816405e-11 -1.5865148084159843e-11 -7.096586096544399e-12 -2.097621937258154e-12 0.0 0.0 
0.0 0.0 0.0 0.07937960267066956 -0.0018746609799563884 0.0001318029034882784 9.249726310372353e-05 2.406402723863721e-05 5.398425273597241e-06 -4.408185195643455e-06 -2.2900021576788276e-06 -3.128785756416619e-06 -4.900837666355074e-07 2.806775789565563e-10 -2.631930442476005e-09 8.796314432402141e-10 -6.83522571875983e-10 -3.2414156692084363e-10 -1.5305158029832456e-10 -7.170295468483801e-11 -3.271894088996419e-11 -9.535033873575571e-12 -9.732491257352649e-11 -3.2110058612033753e-10 4.706321998781959e-11 4.2454100679378825e-10 1.0965552021957592e-10 -1.532529547709771e-11 -2.1021320240066643e-11 -1.2407960214844138e-11 -3.6962741201129745e-12 0.0 0.0 
0.0 0.0 0.0 0.0 0.06186475634574891 -0.004412247408181429 9.636473841965199e-05 7.818992016837001e-06 -2.4964113254100085e-05 -8.692248957231641e-06 -2.837201172951609e-06 -1.7850664153229445e-06 -2.445183781674132e-08 8.294680810649879e-08 4.1691500882734545e-08 1.9311435153213096e-08 1.0185041219301639e-08 4.191983578039071e-09 1.9255706718013242e-09 8.835067433210498e-10 4.057157809711498e-10 1.6207856390337837e-10 1.1766397634005445e-10 -1.6387208034984724e-10 -1.0365933889033841e-10 1.3097277928864059e-10 3.197428100065736e-10 7.382566113989242e-11 1.1726768445186053e-11 -3.5926459029944626e-12 -2.8838781362949818e-12 0.0 0.0 
0.0 0.0 0.0 0.0 0.0 0.07528036832809448 -0.018797337679425256 3.4779889974743126e-05 2.373433904722333e-05 -1.7721422482281925e-05 -7.217734819278121e-06 -2.7002202114090324e-06 -7.556333002867177e-07 -2.999449316121172e-07 -2.873361154343002e-07 -1.1746248674171512e-07 -9.43215491133742e-08 -3.830105470115086e-08 -1.2163430938016972e-08 -1.4861924455544796e-08 -1.80037875452399e-08 -9.032308980749803e-09 -7.247117537190206e-09 -1.920403605026877e-09 -6.496473758943467e-10 -5.90516364695759e-10 -2.729600367956664e-10 -6.56892806816245e-11 -1.681962347177546e-11 -9.661815791872642e-12 0.0 0.0 0.0 
0.0 0.0 0.0 0.0 0.0 0.0 0.07757328748703002 0.0003274775296449662 -5.992074420646532e-08 9.550162940286101e-06 -2.0172374206595123e-06 -2.1511848899535837e-06 -1.1162048758706078e-06 -5.316580427461304e-07 -2.030803807429038e-07 -1.1880896636284887e-07 -1.0343216672481503e-07 -4.539580004347954e-08 -1.8598381075207726e-08 -1.1371969321771759e-08 -7.151582508413412e-09 -2.8395726303642733e-09 -2.2360512730301706e-09 -5.750794329628661e-10 -1.8550499802927334e-10 -1.6095007993044418e-10 -6.188163759190957e-11 -2.4213751004253938e-11 -1.0286191898245533e-11 1.4628014077811002e-12 0.0 0.0 0.0 
0.0 0.0 0.0 0.0 0.0 0.0 0.0 0.09764042377471924 -0.02023478001356125 -8.433730545220896e-07 -5.936444154031051e-09 -1.5031211830773827e-09 -4.1259301752916145e-10 -1.213494993379527e-10 5.288160132010944e-11 6.490620041432748e-11 5.7022337962564506e-11 4.745953852136609e-11 1.1554591727858111e-11 -2.206324012377081e-11 -1.0390766025381026e-11 -4.224237903915906e-12 -3.369994006074961e-12 0.0 0.0 0.0 0.0 0.0 0.0 0.0 0.0 0.0 0.0 
0.0 0.0 0.0 0.0 0.0 0.0 0.0 0.0 0.04164483994245529 -0.013678197376430034 4.3104879296151924e-07 2.6155701107200003e-08 -1.4163793821353465e-07 0.0 0.0 0.0 0.0 0.0 0.0 0.0 0.0 0.0 0.0 0.0 0.0 0.0 0.0 0.0 0.0 0.0 0.0 0.0 0.0 
0.0 0.0 0.0 0.0 0.0 0.0 0.0 0.0 0.0 0.03983681559562683 -0.012895932942628861 -4.208480007946491e-05 1.275099566555582e-07 -1.1105794328614139e-08 -5.742837743127894e-09 -1.8104047683209501e-09 -1.0228345814766727e-09 -5.50715810732072e-10 -2.9360920805743264e-10 -1.2399570259447046e-10 -3.778839907653264e-11 -1.5589801671822558e-11 -1.2640033464350609e-11 -3.412123916746168e-12 0.0 0.0 0.0 0.0 0.0 0.0 0.0 0.0 0.0 
0.0 0.0 0.0 0.0 0.0 0.0 0.0 0.0 0.0 0.0 0.03444979906082153 -0.012766537368297576 1.2273326283320785e-05 -1.3722749426960946e-05 0.0 0.0 0.0 0.0 0.0 0.0 0.0 0.0 0.0 0.0 0.0 0.0 0.0 0.0 0.0 0.0 0.0 0.0 0.0 
0.0 0.0 0.0 0.0 0.0 0.0 0.0 0.0 0.0 0.0 0.0 0.029665989875793455 -0.012857965379953385 1.7141922144219278e-05 5.00814785482362e-07 -4.7857502067927275e-08 -1.6201118341996334e-07 -1.4193084098224064e-07 -8.215196430683137e-08 -4.258547960489523e-08 -2.100071924360236e-08 -8.641811746201712e-09 -7.040266041258292e-09 -1.8846419891360713e-09 -6.438087751803323e-10 -6.159908139125037e-10 -2.9789260835855203e-10 -1.1485083994955403e-10 -5.369499955776291e-11 -3.174883911327697e-11 -1.491103573947328e-11 0.0 0.0 
0.0 0.0 0.0 0.0 0.0 0.0 0.0 0.0 0.0 0.0 0.0 0.0 0.026181128621101377 -0.012904451936483383 0.0 0.0 0.0 0.0 0.0 0.0 0.0 0.0 0.0 0.0 0.0 0.0 0.0 0.0 0.0 0.0 0.0 0.0 0.0 
0.0 0.0 0.0 0.0 0.0 0.0 0.0 0.0 0.0 0.0 0.0 0.0 0.0 0.024075040221214296 -0.013075564354658127 0.0 0.0 0.0 0.0 0.0 0.0 0.0 0.0 0.0 0.0 0.0 0.0 0.0 0.0 0.0 0.0 0.0 0.0 
0.0 0.0 0.0 0.0 0.0 0.0 0.0 0.0 0.0 0.0 0.0 0.0 0.0 0.0 0.022630881667137146 -0.01316328153014183 0.0 0.0 0.0 0.0 0.0 0.0 0.0 0.0 0.0 0.0 0.0 0.0 0.0 0.0 0.0 0.0 0.0 
0.0 0.0 0.0 0.0 0.0 0.0 0.0 0.0 0.0 0.0 0.0 0.0 0.0 0.0 0.0 0.0214095401763916 -0.012776000648736954 0.0 0.0 0.0 0.0 0.0 0.0 0.0 0.0 0.0 0.0 0.0 0.0 0.0 0.0 0.0 0.0 
0.0 0.0 0.0 0.0 0.0 0.0 0.0 0.0 0.0 0.0 0.0 0.0 0.0 0.0 0.0 0.0 0.020939398109912872 -0.012733369320631027 0.0 0.0 0.0 0.0 0.0 0.0 0.0 0.0 0.0 0.0 0.0 0.0 0.0 0.0 0.0 
0.0 0.0 0.0 0.0 0.0 0.0 0.0 0.0 0.0 0.0 0.0 0.0 0.0 0.0 0.0 0.0 0.0 0.021059946417808534 -0.012886220812797547 0.0 0.0 0.0 0.0 0.0 0.0 0.0 0.0 0.0 0.0 0.0 0.0 0.0 0.0 
0.0 0.0 0.0 0.0 0.0 0.0 0.0 0.0 0.0 0.0 0.0 0.0 0.0 0.0 0.0 0.0 0.0 0.0 0.026745609641075134 -0.018674362301826477 0.0 0.0 0.0 0.0 0.0 0.0 0.0 0.0 0.0 0.0 0.0 0.0 0.0 
0.0 0.0 0.0 0.0 0.0 0.0 0.0 0.0 0.0 0.0 0.0 0.0 0.0 0.0 0.0 0.0 0.0 0.0 0.0 0.020482949912548065 -0.012550053447484971 0.0 0.0 0.0 0.0 0.0 0.0 0.0 0.0 0.0 0.0 0.0 0.0 
0.0 0.0 0.0 0.0 0.0 0.0 0.0 0.0 0.0 0.0 0.0 0.0 0.0 0.0 0.0 0.0 0.0 0.0 0.0 0.0 0.020182775855064394 -0.012594143971800805 0.0 0.0 0.0 0.0 0.0 0.0 0.0 0.0 0.0 0.0 0.0 
0.0 0.0 0.0 0.0 0.0 0.0 0.0 0.0 0.0 0.0 0.0 0.0 0.0 0.0 0.0 0.0 0.0 0.0 0.0 0.0 0.0 0.02345779091119766 -0.015916942209005358 0.0 0.0 0.0 0.0 0.0 0.0 0.0 0.0 0.0 0.0 
0.0 0.0 0.0 0.0 0.0 0.0 0.0 0.0 0.0 0.0 0.0 0.0 0.0 0.0 0.0 0.0 0.0 0.0 0.0 0.0 0.0 0.0 0.017782693505287172 -0.008786337822675705 0.0 0.0 0.0 0.0 0.0 0.0 0.0 0.0 0.0 
0.0 0.0 0.0 0.0 0.0 0.0 0.0 0.0 0.0 0.0 0.0 0.0 0.0 0.0 0.0 0.0 0.0 0.0 0.0 0.0 0.0 0.0 0.0 0.022805213630199432 -0.012693704739212991 0.0 0.0 0.0 0.0 0.0 0.0 0.0 0.0 
0.0 0.0 0.0 0.0 0.0 0.0 0.0 0.0 0.0 0.0 0.0 0.0 0.0 0.0 0.0 0.0 0.0 0.0 0.0 0.0 0.0 0.0 0.0 0.0 0.029529782533645632 -0.02236831396818161 0.0 0.0 0.0 0.0 0.0 0.0 0.0 
0.0 0.0 0.0 0.0 0.0 0.0 0.0 0.0 0.0 0.0 0.0 0.0 0.0 0.0 0.0 0.0 0.0 0.0 0.0 0.0 0.0 0.0 0.0 0.0 0.0 0.02133684456348419 -0.012918820530176163 0.0 0.0 0.0 0.0 0.0 0.0 
0.0 0.0 0.0 0.0 0.0 0.0 0.0 0.0 0.0 0.0 0.0 0.0 0.0 0.0 0.0 0.0 0.0 0.0 0.0 0.0 0.0 0.0 0.0 0.0 0.0 0.0 0.02439182758331299 -0.011353176385164261 0.0 0.0 0.0 0.0 0.0 
0.0 0.0 0.0 0.0 0.0 0.0 0.0 0.0 0.0 0.0 0.0 0.0 0.0 0.0 0.0 0.0 0.0 0.0 0.0 0.0 0.0 0.0 0.0 0.0 0.0 0.0 0.0 0.022494462430477143 -0.01230629526078701 0.0 0.0 0.0 0.0 
0.0 0.0 0.0 0.0 0.0 0.0 0.0 0.0 0.0 0.0 0.0 0.0 0.0 0.0 0.0 0.0 0.0 0.0 0.0 0.0 0.0 0.0 0.0 0.0 0.0 0.0 0.0 0.0 0.01958208695054054 -0.01256682403385639 0.0 0.0 0.0 
0.0 0.0 0.0 0.0 0.0 0.0 0.0 0.0 0.0 0.0 0.0 0.0 0.0 0.0 0.0 0.0 0.0 0.0 0.0 0.0 0.0 0.0 0.0 0.0 0.0 0.0 0.0 0.0 0.0 0.016012019962072372 -0.008411446586251259 0.0 0.0 
0.0 0.0 0.0 0.0 0.0 0.0 0.0 0.0 0.0 0.0 0.0 0.0 0.0 0.0 0.0 0.0 0.0 0.0 0.0 0.0 0.0 0.0 0.0 0.0 0.0 0.0 0.0 0.0 0.0 0.0 0.010098619386553764 -0.003101733438670635 0.0 
0.0 0.0 0.0 0.0 0.0 0.0 0.0 0.0 0.0 0.0 0.0 0.0 0.0 0.0 0.0 0.0 0.0 0.0 0.0 0.0 0.0 0.0 0.0 0.0 0.0 0.0 0.0 0.0 0.0 0.0 0.0 0.010738468915224076 -0.003705020248889923 
0.0 0.0 0.0 0.0 0.0 0.0 0.0 0.0 0.0 0.0 0.0 0.0 0.0 0.0 0.0 0.0 0.0 0.0 0.0 0.0 0.0 0.0 0.0 0.0 0.0 0.0 0.0 0.0 0.0 0.0 0.0 0.0 0.007233412228524685 
 ); 
P2 ( 0.05205940127372742 0.0002406512014567852 0.0004645728413015604 -0.00014247587416321039 0.00017158688977360727 0.00010915280319750308 5.201897583901882e-05 1.8849850166589023e-05 8.808927159407178e-06 9.284283742090338e-06 4.702288933913224e-06 1.7247680079890415e-06 3.5835382050208864e-07 2.5631349572563525e-07 9.317120646556986e-08 3.88280678009778e-08 5.670564207083118e-09 8.992689551692857e-10 1.9176034649071027e-11 1.0528168614687416e-11 9.284144286691997e-12 5.755171367249901e-11 1.1784795143909842e-09 2.935208853749316e-11 -3.454107173894716e-12 3.541368573715086e-13 2.4882360237445285e-16 3.447208017503597e-27 -1.1090898222689462e-28 0.0 0.0 0.0 0.0 
0.0 0.05578341662883759 -0.0008866452937945724 9.38794482499361e-05 5.182310078453157e-05 8.236419758759438e-05 2.0304785575717687e-05 4.9474469851702454e-05 -9.180451743304729e-06 3.2022637606132773e-06 4.1898745257640255e-06 2.6289010565960782e-06 1.0948336057481356e-06 3.422010013309773e-07 1.723796594887972e-07 8.44080614115228e-08 9.719994977785972e-09 -2.846994675564929e-09 -3.34836286697282e-09 -2.7708418315341988e-09 -1.947421468528887e-09 -9.904090214618578e-10 -5.178159767638136e-10 3.9386353734016664e-10 -6.834085741758146e-11 -2.0055112237571395e-10 -1.4573865780853622e-10 -6.626285624367068e-11 -3.413630728782424e-11 -2.624815212404208e-11 -2.0696568417410966e-11 0.0 0.0 
0.0 0.0 0.07612278938293457 0.0002514944924041629 2.6810215786099434e-05 5.049868952482939e-05 5.0287102349102495e-05 2.6323790661990644e-05 1.137027400545776e-05 6.691196467727423e-06 3.1326303724199534e-06 1.0723908053478225e-06 8.870726742316037e-07 2.872195000236388e-07 7.908870429673698e-08 4.491824711294612e-08 1.598768676558393e-08 7.3144326506735524e-09 3.0124527938824033e-09 1.0306440856311384e-09 4.2002930911166915e-10 7.68374808224337e-12 -1.5925124066673568e-13 3.606621845619884e-10 5.498138122561614e-10 2.524982001261833e-10 -8.540115836730423e-12 -1.9290573582964044e-11 -8.627346059775221e-12 -3.859070007994347e-12 -1.1406710298533795e-12 0.0 0.0 
0.0 0.0 0.0 0.06104633092880249 0.00018506370717659594 5.056343507021666e-05 5.46719366684556e-05 2.1863330621272327e-05 6.382652209140361e-06 4.400521283969283e-06 1.858187170000747e-06 1.2670575233642012e-06 7.971443847054616e-07 3.477622158243321e-07 1.3246823982626665e-07 5.090659215056803e-08 1.6647574057060412e-08 8.278901759695146e-09 4.4634063556259205e-09 1.93019943139916e-09 1.333912962309114e-09 4.739244019447142e-10 2.2410679534345946e-10 2.108800023492563e-11 1.6384074541520022e-10 5.39473390404055e-10 1.809033634003754e-10 2.099340035144337e-11 -7.891855918762403e-13 -1.681007139042734e-12 -5.076784131974321e-13 0.0 0.0 
0.0 0.0 0.0 0.0 0.04073710739612579 0.000977526518981904 2.94711091555655e-05 1.1822482338175178e-05 4.749931977130473e-06 2.545106690376997e-06 1.6805804625619203e-06 1.303117023780942e-06 6.119945464888588e-07 2.8170110454084353e-07 1.2975104255019687e-07 5.198613962420495e-08 2.0188517737551594e-08 8.067761427810183e-09 3.6606169828701243e-09 2.452374872063956e-09 1.2548167660497712e-09 6.153089060489947e-10 4.468425984782698e-10 3.066819909136598e-11 5.765435906468497e-12 2.4821959598853026e-10 3.8137361713097563e-10 1.0790669691118637e-10 3.519847968647128e-11 1.6044345851895513e-11 6.01862615301485e-12 0.0 0.0 
0.0 0.0 0.0 0.0 0.0 0.05325873851776124 0.006994812651537359 1.2159098405390978e-05 3.7060840986669064e-06 6.70377557980828e-07 -1.5953477486618794e-07 -1.596198126208037e-07 1.2600626178027597e-07 -7.677415396756259e-09 4.469606267321069e-09 -1.274833465458869e-09 -1.2350550093742641e-09 6.272042440969017e-10 -8.566536990883833e-10 -1.4187857289016392e-09 -2.480440457475197e-09 -4.3213489675508755e-10 -3.8565463711393024e-10 -1.5662363850310613e-10 -4.43009939843364e-11 -5.866276797661385e-11 -4.2756713725111694e-11 -1.030875496077499e-11 -3.328284314818575e-12 -2.499422058210854e-12 0.0 0.0 0.0 
0.0 0.0 0.0 0.0 0.0 0.0 0.02198861539363861 -0.002964020688086748 -3.764698064401273e-10 5.225785207585432e-07 5.859094380866736e-07 2.964751001854893e-07 -1.0573887266218662e-07 9.113413170780405e-09 3.3453127912252966e-09 -4.1312338794341484e-09 -9.522771904357797e-10 -1.7135208807417259e-10 -6.030460575345842e-11 -9.519494170717735e-10 -1.8760783149218697e-10 -1.0500797564816367e-10 -9.603107642419673e-11 -3.258306513487242e-11 -1.1551222200978373e-11 -7.2444039656005544e-12 -5.7944555403866e-13 -6.08657180212191e-12 -5.166118643984419e-12 -2.0952499457660425e-12 0.0 0.0 0.0 
0.0 0.0 0.0 0.0 0.0 0.0 0.0 0.03846303820610046 0.003392908470705152 1.4377979096025229e-06 6.949993913707431e-12 2.3988779851435993e-11 -5.964791993662288e-12 5.67943025941986e-12 1.4828221983620438e-12 1.3390513697864038e-12 1.3811682353370714e-12 1.404551058792336e-12 -3.0846458720645842e-12 -3.0916158522131807e-13 -1.9262945405440491e-13 -7.025800080606715e-14 -1.2130859684822416e-13 0.0 0.0 0.0 0.0 0.0 0.0 0.0 0.0 0.0 0.0 
0.0 0.0 0.0 0.0 0.0 0.0 0.0 0.0 0.0060455785691738125 0.0003193947207182646 5.501828127307818e-07 1.1113304026366678e-07 1.1964385748797213e-08 0.0 0.0 0.0 0.0 0.0 0.0 0.0 0.0 0.0 0.0 0.0 0.0 0.0 0.0 0.0 0.0 0.0 0.0 0.0 0.0 
0.0 0.0 0.0 0.0 0.0 0.0 0.0 0.0 0.0 0.003402034342288971 -0.0001794904237613082 -1.575405076437164e-07 1.0987499763359666e-08 4.958471890859073e-09 1.1502746133373876e-09 2.68633399969076e-10 6.58886012416815e-11 1.4666972081300855e-11 1.7847889832722786e-12 2.8922481076776308e-12 -2.6825600768498603e-13 -2.1818120227168338e-13 -2.653561918808389e-13 -1.0660521944372281e-13 0.0 0.0 0.0 0.0 0.0 0.0 0.0 0.0 0.0 
0.0 0.0 0.0 0.0 0.0 0.0 0.0 0.0 0.0 0.0 0.0018461248930543663 -0.00039983365684747695 1.9057514145970345e-06 1.0909716365858913e-07 0.0 0.0 0.0 0.0 0.0 0.0 0.0 0.0 0.0 0.0 0.0 0.0 0.0 0.0 0.0 0.0 0.0 0.0 0.0 
0.0 0.0 0.0 0.0 0.0 0.0 0.0 0.0 0.0 0.0 0.0 0.001141008697450161 -0.0005062741972506047 5.875869828741997e-07 2.24777395487763e-07 7.082006050040945e-08 1.9025916344617145e-08 3.869195950301219e-09 5.807673986168993e-10 -4.050369817321098e-11 -1.1189198012573342e-10 -7.192434203773246e-11 -8.067117640564447e-11 -3.130151915442525e-11 -1.1747903760905843e-11 -1.560508611220257e-11 -9.860742222755903e-12 -4.7816561821178995e-12 -2.716649960543549e-12 -2.5025440053561e-12 -1.7261719831296319e-12 0.0 0.0 
0.0 0.0 0.0 0.0 0.0 0.0 0.0 0.0 0.0 0.0 0.0 0.0 0.0008650672063231469 -0.0005588821880519391 0.0 0.0 0.0 0.0 0.0 0.0 0.0 0.0 0.0 0.0 0.0 0.0 0.0 0.0 0.0 0.0 0.0 0.0 0.0 
0.0 0.0 0.0 0.0 0.0 0.0 0.0 0.0 0.0 0.0 0.0 0.0 0.0 0.00077204798348248 -0.0005936822039075196 0.0 0.0 0.0 0.0 0.0 0.0 0.0 0.0 0.0 0.0 0.0 0.0 0.0 0.0 0.0 0.0 0.0 0.0 
0.0 0.0 0.0 0.0 0.0 0.0 0.0 0.0 0.0 0.0 0.0 0.0 0.0 0.0 0.0008200253918766975 -0.0006840963009744883 0.0 0.0 0.0 0.0 0.0 0.0 0.0 0.0 0.0 0.0 0.0 0.0 0.0 0.0 0.0 0.0 0.0 
0.0 0.0 0.0 0.0 0.0 0.0 0.0 0.0 0.0 0.0 0.0 0.0 0.0 0.0 0.0 0.0008262898121029139 -0.0007051340024918318 0.0 0.0 0.0 0.0 0.0 0.0 0.0 0.0 0.0 0.0 0.0 0.0 0.0 0.0 0.0 0.0 
0.0 0.0 0.0 0.0 0.0 0.0 0.0 0.0 0.0 0.0 0.0 0.0 0.0 0.0 0.0 0.0 0.0007446737098507583 -0.0006246453733183444 0.0 0.0 0.0 0.0 0.0 0.0 0.0 0.0 0.0 0.0 0.0 0.0 0.0 0.0 0.0 
0.0 0.0 0.0 0.0 0.0 0.0 0.0 0.0 0.0 0.0 0.0 0.0 0.0 0.0 0.0 0.0 0.0 0.0007915115961804986 -0.0006695424672216177 0.0 0.0 0.0 0.0 0.0 0.0 0.0 0.0 0.0 0.0 0.0 0.0 0.0 0.0 
0.0 0.0 0.0 0.0 0.0 0.0 0.0 0.0 0.0 0.0 0.0 0.0 0.0 0.0 0.0 0.0 0.0 0.0 -2.0650178194045986e-05 0.00014370720833539958 0.0 0.0 0.0 0.0 0.0 0.0 0.0 0.0 0.0 0.0 0.0 0.0 0.0 
0.0 0.0 0.0 0.0 0.0 0.0 0.0 0.0 0.0 0.0 0.0 0.0 0.0 0.0 0.0 0.0 0.0 0.0 0.0 0.0007549544563516975 -0.0006311617605388165 0.0 0.0 0.0 0.0 0.0 0.0 0.0 0.0 0.0 0.0 0.0 0.0 
0.0 0.0 0.0 0.0 0.0 0.0 0.0 0.0 0.0 0.0 0.0 0.0 0.0 0.0 0.0 0.0 0.0 0.0 0.0 0.0 0.000757453499827534 -0.0006341168214567006 0.0 0.0 0.0 0.0 0.0 0.0 0.0 0.0 0.0 0.0 0.0 
0.0 0.0 0.0 0.0 0.0 0.0 0.0 0.0 0.0 0.0 0.0 0.0 0.0 0.0 0.0 0.0 0.0 0.0 0.0 0.0 0.0 0.0009135100059211254 -0.0007900284649804234 0.0 0.0 0.0 0.0 0.0 0.0 0.0 0.0 0.0 0.0 
0.0 0.0 0.0 0.0 0.0 0.0 0.0 0.0 0.0 0.0 0.0 0.0 0.0 0.0 0.0 0.0 0.0 0.0 0.0 0.0 0.0 0.0 0.0005660092341713607 -0.0004399668687256053 0.0 0.0 0.0 0.0 0.0 0.0 0.0 0.0 0.0 
0.0 0.0 0.0 0.0 0.0 0.0 0.0 0.0 0.0 0.0 0.0 0.0 0.0 0.0 0.0 0.0 0.0 0.0 0.0 0.0 0.0 0.0 0.0 0.0007824360684026033 -0.0006549680314492434 0.0 0.0 0.0 0.0 0.0 0.0 0.0 0.0 
0.0 0.0 0.0 0.0 0.0 0.0 0.0 0.0 0.0 0.0 0.0 0.0 0.0 0.0 0.0 0.0 0.0 0.0 0.0 0.0 0.0 0.0 0.0 0.0 0.0012546770926564932 -0.0011313609313219786 0.0 0.0 0.0 0.0 0.0 0.0 0.0 
0.0 0.0 0.0 0.0 0.0 0.0 0.0 0.0 0.0 0.0 0.0 0.0 0.0 0.0 0.0 0.0 0.0 0.0 0.0 0.0 0.0 0.0 0.0 0.0 0.0 0.0007469878275878728 -0.0006219077459536493 0.0 0.0 0.0 0.0 0.0 0.0 
0.0 0.0 0.0 0.0 0.0 0.0 0.0 0.0 0.0 0.0 0.0 0.0 0.0 0.0 0.0 0.0 0.0 0.0 0.0 0.0 0.0 0.0 0.0 0.0 0.0 0.0 0.0006936651607975363 -0.000562539347447455 0.0 0.0 0.0 0.0 0.0 
0.0 0.0 0.0 0.0 0.0 0.0 0.0 0.0 0.0 0.0 0.0 0.0 0.0 0.0 0.0 0.0 0.0 0.0 0.0 0.0 0.0 0.0 0.0 0.0 0.0 0.0 0.0 0.0007550446921959519 -0.0006277111425879411 0.0 0.0 0.0 0.0 
0.0 0.0 0.0 0.0 0.0 0.0 0.0 0.0 0.0 0.0 0.0 0.0 0.0 0.0 0.0 0.0 0.0 0.0 0.0 0.0 0.0 0.0 0.0 0.0 0.0 0.0 0.0 0.0 0.0007529326697112992 -0.0006296284607378766 0.0 0.0 0.0 
0.0 0.0 0.0 0.0 0.0 0.0 0.0 0.0 0.0 0.0 0.0 0.0 0.0 0.0 0.0 0.0 0.0 0.0 0.0 0.0 0.0 0.0 0.0 0.0 0.0 0.0 0.0 0.0 0.0 0.000552630799356848 -0.0004286075333948247 0.0 0.0 
0.0 0.0 0.0 0.0 0.0 0.0 0.0 0.0 0.0 0.0 0.0 0.0 0.0 0.0 0.0 0.0 0.0 0.0 0.0 0.0 0.0 0.0 0.0 0.0 0.0 0.0 0.0 0.0 0.0 0.0 0.00028024264771374873 -0.00015690793872636278 0.0 
0.0 0.0 0.0 0.0 0.0 0.0 0.0 0.0 0.0 0.0 0.0 0.0 0.0 0.0 0.0 0.0 0.0 0.0 0.0 0.0 0.0 0.0 0.0 0.0 0.0 0.0 0.0 0.0 0.0 0.0 0.0 0.00031172447706921956 -0.00018796856798871886 
0.0 0.0 0.0 0.0 0.0 0.0 0.0 0.0 0.0 0.0 0.0 0.0 0.0 0.0 0.0 0.0 0.0 0.0 0.0 0.0 0.0 0.0 0.0 0.0 0.0 0.0 0.0 0.0 0.0 0.0 0.0 0.0 0.0001274904725141823 
 ); 
P3 ( 0.043423547744750976 -4.109020825126208e-05 0.00020699244940260543 -0.00013338673859834672 2.4777744547463955e-05 1.1367992010491434e-06 -1.2884595525974874e-06 1.910281630443933e-06 -2.477535599609837e-07 7.614769856445492e-07 3.68060173059348e-07 -2.074978181099141e-07 5.814885895460975e-08 6.13655117831513e-10 -4.208042359010733e-11 -3.7655628615240744e-11 -1.788264564206443e-11 -2.768402174169182e-12 -2.3605021149536446e-12 -2.152977757012564e-12 2.82722679902786e-13 3.7805638543764875e-11 9.259218549588326e-10 -3.51321194965587e-11 -4.201949482265065e-11 -2.5382881473773324e-12 -9.712823806958677e-16 7.024949650180972e-29 -6.868277868469796e-28 0.0 0.0 0.0 0.0 
0.0 0.04855106770992279 0.001476452590432018 1.0544240431045181e-05 1.7086387815652414e-05 -2.2229960522963667e-05 7.527107973146485e-06 -1.1564311898837332e-06 -4.3048367115261495e-06 2.3306699222302997e-06 -1.3739027053816245e-08 4.7385608013428284e-07 2.582354227342876e-08 1.6195103853533512e-08 1.3493550170551317e-08 4.718907727435662e-08 8.043558068493528e-09 -4.0713644011702855e-10 1.5191494284744979e-10 -1.7107910642836797e-11 -9.66434733629118e-11 -4.1933756467216194e-11 3.212102717142784e-10 6.681726683055445e-10 5.813384440500613e-11 -3.6592784358191466e-11 -4.1401999606449635e-11 -1.2767693569060157e-11 -4.139572504224809e-12 -3.954694037522355e-12 -4.984715973321842e-12 0.0 0.0 
0.0 0.0 0.060682732462883 0.00014717897633090613 1.5047824126668274e-06 3.2203280716203154e-06 5.122546099300962e-08 -6.139849517694529e-11 3.6430159866540633e-09 5.255315045360476e-07 -6.997384843998588e-08 5.264790615910897e-08 -1.2830146260967013e-08 -2.9474492748704507e-08 8.584273132328235e-09 1.416519523900206e-10 -3.1393679322810895e-13 -1.9031118694834427e-13 -4.444200216169314e-14 -5.46385419547546e-14 -4.465507824624737e-14 0.0 -1.5508483386383887e-10 3.2138821381977325e-10 5.341408026993122e-10 2.5163320316323733e-10 1.2723934406100312e-12 -1.673412852731815e-11 -8.061502021483592e-12 -3.605964138397866e-12 -1.0658574023381106e-12 0.0 0.0 
0.0 0.0 0.0 0.0432779860496521 -3.1836727866902944e-05 2.3788055113982408e-06 -1.3784420827001043e-12 -2.0566559566503884e-11 3.76775869881385e-08 -9.959501312550855e-10 -4.3611848923319486e-08 2.4239918730017964e-08 6.324886726361001e-08 -8.999512033369683e-09 -8.219945470955281e-09 6.734036901434593e-09 -4.46482739668852e-12 -2.9445712534936774e-12 -5.065296099227012e-13 -4.582121834739717e-13 -4.173052181588588e-13 -1.5683659232434977e-13 -3.8384584399864256e-11 -9.720364069210064e-11 1.5265502639749684e-10 5.161487948157628e-10 1.762890811107809e-10 2.6759900961792483e-11 3.909575996274839e-12 9.194865702166766e-13 2.672236043554932e-13 0.0 0.0 
0.0 0.0 0.0 0.0 0.028594840168952942 -0.0003534375817980618 -1.887930411612615e-06 6.066177320462884e-08 -5.5881578191474545e-08 7.941599506011698e-08 1.235720992553979e-07 2.213479547208408e-08 2.6393358893983532e-08 2.454454715916654e-08 -4.4860667003376876e-09 -2.110264460952749e-09 2.115767614441211e-09 5.878440512141481e-12 -6.405605212922438e-13 -1.2914657190887803e-13 -1.182681903799665e-13 -1.7091482309300466e-14 -1.447865577430818e-12 -9.527138189469043e-11 -5.0583259803005374e-12 2.3979419339070774e-10 3.475382115425418e-10 9.03518593275976e-11 2.7640920663429824e-11 1.1339440497692977e-11 3.1916361220574174e-12 0.0 0.0 
0.0 0.0 0.0 0.0 0.0 0.02181405544281006 -0.003985670150723308 -4.2813547770492736e-06 -5.532858995138668e-07 -1.3621379366668407e-08 5.406466243584873e-08 5.0700941756076646e-08 -4.599122803483624e-08 2.4658126651644352e-11 1.530309745589875e-10 -9.308408976949068e-10 2.7711521966011787e-10 -5.820249171506475e-11 -5.874169417552367e-10 -4.638160078229703e-10 1.0319431531513601e-10 -7.912878352556163e-11 -7.572174887116034e-11 -2.926962450189308e-11 -1.0880193412887707e-11 -1.8543414581628782e-11 -2.5052313556983562e-11 -4.56824272854206e-12 4.4105861324306163e-13 -1.1496208152106391e-12 0.0 0.0 0.0 
0.0 0.0 0.0 0.0 0.0 0.0 0.007222653580829502 -0.0015140473423525692 -8.248853333725493e-10 -6.977888915571384e-08 -7.492316854040837e-08 -6.396790013241116e-08 5.571851943386719e-08 -6.698205368138588e-10 -2.3475285715335306e-10 -2.927309949996015e-10 -1.468164967377561e-10 -6.25369889206695e-11 -4.753256455103383e-11 -1.2223341450123825e-10 -3.159221328985495e-11 -1.1705656444149782e-11 -1.4282151017397383e-11 -5.866840346868685e-12 -1.5303346090345115e-12 -1.7070764246618354e-12 -4.463906729066519e-15 -7.257270340232935e-12 -5.4350896006027935e-12 -2.778273999748393e-12 0.0 0.0 0.0 
0.0 0.0 0.0 0.0 0.0 0.0 0.0 0.006365002691745758 -0.0005223612952977419 5.1556958169385324e-08 3.912792034821422e-12 -6.055259765824772e-13 -1.2259464277075693e-13 -5.464920183051447e-14 -2.4085859175182467e-14 -5.754671963427568e-17 1.8429474526321376e-14 3.5393339734707263e-14 -1.9576715248881272e-13 -1.1125008032852879e-13 -3.3460460964473973e-14 -2.6901100704662674e-14 -8.966947735548902e-15 0.0 0.0 0.0 0.0 0.0 0.0 0.0 0.0 0.0 0.0 
0.0 0.0 0.0 0.0 0.0 0.0 0.0 0.0 0.0009433516766875983 -1.1863771360367539e-05 3.6521139463729927e-08 7.953066187837976e-09 4.860219959823553e-10 0.0 0.0 0.0 0.0 0.0 0.0 0.0 0.0 0.0 0.0 0.0 0.0 0.0 0.0 0.0 0.0 0.0 0.0 0.0 0.0 
0.0 0.0 0.0 0.0 0.0 0.0 0.0 0.0 0.0 0.0002575857553165406 -9.044388425536452e-06 -1.3120898074703293e-07 1.1495264118366321e-09 3.435264162021667e-10 7.25230808740207e-11 1.738352572999702e-11 4.295052091762841e-12 9.866094052846108e-13 1.3592370284865042e-13 1.0500753912234817e-13 -3.4067640201917994e-14 -2.42827004164059e-14 -4.051244149178013e-14 -1.0134338030223789e-14 0.0 0.0 0.0 0.0 0.0 0.0 0.0 0.0 0.0 
0.0 0.0 0.0 0.0 0.0 0.0 0.0 0.0 0.0 0.0 6.87313114758581e-05 -4.8478727694600825e-06 -1.4844966244709213e-07 -2.53290409091278e-08 0.0 0.0 0.0 0.0 0.0 0.0 0.0 0.0 0.0 0.0 0.0 0.0 0.0 0.0 0.0 0.0 0.0 0.0 0.0 
0.0 0.0 0.0 0.0 0.0 0.0 0.0 0.0 0.0 0.0 0.0 2.07464283448644e-05 -5.579967983067035e-06 -9.117100034927717e-09 -7.046725727377634e-09 -1.913217744231588e-09 -6.922547868271067e-10 -2.1310000875018886e-10 -7.257244138969555e-11 -3.0592000044293853e-11 -1.544896433003373e-11 -7.523959788535707e-12 -7.95793375640841e-12 -5.107009815041863e-12 -6.959312293108866e-13 -1.1798935439788495e-12 -1.1669945565451202e-12 -6.591339973827104e-13 -2.458134043537008e-13 -4.380799889514009e-13 -6.755235953948003e-13 0.0 0.0 
0.0 0.0 0.0 0.0 0.0 0.0 0.0 0.0 0.0 0.0 0.0 0.0 9.53414069954306e-06 -7.416456937789917e-06 0.0 0.0 0.0 0.0 0.0 0.0 0.0 0.0 0.0 0.0 0.0 0.0 0.0 0.0 0.0 0.0 0.0 0.0 0.0 
0.0 0.0 0.0 0.0 0.0 0.0 0.0 0.0 0.0 0.0 0.0 0.0 0.0 4.19754721224308e-05 -4.271509125828743e-05 0.0 0.0 0.0 0.0 0.0 0.0 0.0 0.0 0.0 0.0 0.0 0.0 0.0 0.0 0.0 0.0 0.0 0.0 
0.0 0.0 0.0 0.0 0.0 0.0 0.0 0.0 0.0 0.0 0.0 0.0 0.0 0.0 -4.1455519967712464e-05 3.98427719483152e-05 0.0 0.0 0.0 0.0 0.0 0.0 0.0 0.0 0.0 0.0 0.0 0.0 0.0 0.0 0.0 0.0 0.0 
0.0 0.0 0.0 0.0 0.0 0.0 0.0 0.0 0.0 0.0 0.0 0.0 0.0 0.0 0.0 -9.511525277048352e-06 1.0246128076687454e-05 0.0 0.0 0.0 0.0 0.0 0.0 0.0 0.0 0.0 0.0 0.0 0.0 0.0 0.0 0.0 0.0 
0.0 0.0 0.0 0.0 0.0 0.0 0.0 0.0 0.0 0.0 0.0 0.0 0.0 0.0 0.0 0.0 0.00014369055279530584 -0.00014297914458438754 0.0 0.0 0.0 0.0 0.0 0.0 0.0 0.0 0.0 0.0 0.0 0.0 0.0 0.0 0.0 
0.0 0.0 0.0 0.0 0.0 0.0 0.0 0.0 0.0 0.0 0.0 0.0 0.0 0.0 0.0 0.0 0.0 2.0961083937436342e-05 -1.842311234213412e-05 0.0 0.0 0.0 0.0 0.0 0.0 0.0 0.0 0.0 0.0 0.0 0.0 0.0 0.0 
0.0 0.0 0.0 0.0 0.0 0.0 0.0 0.0 0.0 0.0 0.0 0.0 0.0 0.0 0.0 0.0 0.0 0.0 -0.0013795577955897898 0.001382149698911235 0.0 0.0 0.0 0.0 0.0 0.0 0.0 0.0 0.0 0.0 0.0 0.0 0.0 
0.0 0.0 0.0 0.0 0.0 0.0 0.0 0.0 0.0 0.0 0.0 0.0 0.0 0.0 0.0 0.0 0.0 0.0 0.0 1.3490425189957024e-05 -1.1002766477758996e-05 0.0 0.0 0.0 0.0 0.0 0.0 0.0 0.0 0.0 0.0 0.0 0.0 
0.0 0.0 0.0 0.0 0.0 0.0 0.0 0.0 0.0 0.0 0.0 0.0 0.0 0.0 0.0 0.0 0.0 0.0 0.0 0.0 1.1796565777331125e-05 -1.048229867592454e-05 0.0 0.0 0.0 0.0 0.0 0.0 0.0 0.0 0.0 0.0 0.0 
0.0 0.0 0.0 0.0 0.0 0.0 0.0 0.0 0.0 0.0 0.0 0.0 0.0 0.0 0.0 0.0 0.0 0.0 0.0 0.0 0.0 1.5285072295228018e-05 -1.4466706652456197e-05 0.0 0.0 0.0 0.0 0.0 0.0 0.0 0.0 0.0 0.0 
0.0 0.0 0.0 0.0 0.0 0.0 0.0 0.0 0.0 0.0 0.0 0.0 0.0 0.0 0.0 0.0 0.0 0.0 0.0 0.0 0.0 0.0 9.388878170284443e-06 -8.24727244435053e-06 0.0 0.0 0.0 0.0 0.0 0.0 0.0 0.0 0.0 
0.0 0.0 0.0 0.0 0.0 0.0 0.0 0.0 0.0 0.0 0.0 0.0 0.0 0.0 0.0 0.0 0.0 0.0 0.0 0.0 0.0 0.0 0.0 1.2978083541383967e-05 -1.2084935124221374e-05 0.0 0.0 0.0 0.0 0.0 0.0 0.0 0.0 
0.0 0.0 0.0 0.0 0.0 0.0 0.0 0.0 0.0 0.0 0.0 0.0 0.0 0.0 0.0 0.0 0.0 0.0 0.0 0.0 0.0 0.0 0.0 0.0 2.6071493048220874e-05 -2.5908846873790024e-05 0.0 0.0 0.0 0.0 0.0 0.0 0.0 
0.0 0.0 0.0 0.0 0.0 0.0 0.0 0.0 0.0 0.0 0.0 0.0 0.0 0.0 0.0 0.0 0.0 0.0 0.0 0.0 0.0 0.0 0.0 0.0 0.0 1.2245681064086967e-05 -1.1885443745995871e-05 0.0 0.0 0.0 0.0 0.0 0.0 
0.0 0.0 0.0 0.0 0.0 0.0 0.0 0.0 0.0 0.0 0.0 0.0 0.0 0.0 0.0 0.0 0.0 0.0 0.0 0.0 0.0 0.0 0.0 0.0 0.0 0.0 1.1341604549670592e-05 -1.076482847565785e-05 0.0 0.0 0.0 0.0 0.0 
0.0 0.0 0.0 0.0 0.0 0.0 0.0 0.0 0.0 0.0 0.0 0.0 0.0 0.0 0.0 0.0 0.0 0.0 0.0 0.0 0.0 0.0 0.0 0.0 0.0 0.0 0.0 1.2038157510687597e-05 -1.1796873282037267e-05 0.0 0.0 0.0 0.0 
0.0 0.0 0.0 0.0 0.0 0.0 0.0 0.0 0.0 0.0 0.0 0.0 0.0 0.0 0.0 0.0 0.0 0.0 0.0 0.0 0.0 0.0 0.0 0.0 0.0 0.0 0.0 0.0 1.1953208404520411e-05 -1.1824421087567317e-05 0.0 0.0 0.0 
0.0 0.0 0.0 0.0 0.0 0.0 0.0 0.0 0.0 0.0 0.0 0.0 0.0 0.0 0.0 0.0 0.0 0.0 0.0 0.0 0.0 0.0 0.0 0.0 0.0 0.0 0.0 0.0 0.0 8.201179205116204e-06 -8.066531763688544e-06 0.0 0.0 
0.0 0.0 0.0 0.0 0.0 0.0 0.0 0.0 0.0 0.0 0.0 0.0 0.0 0.0 0.0 0.0 0.0 0.0 0.0 0.0 0.0 0.0 0.0 0.0 0.0 0.0 0.0 0.0 0.0 0.0 3.128791089466176e-06 -2.962172820559772e-06 0.0 
0.0 0.0 0.0 0.0 0.0 0.0 0.0 0.0 0.0 0.0 0.0 0.0 0.0 0.0 0.0 0.0 0.0 0.0 0.0 0.0 0.0 0.0 0.0 0.0 0.0 0.0 0.0 0.0 0.0 0.0 0.0 3.739598906236097e-06 -3.5760463026690563e-06 
0.0 0.0 0.0 0.0 0.0 0.0 0.0 0.0 0.0 0.0 0.0 0.0 0.0 0.0 0.0 0.0 0.0 0.0 0.0 0.0 0.0 0.0 0.0 0.0 0.0 0.0 0.0 0.0 0.0 0.0 0.0 0.0 1.9124883692711592e-07 
 ); 
