numberOfGroups 33; 
capture ( 0.008176778317822486 0.004726394163754533 0.00157196142808517 1.3524948465147802e-05 2.2867515760246706e-06 2.299262186589246e-06 2.4199353728846517e-06 2.828584972980508e-06 3.792208415242726e-06 5.503984586449918e-06 8.019283268390609e-06 1.1422611669453887e-05 1.5984200791513104e-05 2.2153131499976553e-05 3.0153066904949812e-05 4.044519815695935e-05 5.3439263175329193e-05 6.954215129846943e-05 8.901331640797709e-05 0.00011321770546840072 0.0001454018845192195 0.00018214708415523548 0.00024202393126824973 0.00032623237257093935 0.00039638097261527044 0.00048813869945652194 0.000643046502065863 0.0008406632872783121 0.0010794352208067723 0.0014732084037901586 0.0030252126183586375 0.0075159977785762755 0.020622796879598174  ); 
scatteringMultiplicity ( 1.0 1.0 1.0 1.0 1.0 1.0 1.0 1.0 1.0 1.0 1.0 1.0 1.0 1.0 1.0 1.0 1.0 1.0 1.0 1.0 1.0 1.0 1.0 1.0 1.0 1.0 1.0 1.0 1.0 1.0 1.0 1.0 1.0 
1.0 1.0 1.0 1.0 1.0 1.0 1.0 1.0 1.0 1.0 1.0 1.0 1.0 1.0 1.0 1.0 1.0 1.0 1.0 1.0 1.0 1.0 1.0 1.0 1.0 1.0 1.0 1.0 1.0 1.0 1.0 1.0 1.0 
1.0 1.0 1.0 1.0 1.0 1.0 1.0 1.0 1.0 1.0 1.0 1.0 1.0 1.0 1.0 1.0 1.0 1.0 1.0 1.0 1.0 1.0 1.0 1.0 1.0 1.0 1.0 1.0 1.0 1.0 1.0 1.0 1.0 
1.0 1.0 1.0 1.0 1.0 1.0 1.0 1.0 1.0 1.0 1.0 1.0 1.0 1.0 1.0 1.0 1.0 1.0 1.0 1.0 1.0 1.0 1.0 1.0 1.0 1.0 1.0 1.0 1.0 1.0 1.0 1.0 1.0 
1.0 1.0 1.0 1.0 1.0 1.0 1.0 1.0 1.0 1.0 1.0 1.0 1.0 1.0 1.0 1.0 1.0 1.0 1.0 1.0 1.0 1.0 1.0 1.0 1.0 1.0 1.0 1.0 1.0 1.0 1.0 1.0 1.0 
1.0 1.0 1.0 1.0 1.0 1.0 1.0 1.0 1.0 1.0 1.0 1.0 1.0 1.0 1.0 1.0 1.0 1.0 1.0 1.0 1.0 1.0 1.0 1.0 1.0 1.0 1.0 1.0 1.0 1.0 1.0 1.0 1.0 
1.0 1.0 1.0 1.0 1.0 1.0 1.0 1.0 1.0 1.0 1.0 1.0 1.0 1.0 1.0 1.0 1.0 1.0 1.0 1.0 1.0 1.0 1.0 1.0 1.0 1.0 1.0 1.0 1.0 1.0 1.0 1.0 1.0 
1.0 1.0 1.0 1.0 1.0 1.0 1.0 1.0 1.0 1.0 1.0 1.0 1.0 1.0 1.0 1.0 1.0 1.0 1.0 1.0 1.0 1.0 1.0 1.0 1.0 1.0 1.0 1.0 1.0 1.0 1.0 1.0 1.0 
1.0 1.0 1.0 1.0 1.0 1.0 1.0 1.0 1.0 1.0 1.0 1.0 1.0 1.0 1.0 1.0 1.0 1.0 1.0 1.0 1.0 1.0 1.0 1.0 1.0 1.0 1.0 1.0 1.0 1.0 1.0 1.0 1.0 
1.0 1.0 1.0 1.0 1.0 1.0 1.0 1.0 1.0 1.0 1.0 1.0 1.0 1.0 1.0 1.0 1.0 1.0 1.0 1.0 1.0 1.0 1.0 1.0 1.0 1.0 1.0 1.0 1.0 1.0 1.0 1.0 1.0 
1.0 1.0 1.0 1.0 1.0 1.0 1.0 1.0 1.0 1.0 1.0 1.0 1.0 1.0 1.0 1.0 1.0 1.0 1.0 1.0 1.0 1.0 1.0 1.0 1.0 1.0 1.0 1.0 1.0 1.0 1.0 1.0 1.0 
1.0 1.0 1.0 1.0 1.0 1.0 1.0 1.0 1.0 1.0 1.0 1.0 1.0 1.0 1.0 1.0 1.0 1.0 1.0 1.0 1.0 1.0 1.0 1.0 1.0 1.0 1.0 1.0 1.0 1.0 1.0 1.0 1.0 
1.0 1.0 1.0 1.0 1.0 1.0 1.0 1.0 1.0 1.0 1.0 1.0 1.0 1.0 1.0 1.0 1.0 1.0 1.0 1.0 1.0 1.0 1.0 1.0 1.0 1.0 1.0 1.0 1.0 1.0 1.0 1.0 1.0 
1.0 1.0 1.0 1.0 1.0 1.0 1.0 1.0 1.0 1.0 1.0 1.0 1.0 1.0 1.0 1.0 1.0 1.0 1.0 1.0 1.0 1.0 1.0 1.0 1.0 1.0 1.0 1.0 1.0 1.0 1.0 1.0 1.0 
1.0 1.0 1.0 1.0 1.0 1.0 1.0 1.0 1.0 1.0 1.0 1.0 1.0 1.0 1.0 1.0 1.0 1.0 1.0 1.0 1.0 1.0 1.0 1.0 1.0 1.0 1.0 1.0 1.0 1.0 1.0 1.0 1.0 
1.0 1.0 1.0 1.0 1.0 1.0 1.0 1.0 1.0 1.0 1.0 1.0 1.0 1.0 1.0 1.0 1.0 1.0 1.0 1.0 1.0 1.0 1.0 1.0 1.0 1.0 1.0 1.0 1.0 1.0 1.0 1.0 1.0 
1.0 1.0 1.0 1.0 1.0 1.0 1.0 1.0 1.0 1.0 1.0 1.0 1.0 1.0 1.0 1.0 1.0 1.0 1.0 1.0 1.0 1.0 1.0 1.0 1.0 1.0 1.0 1.0 1.0 1.0 1.0 1.0 1.0 
1.0 1.0 1.0 1.0 1.0 1.0 1.0 1.0 1.0 1.0 1.0 1.0 1.0 1.0 1.0 1.0 1.0 1.0 1.0 1.0 1.0 1.0 1.0 1.0 1.0 1.0 1.0 1.0 1.0 1.0 1.0 1.0 1.0 
1.0 1.0 1.0 1.0 1.0 1.0 1.0 1.0 1.0 1.0 1.0 1.0 1.0 1.0 1.0 1.0 1.0 1.0 1.0 1.0 1.0 1.0 1.0 1.0 1.0 1.0 1.0 1.0 1.0 1.0 1.0 1.0 1.0 
1.0 1.0 1.0 1.0 1.0 1.0 1.0 1.0 1.0 1.0 1.0 1.0 1.0 1.0 1.0 1.0 1.0 1.0 1.0 1.0 1.0 1.0 1.0 1.0 1.0 1.0 1.0 1.0 1.0 1.0 1.0 1.0 1.0 
1.0 1.0 1.0 1.0 1.0 1.0 1.0 1.0 1.0 1.0 1.0 1.0 1.0 1.0 1.0 1.0 1.0 1.0 1.0 1.0 1.0 1.0 1.0 1.0 1.0 1.0 1.0 1.0 1.0 1.0 1.0 1.0 1.0 
1.0 1.0 1.0 1.0 1.0 1.0 1.0 1.0 1.0 1.0 1.0 1.0 1.0 1.0 1.0 1.0 1.0 1.0 1.0 1.0 1.0 1.0 1.0 1.0 1.0 1.0 1.0 1.0 1.0 1.0 1.0 1.0 1.0 
1.0 1.0 1.0 1.0 1.0 1.0 1.0 1.0 1.0 1.0 1.0 1.0 1.0 1.0 1.0 1.0 1.0 1.0 1.0 1.0 1.0 1.0 1.0 1.0 1.0 1.0 1.0 1.0 1.0 1.0 1.0 1.0 1.0 
1.0 1.0 1.0 1.0 1.0 1.0 1.0 1.0 1.0 1.0 1.0 1.0 1.0 1.0 1.0 1.0 1.0 1.0 1.0 1.0 1.0 1.0 1.0 1.0 1.0 1.0 1.0 1.0 1.0 1.0 1.0 1.0 1.0 
1.0 1.0 1.0 1.0 1.0 1.0 1.0 1.0 1.0 1.0 1.0 1.0 1.0 1.0 1.0 1.0 1.0 1.0 1.0 1.0 1.0 1.0 1.0 1.0 1.0 1.0 1.0 1.0 1.0 1.0 1.0 1.0 1.0 
1.0 1.0 1.0 1.0 1.0 1.0 1.0 1.0 1.0 1.0 1.0 1.0 1.0 1.0 1.0 1.0 1.0 1.0 1.0 1.0 1.0 1.0 1.0 1.0 1.0 1.0 1.0 1.0 1.0 1.0 1.0 1.0 1.0 
1.0 1.0 1.0 1.0 1.0 1.0 1.0 1.0 1.0 1.0 1.0 1.0 1.0 1.0 1.0 1.0 1.0 1.0 1.0 1.0 1.0 1.0 1.0 1.0 1.0 1.0 1.0 1.0 1.0 1.0 1.0 1.0 1.0 
1.0 1.0 1.0 1.0 1.0 1.0 1.0 1.0 1.0 1.0 1.0 1.0 1.0 1.0 1.0 1.0 1.0 1.0 1.0 1.0 1.0 1.0 1.0 1.0 1.0 1.0 1.0 1.0 1.0 1.0 1.0 1.0 1.0 
1.0 1.0 1.0 1.0 1.0 1.0 1.0 1.0 1.0 1.0 1.0 1.0 1.0 1.0 1.0 1.0 1.0 1.0 1.0 1.0 1.0 1.0 1.0 1.0 1.0 1.0 1.0 1.0 1.0 1.0 1.0 1.0 1.0 
1.0 1.0 1.0 1.0 1.0 1.0 1.0 1.0 1.0 1.0 1.0 1.0 1.0 1.0 1.0 1.0 1.0 1.0 1.0 1.0 1.0 1.0 1.0 1.0 1.0 1.0 1.0 1.0 1.0 1.0 1.0 1.0 1.0 
1.0 1.0 1.0 1.0 1.0 1.0 1.0 1.0 1.0 1.0 1.0 1.0 1.0 1.0 1.0 1.0 1.0 1.0 1.0 1.0 1.0 1.0 1.0 1.0 1.0 1.0 1.0 1.0 1.0 1.0 1.0 1.0 1.0 
1.0 1.0 1.0 1.0 1.0 1.0 1.0 1.0 1.0 1.0 1.0 1.0 1.0 1.0 1.0 1.0 1.0 1.0 1.0 1.0 1.0 1.0 1.0 1.0 1.0 1.0 1.0 1.0 1.0 1.0 1.0 1.0 1.0 
1.0 1.0 1.0 1.0 1.0 1.0 1.0 1.0 1.0 1.0 1.0 1.0 1.0 1.0 1.0 1.0 1.0 1.0 1.0 1.0 1.0 1.0 1.0 1.0 1.0 1.0 1.0 1.0 1.0 1.0 1.0 1.0 1.0 
 ); 
P0 ( 0.025154343493282792 0.02956709496974945 0.016121573552489284 0.012288456276059151 0.005864621438831091 0.0033973016414791347 0.001997017762064934 0.0011443366420455278 0.0006688723329687492 0.0003997294020140544 0.00023989770956104624 0.00014420374486217043 8.69273580996378e-05 5.251421397333616e-05 3.176220530385763e-05 1.9224418021349267e-05 1.1641614570044114e-05 7.052220952095923e-06 4.2731941456281675e-06 2.5900571656791272e-06 1.5699250302191104e-06 7.975012086177459e-07 8.293502014097954e-07 3.032538708026778e-07 1.2655313163065783e-07 1.4758448960732197e-07 9.336660959888832e-08 4.707704777047184e-08 2.8791412722739553e-08 2.2526984616888516e-08 1.0500475701746838e-08 0.0 0.0 
0.0 0.028546687611937523 0.037154208469390874 0.017463185545802118 0.011884664279967547 0.007845694302767516 0.004788037391379476 0.00277869242541492 0.001653103386051953 0.0009725104414857925 0.0005663068113615737 0.0003363736969535239 0.0002015681603603298 0.000121264488073939 7.315877441287739e-05 4.4214196872053437e-05 2.670854069383495e-05 1.616226522296529e-05 9.788070544368566e-06 5.9292889007224404e-06 3.5929158202179684e-06 1.8247947641384602e-06 1.8973218499411362e-06 6.937649600878615e-07 2.891418974645177e-07 3.376100706315555e-07 2.1383015403166895e-07 1.0828048192355057e-07 6.57041515084611e-08 5.2359508592592094e-08 3.41158518909257e-08 0.0 0.0 
0.0 0.0 0.061017012310028075 0.05416454370617867 0.0230025070309639 0.01405411214232445 0.008569329178333283 0.005215856721997262 0.003170697467029095 0.0019258335996419193 0.0011690950367599727 0.0007094704695045948 0.0004304556540213526 0.0002611364792101085 0.00015840630568563939 9.608562157955021e-05 5.8281146257650115e-05 3.535007606260479e-05 2.1441597148077565e-05 1.3005208567483352e-05 7.888170557271224e-06 4.008663880813401e-06 4.170215660997201e-06 1.5256535156368046e-06 6.363608434185154e-07 7.427737977195648e-07 4.704280470832601e-07 2.3810857915123055e-07 1.4452886089202366e-07 1.1576092563245767e-07 8.649947717458418e-08 0.0 0.0 
0.0 0.0 0.0 0.07577067720890046 0.05588229819536209 0.030506762015819554 0.018577949309349064 0.011299402776360512 0.006865814056992532 0.004169080223143101 0.0025304689474403863 0.0015354750484228136 0.0009315601956099272 0.0005651123274117709 0.00034279167819768194 0.00020792606994509698 0.00012611822476610543 7.649616398848594e-05 4.63979565887712e-05 2.8141995827900247e-05 1.7068967601517217e-05 8.674717022222468e-06 9.023447046638467e-06 3.301461860246491e-06 1.376753845033818e-06 1.6074556224339178e-06 1.0180262335779844e-06 5.154932070581708e-07 3.12479200965754e-07 2.4993534507302687e-07 2.0054945357514954e-07 3.412937542179862e-09 0.0 
0.0 0.0 0.0 0.0 0.0930555153489113 0.08092045059800149 0.03973798195123673 0.02415712505578995 0.014674011737108233 0.00890873590707779 0.005406643992662431 0.003280496784299612 0.0019901691623032095 0.0012072641517966987 0.000732303635403514 0.00044418705040588977 0.00026942142723128203 0.00016341516003012658 9.911738676019014e-05 6.0118366603273905e-05 3.6464227340184155e-05 1.8531003798125313e-05 1.927683062385768e-05 7.05291326448787e-06 2.941322428523563e-06 3.4338560508331288e-06 2.174643935722998e-06 1.1011311304173433e-06 6.67928061557177e-07 5.344877865354648e-07 4.2844692816288446e-07 3.0471863777847835e-08 0.0 
0.0 0.0 0.0 0.0 0.0 0.16645084248781206 0.11692936060428621 0.05134582307338715 0.03118505743145943 0.018931043457984926 0.011488466218113901 0.006970422783493997 0.0042286346912384035 0.0025651157252490524 0.0015559384457767011 0.0009437686035409571 0.0005724405851215125 0.0003472083074972034 0.00021059512984938922 0.00012773346926551313 7.747418351937087e-05 3.937187445117161e-05 4.095788915874437e-05 1.498489991936367e-05 6.24927522148937e-06 7.295776878891048e-06 4.620779915421736e-06 2.339718603616348e-06 1.4187451401085129e-06 1.1351437147823164e-06 9.100856446821127e-07 9.473563550272957e-08 0.0 
0.0 0.0 0.0 0.0 0.0 0.0 0.15675759534835815 0.13410069886446 0.06848264744281769 0.0415722073674202 0.02522820734381676 0.015306664887070658 0.00928581182062626 0.005632816895842553 0.0034167286410927778 0.002072445521503687 0.0012570349976420403 0.0007624427916482091 0.00046245007244870073 0.00028049243185669187 0.00017012709556147457 8.645878576207906e-05 8.99393716827035e-05 3.290488767670468e-05 1.3723729379125872e-05 1.6020903177559376e-05 1.014687606948428e-05 5.137591903621797e-06 3.1160867336438972e-06 2.4925024154072164e-06 1.998246478979127e-06 2.494918646334554e-07 0.0 
0.0 0.0 0.0 0.0 0.0 0.0 0.0 0.28357919824123384 0.1834358589887619 0.0887502944469452 0.05385931448936463 0.032678296190500264 0.019824455255270008 0.012025648820400239 0.0072944783046841625 0.004424529933929444 0.002683689004182816 0.0016277658909559251 0.0009873003697022796 0.000598832373507321 0.0003632119053974748 0.0001845837009139359 0.00019201605389826003 7.025068011134864e-05 2.929779955884442e-05 3.42049737693742e-05 2.1662656171247366e-05 1.0967921151313931e-05 6.6523211964522496e-06 5.3220724978018555e-06 4.26745511504123e-06 5.420672649051995e-07 4.1116948386843435e-08 
0.0 0.0 0.0 0.0 0.0 0.0 0.0 0.0 0.2074005860567093 0.21749855257272724 0.11337797219753266 0.06879140832424165 0.04173303058147431 0.02531567305326462 0.015355948331952097 0.009314303129911423 0.005649578824639321 0.0034267011947929863 0.0020784242156893016 0.0012606354877352716 0.0007646159375086427 0.0003885777513496578 0.00040422150492668154 0.0001478897677268833 6.167735344497488e-05 7.200578567571939e-05 4.560399170732126e-05 2.3089893796714025e-05 1.400474824185949e-05 1.120281974435784e-05 8.982748244307005e-06 1.1427827357692879e-06 1.5800956989551197e-07 
0.0 0.0 0.0 0.0 0.0 0.0 0.0 0.0 0.0 0.24211563529968266 0.2626608241438866 0.1408969030380249 0.08547737352848053 0.051851697885990145 0.03145223007202149 0.019077702891826632 0.011571570253372193 0.007018634417653084 0.0042570694327354434 0.002582060755044222 0.0015661056373268366 0.0007958946369588376 0.0008279365673661233 0.00030290965083986526 0.00012632747751194985 0.00014748270604759457 9.340569935739042e-05 4.729368689004332e-05 2.8683954547159377e-05 2.2947735828347505e-05 1.839890180854127e-05 2.3395281641569458e-06 4.0314591933565684e-07 
0.0 0.0 0.0 0.0 0.0 0.0 0.0 0.0 0.0 0.0 0.2771130876541138 0.3084297655463219 0.16854228372573854 0.10224039001464845 0.06201719934940339 0.03761729328632355 0.022816760247945787 0.013839320281147958 0.008394077208638192 0.005091298918426038 0.0030880415081977848 0.0015693457558751108 0.0016325191978365185 0.000597277875803411 0.00024909138595685367 0.000290804516337812 0.00018417716645635667 9.325092101935298e-05 5.656059697503225e-05 4.5246267900802196e-05 3.6279397364705806e-05 4.613029562460725e-06 8.954523347711075e-07 
0.0 0.0 0.0 0.0 0.0 0.0 0.0 0.0 0.0 0.0 0.0 0.30821975312232974 0.34932734463214876 0.19323164219856265 0.11721106903553011 0.07109589664936067 0.0431232206940651 0.02615604411363602 0.01586464657187462 0.00962245466709137 0.005836339858174324 0.0029660369463264946 0.003085434924066067 0.0011288433339446784 0.00047078309068456295 0.0005496136218309403 0.00034809481529518967 0.00017624291391111913 0.00010689732616301628 8.551253133919091e-05 6.85635706409812e-05 8.718912545009518e-06 1.8046241850242952e-06 
0.0 0.0 0.0 0.0 0.0 0.0 0.0 0.0 0.0 0.0 0.0 0.0 0.3332638568878174 0.38212613873481754 0.21304048275947574 0.12922251834869386 0.0783800096511841 0.04754076400995255 0.028835302966833117 0.01748961285352707 0.01060803424715996 0.005391015404462815 0.005608030280470849 0.002051770863309503 0.0008556807724758984 0.0009989726861938835 0.000632688256725669 0.0003203338011167944 0.00019429185292683544 0.00015542868152260782 0.00012462418698705734 1.5848568550427446e-05 3.4060392907122155e-06 
0.0 0.0 0.0 0.0 0.0 0.0 0.0 0.0 0.0 0.0 0.0 0.0 0.0 0.3516869049072266 0.4059978328227997 0.2274631012916565 0.13796789045333863 0.08368336880207063 0.05075718462467194 0.0307859964966774 0.018672735089063645 0.009489507463574411 0.00987150576710701 0.0036116153396666055 0.0015062122587114575 0.0017584337599575522 0.0011136871363967658 0.0005638706272467971 0.0003420037298463285 0.00027359305350109936 0.0002193710763473064 2.7895643730880697e-05 6.131683943385724e-06 
0.0 0.0 0.0 0.0 0.0 0.0 0.0 0.0 0.0 0.0 0.0 0.0 0.0 0.0 0.3641643909931183 0.42276399343013765 0.237596492099762 0.1441123510837555 0.08740970535278321 0.053017010200023654 0.03215659033656121 0.01634201518893242 0.016999862837791445 0.00621961689144373 0.002593864814937115 0.0030282267786562447 0.0019178948812186719 0.0009710492877289654 0.00058896973002702 0.0004711620390415192 0.0003777778317220509 4.804209748981521e-05 1.0700848465785385e-05 
0.0 0.0 0.0 0.0 0.0 0.0 0.0 0.0 0.0 0.0 0.0 0.0 0.0 0.0 0.0 0.3730680281162262 0.4339696786284447 0.2443703199863434 0.1482200378894806 0.08990060935020448 0.05452771947383881 0.02771104695796967 0.0288265577852726 0.010546562924981118 0.004398401074111462 0.005134943448007107 0.0032521679833531383 0.0016466064378619196 0.0009987203020602466 0.0007989455759525299 0.000640596272237599 8.14647168852389e-05 1.8289691320387648e-05 
0.0 0.0 0.0 0.0 0.0 0.0 0.0 0.0 0.0 0.0 0.0 0.0 0.0 0.0 0.0 0.0 0.37875997819900514 0.44098539899587635 0.24861187992095948 0.15079179611206056 0.09146024479866029 0.04648019936084748 0.04835126727819443 0.017689926338195803 0.007377514855563642 0.008612925079464913 0.005454913683235646 0.002761882806569338 0.0016751651074737312 0.0013400825891643764 0.0010744798287749293 0.00013663955423980951 3.0826349038397895e-05 
0.0 0.0 0.0 0.0 0.0 0.0 0.0 0.0 0.0 0.0 0.0 0.0 0.0 0.0 0.0 0.0 0.0 0.3812835200309754 0.4443883886098862 0.25066700949668885 0.1520379388332367 0.0772658584356308 0.0803762134552002 0.029406643581390383 0.012263930207490923 0.014317600929737093 0.00906790972352028 0.004591176652908325 0.0027846885569393636 0.0022276719979941848 0.0017861513558775188 0.00022714023096486927 5.1393002376426015e-05 
0.0 0.0 0.0 0.0 0.0 0.0 0.0 0.0 0.0 0.0 0.0 0.0 0.0 0.0 0.0 0.0 0.0 0.0 0.38363451757431033 0.44771663763523106 0.25268060045242313 0.12841252319812776 0.1335818186759949 0.04887259204387665 0.020382130283117295 0.02379524801373482 0.015070481470227243 0.007630342103540898 0.004628038010001183 0.0037022959850728514 0.00296850583255291 0.0003774981250986457 8.55610202299431e-05 
0.0 0.0 0.0 0.0 0.0 0.0 0.0 0.0 0.0 0.0 0.0 0.0 0.0 0.0 0.0 0.0 0.0 0.0 0.0 0.38583750877380374 0.4505165202498437 0.21313618354797365 0.22171598868370057 0.08111760478019715 0.03382978810071945 0.03949480397701264 0.025013634806871417 0.01266466237306595 0.007681510645151139 0.006144986115396023 0.004927052856981755 0.0006265620024874807 0.00014216835773549975 
0.0 0.0 0.0 0.0 0.0 0.0 0.0 0.0 0.0 0.0 0.0 0.0 0.0 0.0 0.0 0.0 0.0 0.0 0.0 0.0 0.38651560678482055 0.38315301471948626 0.36619790010452274 0.13397808694839478 0.05587507685422898 0.06523170261383057 0.041313845407962804 0.020917628753185275 0.012687187269330026 0.01014938758313656 0.00813778741657734 0.0010348647616803648 0.00023496220079250636 
0.0 0.0 0.0 0.0 0.0 0.0 0.0 0.0 0.0 0.0 0.0 0.0 0.0 0.0 0.0 0.0 0.0 0.0 0.0 0.0 0.0 0.3284879791259766 0.6117333786725998 0.20957488203048708 0.08740244085788727 0.10203852438926697 0.06462506171464921 0.03272034094333649 0.019845893454551698 0.01587614769637585 0.012729503944516184 0.0016187815368175508 0.0003676678282208741 
0.0 0.0 0.0 0.0 0.0 0.0 0.0 0.0 0.0 0.0 0.0 0.0 0.0 0.0 0.0 0.0 0.0 0.0 0.0 0.0 0.0 0.0 0.49602820343971255 0.39397878971099853 0.15525006823539736 0.18124763917922976 0.114791357088089 0.05812005586624146 0.03525160456895829 0.028200270992517474 0.022611000376939777 0.002875385081022978 0.0006532637972384692 
0.0 0.0 0.0 0.0 0.0 0.0 0.0 0.0 0.0 0.0 0.0 0.0 0.0 0.0 0.0 0.0 0.0 0.0 0.0 0.0 0.0 0.0 0.0 0.3784533689022065 0.31224402638673787 0.3269358695983887 0.20706152558326724 0.1048373873949051 0.06358712418079376 0.05086787488460541 0.04078589526414872 0.005186643429100514 0.0011785502929240466 
0.0 0.0 0.0 0.0 0.0 0.0 0.0 0.0 0.0 0.0 0.0 0.0 0.0 0.0 0.0 0.0 0.0 0.0 0.0 0.0 0.0 0.0 0.0 0.0 0.2622399133682251 0.5329021253824234 0.3046485262870789 0.15424666285514832 0.09355534894466401 0.07484161312580109 0.060008058393001565 0.007631087905168534 0.0017341001830995083 
0.0 0.0 0.0 0.0 0.0 0.0 0.0 0.0 0.0 0.0 0.0 0.0 0.0 0.0 0.0 0.0 0.0 0.0 0.0 0.0 0.0 0.0 0.0 0.0 0.0 0.4016703811645508 0.4934673775672913 0.23483658742904664 0.14243562626838685 0.1139444043159485 0.09136067755222321 0.011618123558163645 0.002640248416364193 
0.0 0.0 0.0 0.0 0.0 0.0 0.0 0.0 0.0 0.0 0.0 0.0 0.0 0.0 0.0 0.0 0.0 0.0 0.0 0.0 0.0 0.0 0.0 0.0 0.0 0.0 0.4281467468738556 0.43512717298269277 0.24749911808967592 0.19799214906692506 0.1587502844810486 0.02018789833188057 0.00458792202025652 
0.0 0.0 0.0 0.0 0.0 0.0 0.0 0.0 0.0 0.0 0.0 0.0 0.0 0.0 0.0 0.0 0.0 0.0 0.0 0.0 0.0 0.0 0.0 0.0 0.0 0.0 0.0 0.3881520617485047 0.4535169165015221 0.3378962219238282 0.27092545480728153 0.03445294679403305 0.007829982233047487 
0.0 0.0 0.0 0.0 0.0 0.0 0.0 0.0 0.0 0.0 0.0 0.0 0.0 0.0 0.0 0.0 0.0 0.0 0.0 0.0 0.0 0.0 0.0 0.0 0.0 0.0 0.0 0.0 0.3882961613178253 0.5885260271310806 0.4469184267997742 0.05683356145620347 0.012916484302282335 
0.0 0.0 0.0 0.0 0.0 0.0 0.0 0.0 0.0 0.0 0.0 0.0 0.0 0.0 0.0 0.0 0.0 0.0 0.0 0.0 0.0 0.0 0.0 0.0 0.0 0.0 0.0 0.0 0.0 0.5047012786388397 0.8595047980785371 0.10659589533805848 0.024226102030277256 
0.0 0.0 0.0 0.0 0.0 0.0 0.0 0.0 0.0 0.0 0.0 0.0 0.0 0.0 0.0 0.0 0.0 0.0 0.0 0.0 0.0 0.0 0.0 0.0 0.0 0.0 0.0 0.0 0.0 0.0 0.9014957449913026 0.4941942942082882 0.1105476058959961 
0.0 0.0 0.0 0.0 0.0 0.0 0.0 0.0 0.0 0.0 0.0 0.0 0.0 0.0 0.0 0.0 0.0 0.0 0.0 0.0 0.0 0.0 0.0 0.0 0.0 0.0 0.0 0.0 0.0 0.0 0.0 0.8593181247234345 0.7186475390434266 
0.0 0.0 0.0 0.0 0.0 0.0 0.0 0.0 0.0 0.0 0.0 0.0 0.0 0.0 0.0 0.0 0.0 0.0 0.0 0.0 0.0 0.0 0.0 0.0 0.0 0.0 0.0 0.0 0.0 0.0 0.0 0.0 2.118356086587906 
 ); 
P1 ( 0.019797342075407506 0.014359745006263257 0.009114785901457072 0.003745550795819145 0.001725936797168106 0.0009324584020068869 0.00041750548928830544 0.00019189800958847628 9.687225142261014e-05 4.607363465838717e-05 2.1941666442489806e-05 1.0712281778251055e-05 5.3139616690145885e-06 2.7080328185320472e-06 1.435114484996092e-06 8.000654796530782e-07 4.734838250956109e-07 2.9804329103747423e-07 1.987063685443898e-07 1.3905641416390404e-07 1.0085259111729067e-07 6.173784157279487e-08 8.103466903343583e-08 3.871896409393457e-08 2.0925395706069963e-08 2.7773193709550466e-08 2.2319185501373796e-08 1.655037359000744e-08 1.1172176655804834e-08 1.1172176655804834e-08 9.63792547850062e-09 0.0 0.0 
0.0 0.018350400978326797 0.02054858398139477 0.011183500221464785 0.00546936162961647 0.002653257521614432 0.0011381162935402245 0.0005862881409586407 0.00027401434131315916 0.00011260590631864035 5.611743690678851e-05 2.84826948067348e-05 1.4219836678239517e-05 7.208543803176326e-06 3.7469495714731242e-06 2.021070379510093e-06 1.1019130875723704e-06 6.505950756718449e-07 4.1216315019738663e-07 2.7618030555984777e-07 1.941909140899867e-07 1.1600796450714769e-07 1.511803865671624e-07 7.245442534600245e-08 3.709522048835346e-08 5.2182088830410315e-08 4.235059470582004e-08 2.8460202995256314e-08 2.3439495882524033e-08 2.461433137165882e-08 2.3331992807580638e-08 0.0 0.0 
0.0 0.0 0.03930345975756645 0.028807332662492996 0.01466803738474846 0.006984175702929497 0.003320239128917456 0.0015767716426402332 0.0007487291967496276 0.0003559144746512175 0.00016962493238970638 8.122389286290855e-05 3.920290376991034e-05 1.9162784039508553e-05 9.552278526825831e-06 4.900902791996487e-06 2.618075917416718e-06 1.4725839017046385e-06 8.792684939180618e-07 5.583614685747307e-07 3.751604652279639e-07 2.1802222854603317e-07 2.753644947006251e-07 1.3020719570704388e-07 6.52238566772212e-08 9.146131399120351e-08 7.58581348009102e-08 4.958022273058305e-08 3.775584563072698e-08 4.209691431924512e-08 5.2616650134496016e-08 0.0 0.0 
0.0 0.0 0.0 0.04010378138422967 0.03869364155754447 0.01921230842471123 0.00911816573739052 0.0043240094706416135 0.0020500332646071913 0.0009724479138851167 0.0004619939326308668 0.00022012911261990668 0.0001054136777529493 5.0896305253263566e-05 2.4896339513361456e-05 1.2424683192512022e-05 6.386463349917904e-06 3.419259326619795e-06 1.9286694467155033e-06 1.1554101318324684e-06 7.359080433161581e-07 4.1034124787984185e-07 5.013127965867171e-07 2.308907479800837e-07 1.1407341032736441e-07 1.5914010732558382e-07 1.2990849832021923e-07 8.589129295160092e-08 6.593944324322366e-08 7.115457090094424e-08 1.0214582173375676e-07 2.7792246775959484e-09 0.0 
0.0 0.0 0.0 0.0 0.05379662173390389 0.04848668869435788 0.02482070689201355 0.01175945569574833 0.005569546321034432 0.0026383789502084256 0.0012509145118296148 0.0005941340217366815 0.0002830699257552624 0.00013556703021749855 6.547260156366975e-05 3.2042651460506026e-05 1.600358723953832e-05 8.235216670436785e-06 4.41609820118174e-06 2.495697243284667e-06 1.4979632305767156e-06 7.95293233022676e-07 9.264505968531013e-07 4.1032141043615417e-07 1.9894884444511264e-07 2.7455558129076963e-07 2.216708341620688e-07 1.4421683758882866e-07 1.1237837647968264e-07 1.1821759617305362e-07 1.6992557402772948e-07 2.6326686059974238e-08 0.0 
0.0 0.0 0.0 0.0 0.0 0.08320897256135941 0.05169301915168763 0.03190762656927109 0.015103328499197962 0.00714881724268198 0.0033851640634238725 0.0016046078324317933 0.0007620391879230739 0.0003630611199885607 0.00017388893100433054 8.39959238190204e-05 4.1120091243647043e-05 2.0548398286337034e-05 1.058147442236077e-05 5.680231456062757e-06 3.2136978596099656e-06 1.6142042299179594e-06 1.7747760706697593e-06 7.445373616064899e-07 3.519895132740203e-07 4.7641516930525545e-07 3.7817512065885245e-07 2.4421507432634827e-07 1.865561965132656e-07 2.0055864542882774e-07 2.826075845405285e-07 6.835557574049744e-08 0.0 
0.0 0.0 0.0 0.0 0.0 0.0 0.09517481123209001 0.09105246221516282 0.04287879227399827 0.020286006724834445 0.009598538401722909 0.004544060647487641 0.0021535488434135915 0.0010225730527192356 0.00048710227729752663 0.0002332451947499067 0.00011262952093966307 5.5110659741330895e-05 2.7517121803248305e-05 1.4155357264098712e-05 7.587165242875927e-06 3.6013204189657703e-06 3.7022300726675896e-06 1.4485166910162663e-06 6.602834073419218e-07 8.693677620613017e-07 6.706160200337764e-07 4.245570326020243e-07 3.2318942166966736e-07 3.4201303569716405e-07 4.825634139706381e-07 1.5402662006636093e-07 0.0 
0.0 0.0 0.0 0.0 0.0 0.0 0.0 0.13292420506477357 0.10089144371747971 0.0555611950993538 0.026278041976690297 0.012431282535195352 0.005884409080445767 0.002788569404929877 0.0013240412794053556 0.000630689342133701 0.00030199737120419746 0.00014582716785371304 7.135324026457965e-05 3.562908876920119e-05 1.832846731413156e-05 8.295536067453214e-06 8.004667171917391e-06 2.9027150681940843e-06 1.2665734724578215e-06 1.6066597017925235e-06 1.1947201313887492e-06 7.386553021206055e-07 5.499386414157926e-07 5.779353619800532e-07 8.047204708418577e-07 2.619165553369385e-07 3.685919696181373e-08 
0.0 0.0 0.0 0.0 0.0 0.0 0.0 0.0 0.11678897984176875 0.13914670533537868 0.07095057499408723 0.033549870836734774 0.01586942109167576 0.007511314545571805 0.0035593871444463735 0.0016899936832487584 0.0008049988875165582 0.00038546149889007213 0.0001861316858790815 9.107889938168229e-05 4.547999381320551e-05 1.9832886708900335e-05 1.8118762940866874e-05 6.0936590467463255e-06 2.530989842489362e-06 3.0709872291481593e-06 2.1683422310161407e-06 1.2910390069009737e-06 9.437499986233889e-07 9.681814914074495e-07 1.333034905474051e-06 4.3481474758664266e-07 1.2046754843595409e-07 
0.0 0.0 0.0 0.0 0.0 0.0 0.0 0.0 0.0 0.15151313437819483 0.1763106096506119 0.08811213040351869 0.04165958375930787 0.0197038705945015 0.00932579829990864 0.004419108358025552 0.0020981657534837723 0.0009994229335337878 0.00047856789138168103 0.00023109501404687766 0.00011308340455871077 4.8012832808308305e-05 4.202619928400964e-05 1.3227365646162071e-05 5.2315730499685745e-06 6.043666508048773e-06 4.0124961720721335e-06 2.273059220169671e-06 1.6043826661189089e-06 1.6094176819024144e-06 2.1554078542976644e-06 6.894032603668166e-07 2.6270042208125236e-07 
0.0 0.0 0.0 0.0 0.0 0.0 0.0 0.0 0.0 0.0 0.1835093297839165 0.21302897957563402 0.10531397795677186 0.04978854957818985 0.023547475147247317 0.011144664072990418 0.005280919602513314 0.0025073361955583098 0.0011943344425410034 0.0005719100760295988 0.00027618202222511176 0.00011514806679915638 9.772544391453267e-05 2.9181888315360995e-05 1.1053195386193694e-05 1.2178662547376008e-05 7.560312309942675e-06 4.031284744996811e-06 2.7195857219339817e-06 2.6227533140627206e-06 3.384131241909927e-06 1.068907368608052e-06 4.956250834766252e-07 
0.0 0.0 0.0 0.0 0.0 0.0 0.0 0.0 0.0 0.0 0.0 0.21174718858599664 0.24560488089919094 0.12063837039470673 0.05703031811714173 0.02697165436148644 0.012765062257647515 0.0060487007930874834 0.0028718865618109707 0.0013679919697344304 0.0006550796108320356 0.00026989257736131553 0.00022429760657250884 6.445683140773326e-05 2.358832183526829e-05 2.4946541874669496e-05 1.4518440511892552e-05 7.241511324536988e-06 4.623423292650841e-06 4.231050165253692e-06 5.161682252946776e-06 1.582706367116771e-06 8.24669852227089e-07 
0.0 0.0 0.0 0.0 0.0 0.0 0.0 0.0 0.0 0.0 0.0 0.0 0.234502124273777 0.27164524058699613 0.13290669701099397 0.06282800431251527 0.029713024646043782 0.014062337297201157 0.006663403098285199 0.003163743102550507 0.0015070307549089196 0.0006162262240424753 0.0005051456959918142 0.00014138273536227645 5.045685432851315e-05 5.168471104698256e-05 2.8451560257235545e-05 1.3296983140753584e-05 7.983941253041849e-06 6.850595810101369e-06 7.718180806841702e-06 2.2632152446021795e-06 1.2816416918212781e-06 
0.0 0.0 0.0 0.0 0.0 0.0 0.0 0.0 0.0 0.0 0.0 0.0 0.0 0.25126658599972723 0.29055038902163505 0.14181931128501893 0.06703982348442078 0.031704524391889574 0.015004807260632516 0.0071099695622921 0.0033757882006466393 0.0013738514497876168 0.0011164157878607512 0.0003070922557264567 0.00010772523481864484 0.00010783099704422057 5.684295521350578e-05 2.5106968462932858e-05 1.4194684708490969e-05 1.1331044134567493e-05 1.1508460054756144e-05 3.145888328435831e-06 1.8647747063369026e-06 
0.0 0.0 0.0 0.0 0.0 0.0 0.0 0.0 0.0 0.0 0.0 0.0 0.0 0.0 0.26263874663710596 0.303878420829773 0.1481050762653351 0.07001025559902192 0.03310909860134125 0.015669461899995806 0.007424914196133614 0.003012928665429354 0.0024350271798670295 0.0006624157458543778 0.0002297530177049339 0.00022639998067170385 0.0001156928573967889 4.88790852134116e-05 2.6221385289682078e-05 1.9483877567108723e-05 1.7477517906809228e-05 4.3186634618905376e-06 2.610002834990155e-06 
0.0 0.0 0.0 0.0 0.0 0.0 0.0 0.0 0.0 0.0 0.0 0.0 0.0 0.0 0.0 0.2707538014233113 0.3127139607191086 0.15227276859283448 0.07197994995117188 0.03404041081666947 0.016110213294625284 0.0065256039664149295 0.005256214365363121 0.0014199966229498388 0.0004889753409661353 0.00047694197064265613 0.00023863764940761033 9.763852986507119e-05 5.0257653684820984e-05 3.5056626785080887e-05 2.752170979510993e-05 5.917204046272673e-06 3.5571791690017565e-06 
0.0 0.0 0.0 0.0 0.0 0.0 0.0 0.0 0.0 0.0 0.0 0.0 0.0 0.0 0.0 0.0 0.2759437320351601 0.3182289751589299 0.15487469630241396 0.07320945181846619 0.03462181652784348 0.014008577057719232 0.01126027473807335 0.0030290085554122927 0.001038326623477042 0.001006233397498727 0.0004966020992025733 0.00019879320985637607 9.931259059812874e-05 6.587641462683679e-05 4.550892510451377e-05 8.190221592667514e-06 4.764915449777618e-06 
0.0 0.0 0.0 0.0 0.0 0.0 0.0 0.0 0.0 0.0 0.0 0.0 0.0 0.0 0.0 0.0 0.0 0.27823756682872774 0.3209356575191021 0.15615083384513856 0.07381251604557038 0.029845871615409855 0.023960209608078004 0.006428309851884842 0.0021974370114505293 0.0021209228754043583 0.001037651283480227 0.00040949397012591366 0.000200435489974916 0.0001281540526309982 7.932379357516767e-05 1.158422394655645e-05 6.3176807845593436e-06 
0.0 0.0 0.0 0.0 0.0 0.0 0.0 0.0 0.0 0.0 0.0 0.0 0.0 0.0 0.0 0.0 0.0 0.0 0.28039230273962024 0.3235933558344841 0.1574051699638367 0.06362052100896835 0.05103514881134034 0.013670243132114412 0.004665001586079598 0.0044913379803299906 0.00218545977473259 0.0008546758258715273 0.00041278008101508024 0.00025735985054634513 0.0001462033095303923 1.7084324872121217e-05 8.411213743966074e-06 
0.0 0.0 0.0 0.0 0.0 0.0 0.0 0.0 0.0 0.0 0.0 0.0 0.0 0.0 0.0 0.0 0.0 0.0 0.0 0.28241451745629315 0.32579983871579177 0.1354845129489899 0.10863225631713869 0.029069648426771167 0.009909699940681459 0.00952621797323227 0.004619888775050641 0.0017965183954685928 0.0008603354578837753 0.0005276085041463376 0.00028175329808145767 2.6542383839841934e-05 1.1299721931573004e-05 
0.0 0.0 0.0 0.0 0.0 0.0 0.0 0.0 0.0 0.0 0.0 0.0 0.0 0.0 0.0 0.0 0.0 0.0 0.0 0.0 0.28302724183201794 0.2777123873472214 0.2302131611824036 0.06156758269071579 0.02097470465898514 0.020144202196598054 0.009749201247096063 0.0037779229000210767 0.0017996345859020951 0.0010920748919248581 0.0005591458523645997 4.359038468683139e-05 1.538958134769928e-05 
0.0 0.0 0.0 0.0 0.0 0.0 0.0 0.0 0.0 0.0 0.0 0.0 0.0 0.0 0.0 0.0 0.0 0.0 0.0 0.0 0.0 0.2418352235198021 0.4368540078401566 0.11996305024623873 0.040854316484928134 0.03921639915704728 0.018957975679636002 0.007332134091854096 0.0034823336295783523 0.002100584522634745 0.0010490225873887539 7.13518446777016e-05 2.0752925419947135e-05 
0.0 0.0 0.0 0.0 0.0 0.0 0.0 0.0 0.0 0.0 0.0 0.0 0.0 0.0 0.0 0.0 0.0 0.0 0.0 0.0 0.0 0.0 0.36316581559181216 0.28007720684707166 0.09760888946056367 0.09365684545040132 0.04523424718379975 0.017467348963022235 0.008276082260906698 0.004967968238890171 0.0024297651350498202 0.00014455943224020304 3.191360037890263e-05 
0.0 0.0 0.0 0.0 0.0 0.0 0.0 0.0 0.0 0.0 0.0 0.0 0.0 0.0 0.0 0.0 0.0 0.0 0.0 0.0 0.0 0.0 0.0 0.2774452875077725 0.2243631025671959 0.22464427084922792 0.1084439113855362 0.041839905989170076 0.019797596472501757 0.011852002581954003 0.005728477987647057 0.0003126928699202836 5.326051471056417e-05 
0.0 0.0 0.0 0.0 0.0 0.0 0.0 0.0 0.0 0.0 0.0 0.0 0.0 0.0 0.0 0.0 0.0 0.0 0.0 0.0 0.0 0.0 0.0 0.0 0.19818591903448107 0.3831153422772885 0.19253687067031863 0.07425880215168 0.03511846582889557 0.021000819128751756 0.010101095563173295 0.0005307879611849785 7.780864366795868e-05 
0.0 0.0 0.0 0.0 0.0 0.0 0.0 0.0 0.0 0.0 0.0 0.0 0.0 0.0 0.0 0.0 0.0 0.0 0.0 0.0 0.0 0.0 0.0 0.0 0.0 0.29430939536690714 0.35457658820748333 0.140202782535553 0.0662777501821518 0.03960102041959763 0.018977157121896744 0.0009676766814664007 0.00012306681282352658 
0.0 0.0 0.0 0.0 0.0 0.0 0.0 0.0 0.0 0.0 0.0 0.0 0.0 0.0 0.0 0.0 0.0 0.0 0.0 0.0 0.0 0.0 0.0 0.0 0.0 0.0 0.3136468296289444 0.3132283286601305 0.15192186570167543 0.09071299424171449 0.043341508841514595 0.002155764663219452 0.0002385600082576275 
0.0 0.0 0.0 0.0 0.0 0.0 0.0 0.0 0.0 0.0 0.0 0.0 0.0 0.0 0.0 0.0 0.0 0.0 0.0 0.0 0.0 0.0 0.0 0.0 0.0 0.0 0.0 0.2845268108129501 0.3281720714390278 0.2015421926021576 0.09613463366031648 0.004714241860806942 0.0004763591735623777 
0.0 0.0 0.0 0.0 0.0 0.0 0.0 0.0 0.0 0.0 0.0 0.0 0.0 0.0 0.0 0.0 0.0 0.0 0.0 0.0 0.0 0.0 0.0 0.0 0.0 0.0 0.0 0.0 0.2846587005376816 0.4172080749511719 0.20333719768524172 0.00989103951752186 0.0009446077544242145 
0.0 0.0 0.0 0.0 0.0 0.0 0.0 0.0 0.0 0.0 0.0 0.0 0.0 0.0 0.0 0.0 0.0 0.0 0.0 0.0 0.0 0.0 0.0 0.0 0.0 0.0 0.0 0.0 0.0 0.36977766466736794 0.5195197621703148 0.025434985435009005 0.0023246517643332482 
0.0 0.0 0.0 0.0 0.0 0.0 0.0 0.0 0.0 0.0 0.0 0.0 0.0 0.0 0.0 0.0 0.0 0.0 0.0 0.0 0.0 0.0 0.0 0.0 0.0 0.0 0.0 0.0 0.0 0.0 0.6343532996177674 0.2665879214495421 0.023575614148378374 
0.0 0.0 0.0 0.0 0.0 0.0 0.0 0.0 0.0 0.0 0.0 0.0 0.0 0.0 0.0 0.0 0.0 0.0 0.0 0.0 0.0 0.0 0.0 0.0 0.0 0.0 0.0 0.0 0.0 0.0 0.0 0.6160514810532333 0.35609673233628275 
0.0 0.0 0.0 0.0 0.0 0.0 0.0 0.0 0.0 0.0 0.0 0.0 0.0 0.0 0.0 0.0 0.0 0.0 0.0 0.0 0.0 0.0 0.0 0.0 0.0 0.0 0.0 0.0 0.0 0.0 0.0 0.0 1.3302600384861232 
 ); 
P2 ( 0.015113228791952133 0.01139748739777133 0.0022378216959536078 -0.00089044852508232 -0.001086500890273601 -0.000960570722911507 -0.0007027955528581516 -0.00045405041619669647 -0.0002922551515704981 -0.0001829105399938726 -0.00011268463257110854 -6.911772423518415e-05 -4.2234618661734664e-05 -2.5718107237538138e-05 -1.5632249169787293e-05 -9.491825931517185e-06 -5.759011338192067e-06 -3.491997454861257e-06 -2.1155518647417243e-06 -1.2802794152895218e-06 -7.735980228945603e-07 -3.909347177154813e-07 -4.0197604785284435e-07 -1.4370308478185992e-07 -5.846011168451956e-08 -6.555529536130307e-08 -3.780126731953715e-08 -1.5685145879729135e-08 -5.487822471650361e-09 1.241754263414663e-10 5.56786646228602e-09 0.0 0.0 
0.0 0.013746510303020477 0.014280542216449978 0.0023583736148430037 -0.0011798448803731845 -0.0016699492366227787 -0.0014092909793253059 -0.0009514698151266204 -0.0006576897205959541 -0.0004089836763574567 -0.000253638252932069 -0.00015628445756919973 -9.572990623437364e-05 -5.846110349066294e-05 -3.5595575387696955e-05 -2.1621293590442293e-05 -1.3155242939217261e-05 -7.98584861460654e-06 -4.841381241041632e-06 -2.933073340732051e-06 -1.7748814831243468e-06 -8.988726531473647e-07 -9.283831637027618e-07 -3.3486365787229745e-07 -1.3733560417659163e-07 -1.5660591575112907e-07 -9.366113470283822e-08 -4.2930615276248753e-08 -2.1748791687492556e-08 -1.0036686198233726e-08 8.230627019134573e-09 0.0 0.0 
0.0 0.0 0.027883235603570942 0.0195013100755401 0.002658879067003727 -0.0017727621573954823 -0.0023372316464781765 -0.0018864003930240871 -0.0013177468724548818 -0.0008633790777996184 -0.0005473150592297316 -0.00034067351846024397 -0.00020983228655532005 -0.0001284454279113561 -7.833465586882085e-05 -4.766647915821523e-05 -2.8963980992557485e-05 -1.7583045596256853e-05 -1.066648989217356e-05 -6.466631093644538e-06 -3.9171729848021645e-06 -1.9863895631715425e-06 -2.0574878093611917e-06 -7.460006077963045e-07 -3.082134237047285e-07 -3.543441118381452e-07 -2.1699991875721028e-07 -1.0348867281209097e-07 -5.6819969734078776e-08 -3.5387251068641494e-08 7.518393996974737e-09 0.0 0.0 
0.0 0.0 0.0 0.03334865375757218 0.0246275559572503 0.0030730892524123195 -0.0025106607936322693 -0.0031435779266059402 -0.0025059001676738264 -0.0017410652160644532 -0.0011375346768647434 -0.0007199732841923833 -0.00044773546960204843 -0.0002756267647258938 -0.00016866503222845496 -0.00010284398363437505 -6.257234330987559e-05 -3.801884909626097e-05 -2.3078905488364402e-05 -1.399977258697618e-05 -8.486731469747611e-06 -4.3079697774373935e-06 -4.469804551627022e-06 -1.6263320252619452e-06 -6.741465398590663e-07 -7.798606709911838e-07 -4.838904329517391e-07 -2.3626044112461388e-07 -1.3515064124476342e-07 -9.434269511530148e-08 -1.6988061798883792e-08 9.904132426186152e-10 0.0 
0.0 0.0 0.0 0.0 0.0419778163522482 0.03178422169387341 0.003618929455429316 -0.0034061638623476033 -0.004134567173570395 -0.0032707373522222047 -0.002264960838854313 -0.0014773012809455397 -0.000934134278073907 -0.000580597883462906 -0.00035730106774717573 -0.00021860303836874665 -0.00013327712025493384 -8.108396977186204e-05 -4.9262720416300003e-05 -2.9903666465543213e-05 -1.813940987340175e-05 -9.214122980483809e-06 -9.571651986334474e-06 -3.490322804282187e-06 -1.4505126709991602e-06 -1.6837359540659238e-06 -1.0530306295549963e-06 -5.217880670898012e-07 -3.056697485590121e-07 -2.2649387701676463e-07 -1.0455214151079418e-07 2.1004706889016235e-08 0.0 
0.0 0.0 0.0 0.0 0.0 0.07361235730648041 0.04506666578948498 0.00437096817791462 -0.004509489293396473 -0.005375424031913281 -0.004233095110952855 -0.002925670123100281 -0.001906338429450989 -0.001204758670181036 -0.0007485620364546776 -0.00046058029616251594 -0.000281759097520262 -0.0001717706627212465 -0.00010449680043384434 -6.348832900403068e-05 -3.853695297148079e-05 -1.9587019190657886e-05 -2.0362496422603727e-05 -7.436875558050816e-06 -3.094848615000956e-06 -3.6011578427860518e-06 -2.2636566958681217e-06 -1.1312749589706073e-06 -6.720272951497464e-07 -5.137756175827235e-07 -3.1197696534945866e-07 2.7436295744109888e-08 0.0 
0.0 0.0 0.0 0.0 0.0 0.0 0.06325450982749463 0.0515546390414238 0.006433500194549561 -0.005789289352297783 -0.007081710974872113 -0.005609879650175572 -0.003886433067172766 -0.0025352948248386384 -0.0016032385446131231 -0.000996502497419715 -0.0006132603228092194 -0.00037520567206665876 -0.0002287566772196442 -0.0001391709627583623 -8.455575574189426e-05 -4.300528488820419e-05 -4.4740142812952404e-05 -1.6356780234491454e-05 -6.813845840224531e-06 -7.939299433201087e-06 -5.0064527720678605e-06 -2.5154399518214634e-06 -1.5071320667630062e-06 -1.1747987344278954e-06 -8.098546435576282e-07 2.6547532837639666e-08 0.0 
0.0 0.0 0.0 0.0 0.0 0.0 0.0 0.0984621107697487 0.07285149457603694 0.0083230087146163 -0.0075058135762810715 -0.009175022318959237 -0.007266392894089223 -0.005033425605297089 -0.003283299370855093 -0.002076168451085687 -0.0012904236383736135 -0.0007941310493275524 -0.0004858629961498082 -0.00029621982760727407 -0.00018021421143785122 -9.173237518407406e-05 -9.550686394795776e-05 -3.49462978891097e-05 -1.456711160426494e-05 -1.6988893866073343e-05 -1.0732349962927401e-05 -5.408866371726618e-06 -3.2573334516200705e-06 -2.565560419316171e-06 -1.8865568858018379e-06 -6.664009115411319e-08 3.261248863282163e-08 
0.0 0.0 0.0 0.0 0.0 0.0 0.0 0.0 0.09704233121052384 0.08956690607704222 0.010578923669457436 -0.009606596830487252 -0.011724636733531952 -0.00928183520436287 -0.006428341113030911 -0.00419280693680048 -0.0026511461511254312 -0.0016477426316589118 -0.001014009669609368 -0.0006203791184350849 -0.00037822873033583167 -0.0001927683062385768 -0.0002008904357906431 -7.356656352058053e-05 -3.068367160158232e-05 -3.580609182827175e-05 -2.264675038168207e-05 -1.1436805390985684e-05 -6.9063136470504115e-06 -5.4746518173487865e-06 -4.170879533921835e-06 -3.0859702837915393e-07 5.977206150191706e-08 
0.0 0.0 0.0 0.0 0.0 0.0 0.0 0.0 0.0 0.1223511500939727 0.11049718762871345 0.013035104969143868 -0.01197788377404213 -0.014582562464475634 -0.011537337809801103 -0.00798841024786234 -0.00520966354161501 -0.003293873577564955 -0.0020471314363181593 -0.0012597569502890112 -0.000770719862356782 -0.00039358462085947396 -0.00041075018439441926 -0.00015058906534686685 -6.283831890905277e-05 -7.336935934145004e-05 -4.6444103994872424e-05 -2.3482960840919988e-05 -1.4206579179153778e-05 -1.1303505522664638e-05 -8.792065526358783e-06 -8.428449484199519e-07 7.43898686778266e-08 
0.0 0.0 0.0 0.0 0.0 0.0 0.0 0.0 0.0 0.0 0.14787538212467918 0.1315594924384728 0.015430347874760629 -0.014386685085296632 -0.01746348647475243 -0.013806918847560884 -0.009557040470838548 -0.006231727360188961 -0.0039397754989564425 -0.0024484416849911215 -0.001506673112511635 -0.0007719286266714336 -0.0008074151135981084 -0.00029649280440062286 -0.00012380833465140315 -0.00014463335182517768 -9.162408539559693e-05 -4.636342356679962e-05 -2.8082954749697823e-05 -2.2393257531803104e-05 -1.7631910520140084e-05 -1.913115679417388e-06 -1.0269254016748165e-08 
0.0 0.0 0.0 0.0 0.0 0.0 0.0 0.0 0.0 0.0 0.0 0.1710302491201088 0.1502520881684497 0.017498330247402192 -0.01656409238576889 -0.020046020364761354 -0.015837386852502824 -0.010959269598126412 -0.007145014299452306 -0.0045167954698205 -0.0028069129988551145 -0.0014459353107959033 -0.0015180037893354895 -0.0005588770933449269 -0.0002336122806183994 -0.0002731063658371568 -0.00017313629100099208 -8.76767687033862e-05 -5.314892590977252e-05 -4.244095607427881e-05 -3.366342403460294e-05 -3.902893175109057e-06 -2.6661572774173696e-07 
0.0 0.0 0.0 0.0 0.0 0.0 0.0 0.0 0.0 0.0 0.0 0.0 0.18989713483881207 0.16513892307709904 0.019107394033670427 -0.018329525417089463 -0.022124852836132053 -0.017468972557783128 -0.012085256382822991 -0.007878100579977036 -0.004979884690046311 -0.0025890816114842894 -0.0027349436379969123 -0.0010111771244555713 -0.0004233625371940434 -0.0004954595167189838 -0.0003144194589927793 -0.00015934182959608735 -9.665717643219979e-05 -7.725919336080552e-05 -6.155858124839143e-05 -7.4117273732554175e-06 -8.73155956651317e-07 
0.0 0.0 0.0 0.0 0.0 0.0 0.0 0.0 0.0 0.0 0.0 0.0 0.0 0.2038639212092385 0.17588516345266253 0.02024169727563858 -0.019628631466627123 -0.0236434458732605 -0.01865879559516907 -0.012905734437704087 -0.008412106454372407 -0.0044441088393330575 -0.00474385757893324 -0.0017663451869040728 -0.0007414944123476744 -0.0008692419072613121 -0.0005524725900962949 -0.0002802558643743396 -0.0001701164425816387 -0.00013609463959001007 -0.00010874701375141741 -1.3387179726851175e-05 -2.0557794268825092e-06 
0.0 0.0 0.0 0.0 0.0 0.0 0.0 0.0 0.0 0.0 0.0 0.0 0.0 0.0 0.21337788886725906 0.18356210055425765 0.021083727657794954 -0.02052478035092354 -0.024704343974590304 -0.01949250158071518 -0.013481392067670824 -0.007331161522865296 -0.00796942282319069 -0.0030031000122427943 -0.0012662397924810649 -0.0014885325919836761 -0.0009484159698709846 -0.0004818268968723715 -0.00029273123256862166 -0.00023436726210638884 -0.0001876533562783152 -2.3409147863276306e-05 -4.189577490615193e-06 
0.0 0.0 0.0 0.0 0.0 0.0 0.0 0.0 0.0 0.0 0.0 0.0 0.0 0.0 0.0 0.22015805357024076 0.18852192672323437 0.02158276868462563 -0.02114735748767853 -0.025422165387868883 -0.020053020876646045 -0.011531783249974252 -0.012954825353622438 -0.004983933752775193 -0.0021171787329018117 -0.002500449811667204 -0.0015996020793914796 -0.0008145706286653877 -0.0004955542925745249 -0.0003971606416627765 -0.0003185106374323368 -4.006077102385462e-05 -7.866851998551284e-06 
0.0 0.0 0.0 0.0 0.0 0.0 0.0 0.0 0.0 0.0 0.0 0.0 0.0 0.0 0.0 0.0 0.2244976277176291 0.19158689015023414 0.021880325174331666 -0.021542643266916277 -0.02587363985180855 -0.01685507510304451 -0.020183916753530505 -0.008059765550494195 -0.0034681604214012625 -0.004128473483026028 -0.002659003119170666 -0.001359325933456421 -0.0008287038300186396 -0.0006651625089347363 -0.0005343437304720283 -6.755984129849821e-05 -1.4043535865494052e-05 
0.0 0.0 0.0 0.0 0.0 0.0 0.0 0.0 0.0 0.0 0.0 0.0 0.0 0.0 0.0 0.0 0.0 0.22641275699920957 0.19315094739403577 0.02205364490747452 -0.021723447811603548 -0.021196767961978915 -0.02931372354626656 -0.012575445047020913 -0.005537478339672089 -0.006682883754372597 -0.004354015704989433 -0.002240362782776356 -0.0013705567482858898 -0.001102693509310484 -0.000887765376828611 -0.00011266309255734088 -2.4252942949533466e-05 
0.0 0.0 0.0 0.0 0.0 0.0 0.0 0.0 0.0 0.0 0.0 0.0 0.0 0.0 0.0 0.0 0.0 0.0 0.22823317141234878 0.19470456156190485 0.022230920416116715 -0.0165332639336586 -0.037102232658863074 -0.01864543567299843 -0.008578739279508592 -0.010613076719641687 -0.00705470481812954 -0.0036703073970973496 -0.0022583473697304728 -0.001824040857329965 -0.0014732879452407362 -0.00018757190052419903 -4.126060358248652e-05 
0.0 0.0 0.0 0.0 0.0 0.0 0.0 0.0 0.0 0.0 0.0 0.0 0.0 0.0 0.0 0.0 0.0 0.0 0.0 0.22994022018127144 0.19593969014156612 0.023693795174360276 -0.029808667874336246 -0.02478065491318703 -0.012531023454666139 -0.016265038338303568 -0.01121259603202343 -0.005946505625545979 -0.0036949461422860624 -0.003003723994642496 -0.002438706070929766 -0.0003115854872390628 -6.946146797854454e-05 
0.0 0.0 0.0 0.0 0.0 0.0 0.0 0.0 0.0 0.0 0.0 0.0 0.0 0.0 0.0 0.0 0.0 0.0 0.0 0.0 0.23044439499340955 0.17786874678675088 0.03729156603813172 -0.024135706704854966 -0.0160461249679327 -0.023186822748184205 -0.017166628646850587 -0.009425437992811203 -0.005957114070653916 -0.0048960745498538025 -0.004009075009077788 -0.0005146748252213002 -0.00011571410133037718 
0.0 0.0 0.0 0.0 0.0 0.0 0.0 0.0 0.0 0.0 0.0 0.0 0.0 0.0 0.0 0.0 0.0 0.0 0.0 0.0 0.0 0.19887122793048623 0.24725600082166493 -0.0009607595946639777 -0.014910387682914736 -0.02821280522346497 -0.0238890135884285 -0.013875697338581086 -0.008999132224917413 -0.007515956577658654 -0.00622935597896576 -0.0008046512313187123 -0.00018184717213734987 
0.0 0.0 0.0 0.0 0.0 0.0 0.0 0.0 0.0 0.0 0.0 0.0 0.0 0.0 0.0 0.0 0.0 0.0 0.0 0.0 0.0 0.0 0.2841152866177261 0.1496405485285446 0.015530373618006708 -0.01689145910739899 -0.03021217682361603 -0.02106755720973015 -0.01466816342175007 -0.012761512380838395 -0.010891430926322937 -0.001426618651673198 -0.0003241140427999199 
0.0 0.0 0.0 0.0 0.0 0.0 0.0 0.0 0.0 0.0 0.0 0.0 0.0 0.0 0.0 0.0 0.0 0.0 0.0 0.0 0.0 0.0 0.0 0.226454780260101 0.15511570596359672 0.07045813751220704 -0.017369619673490527 -0.02712756510972977 -0.022458219712972644 -0.021230089366436007 -0.019117697310447695 -0.002564339654892683 -0.0005855641258880497 
0.0 0.0 0.0 0.0 0.0 0.0 0.0 0.0 0.0 0.0 0.0 0.0 0.0 0.0 0.0 0.0 0.0 0.0 0.0 0.0 0.0 0.0 0.0 0.0 0.16181883602142336 0.2585762823294848 0.0317496376991272 -0.023128295928239825 -0.0268680916428566 -0.028473870527744295 -0.027311708146333696 -0.003758538260310889 -0.0008617606932297349 
0.0 0.0 0.0 0.0 0.0 0.0 0.0 0.0 0.0 0.0 0.0 0.0 0.0 0.0 0.0 0.0 0.0 0.0 0.0 0.0 0.0 0.0 0.0 0.0 0.0 0.23876953952573243 0.20040858611743897 0.009473383659124375 -0.024467102640867235 -0.03599760468006134 -0.039408233428001406 -0.0056836207240819935 -0.0013114506047219039 
0.0 0.0 0.0 0.0 0.0 0.0 0.0 0.0 0.0 0.0 0.0 0.0 0.0 0.0 0.0 0.0 0.0 0.0 0.0 0.0 0.0 0.0 0.0 0.0 0.0 0.0 0.25231339242756373 0.17987850798051805 0.017769845706224443 -0.035584707462787635 -0.06050651786327363 -0.00973352998495102 -0.0022749028757214546 
0.0 0.0 0.0 0.0 0.0 0.0 0.0 0.0 0.0 0.0 0.0 0.0 0.0 0.0 0.0 0.0 0.0 0.0 0.0 0.0 0.0 0.0 0.0 0.0 0.0 0.0 0.0 0.23171144197732213 0.197287028109096 0.014186086776852609 -0.08111806526184083 -0.01621484186947346 -0.0038693987198174 
0.0 0.0 0.0 0.0 0.0 0.0 0.0 0.0 0.0 0.0 0.0 0.0 0.0 0.0 0.0 0.0 0.0 0.0 0.0 0.0 0.0 0.0 0.0 0.0 0.0 0.0 0.0 0.0 0.23182482953034345 0.2184125177558512 -0.07601704015731812 -0.02571228867173195 -0.006347189658880235 
0.0 0.0 0.0 0.0 0.0 0.0 0.0 0.0 0.0 0.0 0.0 0.0 0.0 0.0 0.0 0.0 0.0 0.0 0.0 0.0 0.0 0.0 0.0 0.0 0.0 0.0 0.0 0.0 0.0 0.2884062048878521 0.10958198046013713 -0.04369921574592591 -0.011745302832126618 
0.0 0.0 0.0 0.0 0.0 0.0 0.0 0.0 0.0 0.0 0.0 0.0 0.0 0.0 0.0 0.0 0.0 0.0 0.0 0.0 0.0 0.0 0.0 0.0 0.0 0.0 0.0 0.0 0.0 0.0 0.38866671026563276 0.003075430342974142 -0.046405879211425784 
0.0 0.0 0.0 0.0 0.0 0.0 0.0 0.0 0.0 0.0 0.0 0.0 0.0 0.0 0.0 0.0 0.0 0.0 0.0 0.0 0.0 0.0 0.0 0.0 0.0 0.0 0.0 0.0 0.0 0.0 0.0 0.3986134229504504 -0.03540593346441165 
0.0 0.0 0.0 0.0 0.0 0.0 0.0 0.0 0.0 0.0 0.0 0.0 0.0 0.0 0.0 0.0 0.0 0.0 0.0 0.0 0.0 0.0 0.0 0.0 0.0 0.0 0.0 0.0 0.0 0.0 0.0 0.0 0.4976639724676032 
 ); 
