numberOfGroups 33; 
capture ( 0.008176778317822486 0.004726394163754533 0.00157196142808517 1.3524948465147802e-05 2.2867515760246706e-06 2.299262186589246e-06 2.4199353728846517e-06 2.828584972980508e-06 3.792208415242726e-06 5.503984586449918e-06 8.019283268390609e-06 1.1422611669453887e-05 1.5984200791513104e-05 2.2153131499976553e-05 3.0153066904949812e-05 4.044519815695935e-05 5.3439263175329193e-05 6.954215129846943e-05 8.901331640797709e-05 0.00011321770546840072 0.0001454018845192195 0.00018214708415523548 0.00024202393126824973 0.00032623237257093935 0.00039638097261527044 0.00048813869945652194 0.000643046502065863 0.0008406632872783121 0.0010794352208067723 0.0014732084037901586 0.0030252126183586375 0.0075159977785762755 0.020622796879598174  ); 
scatteringMultiplicity ( 1.0 1.0 1.0 1.0 1.0 1.0 1.0 1.0 1.0 1.0 1.0 1.0 1.0 1.0 1.0 1.0 1.0 1.0 1.0 1.0 1.0 1.0 1.0 1.0 1.0 1.0 1.0 1.0 1.0 1.0 1.0 1.0 1.0 
1.0 1.0 1.0 1.0 1.0 1.0 1.0 1.0 1.0 1.0 1.0 1.0 1.0 1.0 1.0 1.0 1.0 1.0 1.0 1.0 1.0 1.0 1.0 1.0 1.0 1.0 1.0 1.0 1.0 1.0 1.0 1.0 1.0 
1.0 1.0 1.0 1.0 1.0 1.0 1.0 1.0 1.0 1.0 1.0 1.0 1.0 1.0 1.0 1.0 1.0 1.0 1.0 1.0 1.0 1.0 1.0 1.0 1.0 1.0 1.0 1.0 1.0 1.0 1.0 1.0 1.0 
1.0 1.0 1.0 1.0 1.0 1.0 1.0 1.0 1.0 1.0 1.0 1.0 1.0 1.0 1.0 1.0 1.0 1.0 1.0 1.0 1.0 1.0 1.0 1.0 1.0 1.0 1.0 1.0 1.0 1.0 1.0 1.0 1.0 
1.0 1.0 1.0 1.0 1.0 1.0 1.0 1.0 1.0 1.0 1.0 1.0 1.0 1.0 1.0 1.0 1.0 1.0 1.0 1.0 1.0 1.0 1.0 1.0 1.0 1.0 1.0 1.0 1.0 1.0 1.0 1.0 1.0 
1.0 1.0 1.0 1.0 1.0 1.0 1.0 1.0 1.0 1.0 1.0 1.0 1.0 1.0 1.0 1.0 1.0 1.0 1.0 1.0 1.0 1.0 1.0 1.0 1.0 1.0 1.0 1.0 1.0 1.0 1.0 1.0 1.0 
1.0 1.0 1.0 1.0 1.0 1.0 1.0 1.0 1.0 1.0 1.0 1.0 1.0 1.0 1.0 1.0 1.0 1.0 1.0 1.0 1.0 1.0 1.0 1.0 1.0 1.0 1.0 1.0 1.0 1.0 1.0 1.0 1.0 
1.0 1.0 1.0 1.0 1.0 1.0 1.0 1.0 1.0 1.0 1.0 1.0 1.0 1.0 1.0 1.0 1.0 1.0 1.0 1.0 1.0 1.0 1.0 1.0 1.0 1.0 1.0 1.0 1.0 1.0 1.0 1.0 1.0 
1.0 1.0 1.0 1.0 1.0 1.0 1.0 1.0 1.0 1.0 1.0 1.0 1.0 1.0 1.0 1.0 1.0 1.0 1.0 1.0 1.0 1.0 1.0 1.0 1.0 1.0 1.0 1.0 1.0 1.0 1.0 1.0 1.0 
1.0 1.0 1.0 1.0 1.0 1.0 1.0 1.0 1.0 1.0 1.0 1.0 1.0 1.0 1.0 1.0 1.0 1.0 1.0 1.0 1.0 1.0 1.0 1.0 1.0 1.0 1.0 1.0 1.0 1.0 1.0 1.0 1.0 
1.0 1.0 1.0 1.0 1.0 1.0 1.0 1.0 1.0 1.0 1.0 1.0 1.0 1.0 1.0 1.0 1.0 1.0 1.0 1.0 1.0 1.0 1.0 1.0 1.0 1.0 1.0 1.0 1.0 1.0 1.0 1.0 1.0 
1.0 1.0 1.0 1.0 1.0 1.0 1.0 1.0 1.0 1.0 1.0 1.0 1.0 1.0 1.0 1.0 1.0 1.0 1.0 1.0 1.0 1.0 1.0 1.0 1.0 1.0 1.0 1.0 1.0 1.0 1.0 1.0 1.0 
1.0 1.0 1.0 1.0 1.0 1.0 1.0 1.0 1.0 1.0 1.0 1.0 1.0 1.0 1.0 1.0 1.0 1.0 1.0 1.0 1.0 1.0 1.0 1.0 1.0 1.0 1.0 1.0 1.0 1.0 1.0 1.0 1.0 
1.0 1.0 1.0 1.0 1.0 1.0 1.0 1.0 1.0 1.0 1.0 1.0 1.0 1.0 1.0 1.0 1.0 1.0 1.0 1.0 1.0 1.0 1.0 1.0 1.0 1.0 1.0 1.0 1.0 1.0 1.0 1.0 1.0 
1.0 1.0 1.0 1.0 1.0 1.0 1.0 1.0 1.0 1.0 1.0 1.0 1.0 1.0 1.0 1.0 1.0 1.0 1.0 1.0 1.0 1.0 1.0 1.0 1.0 1.0 1.0 1.0 1.0 1.0 1.0 1.0 1.0 
1.0 1.0 1.0 1.0 1.0 1.0 1.0 1.0 1.0 1.0 1.0 1.0 1.0 1.0 1.0 1.0 1.0 1.0 1.0 1.0 1.0 1.0 1.0 1.0 1.0 1.0 1.0 1.0 1.0 1.0 1.0 1.0 1.0 
1.0 1.0 1.0 1.0 1.0 1.0 1.0 1.0 1.0 1.0 1.0 1.0 1.0 1.0 1.0 1.0 1.0 1.0 1.0 1.0 1.0 1.0 1.0 1.0 1.0 1.0 1.0 1.0 1.0 1.0 1.0 1.0 1.0 
1.0 1.0 1.0 1.0 1.0 1.0 1.0 1.0 1.0 1.0 1.0 1.0 1.0 1.0 1.0 1.0 1.0 1.0 1.0 1.0 1.0 1.0 1.0 1.0 1.0 1.0 1.0 1.0 1.0 1.0 1.0 1.0 1.0 
1.0 1.0 1.0 1.0 1.0 1.0 1.0 1.0 1.0 1.0 1.0 1.0 1.0 1.0 1.0 1.0 1.0 1.0 1.0 1.0 1.0 1.0 1.0 1.0 1.0 1.0 1.0 1.0 1.0 1.0 1.0 1.0 1.0 
1.0 1.0 1.0 1.0 1.0 1.0 1.0 1.0 1.0 1.0 1.0 1.0 1.0 1.0 1.0 1.0 1.0 1.0 1.0 1.0 1.0 1.0 1.0 1.0 1.0 1.0 1.0 1.0 1.0 1.0 1.0 1.0 1.0 
1.0 1.0 1.0 1.0 1.0 1.0 1.0 1.0 1.0 1.0 1.0 1.0 1.0 1.0 1.0 1.0 1.0 1.0 1.0 1.0 1.0 1.0 1.0 1.0 1.0 1.0 1.0 1.0 1.0 1.0 1.0 1.0 1.0 
1.0 1.0 1.0 1.0 1.0 1.0 1.0 1.0 1.0 1.0 1.0 1.0 1.0 1.0 1.0 1.0 1.0 1.0 1.0 1.0 1.0 1.0 1.0 1.0 1.0 1.0 1.0 1.0 1.0 1.0 1.0 1.0 1.0 
1.0 1.0 1.0 1.0 1.0 1.0 1.0 1.0 1.0 1.0 1.0 1.0 1.0 1.0 1.0 1.0 1.0 1.0 1.0 1.0 1.0 1.0 1.0 1.0 1.0 1.0 1.0 1.0 1.0 1.0 1.0 1.0 1.0 
1.0 1.0 1.0 1.0 1.0 1.0 1.0 1.0 1.0 1.0 1.0 1.0 1.0 1.0 1.0 1.0 1.0 1.0 1.0 1.0 1.0 1.0 1.0 1.0 1.0 1.0 1.0 1.0 1.0 1.0 1.0 1.0 1.0 
1.0 1.0 1.0 1.0 1.0 1.0 1.0 1.0 1.0 1.0 1.0 1.0 1.0 1.0 1.0 1.0 1.0 1.0 1.0 1.0 1.0 1.0 1.0 1.0 1.0 1.0 1.0 1.0 1.0 1.0 1.0 1.0 1.0 
1.0 1.0 1.0 1.0 1.0 1.0 1.0 1.0 1.0 1.0 1.0 1.0 1.0 1.0 1.0 1.0 1.0 1.0 1.0 1.0 1.0 1.0 1.0 1.0 1.0 1.0 1.0 1.0 1.0 1.0 1.0 1.0 1.0 
1.0 1.0 1.0 1.0 1.0 1.0 1.0 1.0 1.0 1.0 1.0 1.0 1.0 1.0 1.0 1.0 1.0 1.0 1.0 1.0 1.0 1.0 1.0 1.0 1.0 1.0 1.0 1.0 1.0 1.0 1.0 1.0 1.0 
1.0 1.0 1.0 1.0 1.0 1.0 1.0 1.0 1.0 1.0 1.0 1.0 1.0 1.0 1.0 1.0 1.0 1.0 1.0 1.0 1.0 1.0 1.0 1.0 1.0 1.0 1.0 1.0 1.0 1.0 1.0 1.0 1.0 
1.0 1.0 1.0 1.0 1.0 1.0 1.0 1.0 1.0 1.0 1.0 1.0 1.0 1.0 1.0 1.0 1.0 1.0 1.0 1.0 1.0 1.0 1.0 1.0 1.0 1.0 1.0 1.0 1.0 1.0 1.0 1.0 1.0 
1.0 1.0 1.0 1.0 1.0 1.0 1.0 1.0 1.0 1.0 1.0 1.0 1.0 1.0 1.0 1.0 1.0 1.0 1.0 1.0 1.0 1.0 1.0 1.0 1.0 1.0 1.0 1.0 1.0 1.0 1.0 1.0 1.0 
1.0 1.0 1.0 1.0 1.0 1.0 1.0 1.0 1.0 1.0 1.0 1.0 1.0 1.0 1.0 1.0 1.0 1.0 1.0 1.0 1.0 1.0 1.0 1.0 1.0 1.0 1.0 1.0 1.0 1.0 1.0 1.0 1.0 
1.0 1.0 1.0 1.0 1.0 1.0 1.0 1.0 1.0 1.0 1.0 1.0 1.0 1.0 1.0 1.0 1.0 1.0 1.0 1.0 1.0 1.0 1.0 1.0 1.0 1.0 1.0 1.0 1.0 1.0 1.0 1.0 1.0 
1.0 1.0 1.0 1.0 1.0 1.0 1.0 1.0 1.0 1.0 1.0 1.0 1.0 1.0 1.0 1.0 1.0 1.0 1.0 1.0 1.0 1.0 1.0 1.0 1.0 1.0 1.0 1.0 1.0 1.0 1.0 1.0 1.0 
 ); 
P0 ( 0.025154343493282792 0.02956709496974945 0.016121573552489284 0.012288456276059151 0.005864621438831091 0.0033973016414791347 0.001997017762064934 0.0011443366420455278 0.0006688723329687492 0.0003997294020140544 0.00023989770956104624 0.00014420374486217043 8.69273580996378e-05 5.251421397333616e-05 3.176220530385763e-05 1.9224418021349267e-05 1.1641614570044114e-05 7.052220952095923e-06 4.2731941456281675e-06 2.5900571656791272e-06 1.5699250302191104e-06 7.975012086177459e-07 8.293502014097954e-07 3.032538708026778e-07 1.2655313163065783e-07 1.4758448960732197e-07 9.336660959888832e-08 4.707704777047184e-08 2.8791412722739553e-08 2.2526984616888516e-08 1.0500475701746838e-08 0.0 0.0 
0.0 0.028546687611937523 0.037154208469390874 0.017463185545802118 0.011884664279967547 0.007845694302767516 0.004788037391379476 0.00277869242541492 0.001653103386051953 0.0009725104414857925 0.0005663068113615737 0.0003363736969535239 0.0002015681603603298 0.000121264488073939 7.315877441287739e-05 4.4214196872053437e-05 2.670854069383495e-05 1.616226522296529e-05 9.788070544368566e-06 5.9292889007224404e-06 3.5929158202179684e-06 1.8247947641384602e-06 1.8973218499411362e-06 6.937649600878615e-07 2.891418974645177e-07 3.376100706315555e-07 2.1383015403166895e-07 1.0828048192355057e-07 6.57041515084611e-08 5.2359508592592094e-08 3.41158518909257e-08 0.0 0.0 
0.0 0.0 0.061017012310028075 0.05416454370617867 0.0230025070309639 0.01405411214232445 0.008569329178333283 0.005215856721997262 0.003170697467029095 0.0019258335996419193 0.0011690950367599727 0.0007094704695045948 0.0004304556540213526 0.0002611364792101085 0.00015840630568563939 9.608562157955021e-05 5.8281146257650115e-05 3.535007606260479e-05 2.1441597148077565e-05 1.3005208567483352e-05 7.888170557271224e-06 4.008663880813401e-06 4.170215660997201e-06 1.5256535156368046e-06 6.363608434185154e-07 7.427737977195648e-07 4.704280470832601e-07 2.3810857915123055e-07 1.4452886089202366e-07 1.1576092563245767e-07 8.649947717458418e-08 0.0 0.0 
0.0 0.0 0.0 0.07577067720890046 0.05588229819536209 0.030506762015819554 0.018577949309349064 0.011299402776360512 0.006865814056992532 0.004169080223143101 0.0025304689474403863 0.0015354750484228136 0.0009315601956099272 0.0005651123274117709 0.00034279167819768194 0.00020792606994509698 0.00012611822476610543 7.649616398848594e-05 4.63979565887712e-05 2.8141995827900247e-05 1.7068967601517217e-05 8.674717022222468e-06 9.023447046638467e-06 3.301461860246491e-06 1.376753845033818e-06 1.6074556224339178e-06 1.0180262335779844e-06 5.154932070581708e-07 3.12479200965754e-07 2.4993534507302687e-07 2.0054945357514954e-07 3.412937542179862e-09 0.0 
0.0 0.0 0.0 0.0 0.0930555153489113 0.08092045059800149 0.03973798195123673 0.02415712505578995 0.014674011737108233 0.00890873590707779 0.005406643992662431 0.003280496784299612 0.0019901691623032095 0.0012072641517966987 0.000732303635403514 0.00044418705040588977 0.00026942142723128203 0.00016341516003012658 9.911738676019014e-05 6.0118366603273905e-05 3.6464227340184155e-05 1.8531003798125313e-05 1.927683062385768e-05 7.05291326448787e-06 2.941322428523563e-06 3.4338560508331288e-06 2.174643935722998e-06 1.1011311304173433e-06 6.67928061557177e-07 5.344877865354648e-07 4.2844692816288446e-07 3.0471863777847835e-08 0.0 
0.0 0.0 0.0 0.0 0.0 0.16645084248781206 0.11692936060428621 0.05134582307338715 0.03118505743145943 0.018931043457984926 0.011488466218113901 0.006970422783493997 0.0042286346912384035 0.0025651157252490524 0.0015559384457767011 0.0009437686035409571 0.0005724405851215125 0.0003472083074972034 0.00021059512984938922 0.00012773346926551313 7.747418351937087e-05 3.937187445117161e-05 4.095788915874437e-05 1.498489991936367e-05 6.24927522148937e-06 7.295776878891048e-06 4.620779915421736e-06 2.339718603616348e-06 1.4187451401085129e-06 1.1351437147823164e-06 9.100856446821127e-07 9.473563550272957e-08 0.0 
0.0 0.0 0.0 0.0 0.0 0.0 0.15675759534835815 0.13410069886446 0.06848264744281769 0.0415722073674202 0.02522820734381676 0.015306664887070658 0.00928581182062626 0.005632816895842553 0.0034167286410927778 0.002072445521503687 0.0012570349976420403 0.0007624427916482091 0.00046245007244870073 0.00028049243185669187 0.00017012709556147457 8.645878576207906e-05 8.99393716827035e-05 3.290488767670468e-05 1.3723729379125872e-05 1.6020903177559376e-05 1.014687606948428e-05 5.137591903621797e-06 3.1160867336438972e-06 2.4925024154072164e-06 1.998246478979127e-06 2.494918646334554e-07 0.0 
0.0 0.0 0.0 0.0 0.0 0.0 0.0 0.28357919824123384 0.1834358589887619 0.0887502944469452 0.05385931448936463 0.032678296190500264 0.019824455255270008 0.012025648820400239 0.0072944783046841625 0.004424529933929444 0.002683689004182816 0.0016277658909559251 0.0009873003697022796 0.000598832373507321 0.0003632119053974748 0.0001845837009139359 0.00019201605389826003 7.025068011134864e-05 2.929779955884442e-05 3.42049737693742e-05 2.1662656171247366e-05 1.0967921151313931e-05 6.6523211964522496e-06 5.3220724978018555e-06 4.26745511504123e-06 5.420672649051995e-07 4.1116948386843435e-08 
0.0 0.0 0.0 0.0 0.0 0.0 0.0 0.0 0.2074005860567093 0.21749855257272724 0.11337797219753266 0.06879140832424165 0.04173303058147431 0.02531567305326462 0.015355948331952097 0.009314303129911423 0.005649578824639321 0.0034267011947929863 0.0020784242156893016 0.0012606354877352716 0.0007646159375086427 0.0003885777513496578 0.00040422150492668154 0.0001478897677268833 6.167735344497488e-05 7.200578567571939e-05 4.560399170732126e-05 2.3089893796714025e-05 1.400474824185949e-05 1.120281974435784e-05 8.982748244307005e-06 1.1427827357692879e-06 1.5800956989551197e-07 
0.0 0.0 0.0 0.0 0.0 0.0 0.0 0.0 0.0 0.24211563529968266 0.2626608241438866 0.1408969030380249 0.08547737352848053 0.051851697885990145 0.03145223007202149 0.019077702891826632 0.011571570253372193 0.007018634417653084 0.0042570694327354434 0.002582060755044222 0.0015661056373268366 0.0007958946369588376 0.0008279365673661233 0.00030290965083986526 0.00012632747751194985 0.00014748270604759457 9.340569935739042e-05 4.729368689004332e-05 2.8683954547159377e-05 2.2947735828347505e-05 1.839890180854127e-05 2.3395281641569458e-06 4.0314591933565684e-07 
0.0 0.0 0.0 0.0 0.0 0.0 0.0 0.0 0.0 0.0 0.2771130876541138 0.3084297655463219 0.16854228372573854 0.10224039001464845 0.06201719934940339 0.03761729328632355 0.022816760247945787 0.013839320281147958 0.008394077208638192 0.005091298918426038 0.0030880415081977848 0.0015693457558751108 0.0016325191978365185 0.000597277875803411 0.00024909138595685367 0.000290804516337812 0.00018417716645635667 9.325092101935298e-05 5.656059697503225e-05 4.5246267900802196e-05 3.6279397364705806e-05 4.613029562460725e-06 8.954523347711075e-07 
0.0 0.0 0.0 0.0 0.0 0.0 0.0 0.0 0.0 0.0 0.0 0.30821975312232974 0.34932734463214876 0.19323164219856265 0.11721106903553011 0.07109589664936067 0.0431232206940651 0.02615604411363602 0.01586464657187462 0.00962245466709137 0.005836339858174324 0.0029660369463264946 0.003085434924066067 0.0011288433339446784 0.00047078309068456295 0.0005496136218309403 0.00034809481529518967 0.00017624291391111913 0.00010689732616301628 8.551253133919091e-05 6.85635706409812e-05 8.718912545009518e-06 1.8046241850242952e-06 
0.0 0.0 0.0 0.0 0.0 0.0 0.0 0.0 0.0 0.0 0.0 0.0 0.3332638568878174 0.38212613873481754 0.21304048275947574 0.12922251834869386 0.0783800096511841 0.04754076400995255 0.028835302966833117 0.01748961285352707 0.01060803424715996 0.005391015404462815 0.005608030280470849 0.002051770863309503 0.0008556807724758984 0.0009989726861938835 0.000632688256725669 0.0003203338011167944 0.00019429185292683544 0.00015542868152260782 0.00012462418698705734 1.5848568550427446e-05 3.4060392907122155e-06 
0.0 0.0 0.0 0.0 0.0 0.0 0.0 0.0 0.0 0.0 0.0 0.0 0.0 0.3516869049072266 0.4059978328227997 0.2274631012916565 0.13796789045333863 0.08368336880207063 0.05075718462467194 0.0307859964966774 0.018672735089063645 0.009489507463574411 0.00987150576710701 0.0036116153396666055 0.0015062122587114575 0.0017584337599575522 0.0011136871363967658 0.0005638706272467971 0.0003420037298463285 0.00027359305350109936 0.0002193710763473064 2.7895643730880697e-05 6.131683943385724e-06 
0.0 0.0 0.0 0.0 0.0 0.0 0.0 0.0 0.0 0.0 0.0 0.0 0.0 0.0 0.3641643909931183 0.42276399343013765 0.237596492099762 0.1441123510837555 0.08740970535278321 0.053017010200023654 0.03215659033656121 0.01634201518893242 0.016999862837791445 0.00621961689144373 0.002593864814937115 0.0030282267786562447 0.0019178948812186719 0.0009710492877289654 0.00058896973002702 0.0004711620390415192 0.0003777778317220509 4.804209748981521e-05 1.0700848465785385e-05 
0.0 0.0 0.0 0.0 0.0 0.0 0.0 0.0 0.0 0.0 0.0 0.0 0.0 0.0 0.0 0.3730680281162262 0.4339696786284447 0.2443703199863434 0.1482200378894806 0.08990060935020448 0.05452771947383881 0.02771104695796967 0.0288265577852726 0.010546562924981118 0.004398401074111462 0.005134943448007107 0.0032521679833531383 0.0016466064378619196 0.0009987203020602466 0.0007989455759525299 0.000640596272237599 8.14647168852389e-05 1.8289691320387648e-05 
0.0 0.0 0.0 0.0 0.0 0.0 0.0 0.0 0.0 0.0 0.0 0.0 0.0 0.0 0.0 0.0 0.37875997819900514 0.44098539899587635 0.24861187992095948 0.15079179611206056 0.09146024479866029 0.04648019936084748 0.04835126727819443 0.017689926338195803 0.007377514855563642 0.008612925079464913 0.005454913683235646 0.002761882806569338 0.0016751651074737312 0.0013400825891643764 0.0010744798287749293 0.00013663955423980951 3.0826349038397895e-05 
0.0 0.0 0.0 0.0 0.0 0.0 0.0 0.0 0.0 0.0 0.0 0.0 0.0 0.0 0.0 0.0 0.0 0.3812835200309754 0.4443883886098862 0.25066700949668885 0.1520379388332367 0.0772658584356308 0.0803762134552002 0.029406643581390383 0.012263930207490923 0.014317600929737093 0.00906790972352028 0.004591176652908325 0.0027846885569393636 0.0022276719979941848 0.0017861513558775188 0.00022714023096486927 5.1393002376426015e-05 
0.0 0.0 0.0 0.0 0.0 0.0 0.0 0.0 0.0 0.0 0.0 0.0 0.0 0.0 0.0 0.0 0.0 0.0 0.38363451757431033 0.44771663763523106 0.25268060045242313 0.12841252319812776 0.1335818186759949 0.04887259204387665 0.020382130283117295 0.02379524801373482 0.015070481470227243 0.007630342103540898 0.004628038010001183 0.0037022959850728514 0.00296850583255291 0.0003774981250986457 8.55610202299431e-05 
0.0 0.0 0.0 0.0 0.0 0.0 0.0 0.0 0.0 0.0 0.0 0.0 0.0 0.0 0.0 0.0 0.0 0.0 0.0 0.38583750877380374 0.4505165202498437 0.21313618354797365 0.22171598868370057 0.08111760478019715 0.03382978810071945 0.03949480397701264 0.025013634806871417 0.01266466237306595 0.007681510645151139 0.006144986115396023 0.004927052856981755 0.0006265620024874807 0.00014216835773549975 
0.0 0.0 0.0 0.0 0.0 0.0 0.0 0.0 0.0 0.0 0.0 0.0 0.0 0.0 0.0 0.0 0.0 0.0 0.0 0.0 0.38651560678482055 0.38315301471948626 0.36619790010452274 0.13397808694839478 0.05587507685422898 0.06523170261383057 0.041313845407962804 0.020917628753185275 0.012687187269330026 0.01014938758313656 0.00813778741657734 0.0010348647616803648 0.00023496220079250636 
0.0 0.0 0.0 0.0 0.0 0.0 0.0 0.0 0.0 0.0 0.0 0.0 0.0 0.0 0.0 0.0 0.0 0.0 0.0 0.0 0.0 0.3284879791259766 0.6117333786725998 0.20957488203048708 0.08740244085788727 0.10203852438926697 0.06462506171464921 0.03272034094333649 0.019845893454551698 0.01587614769637585 0.012729503944516184 0.0016187815368175508 0.0003676678282208741 
0.0 0.0 0.0 0.0 0.0 0.0 0.0 0.0 0.0 0.0 0.0 0.0 0.0 0.0 0.0 0.0 0.0 0.0 0.0 0.0 0.0 0.0 0.49602820343971255 0.39397878971099853 0.15525006823539736 0.18124763917922976 0.114791357088089 0.05812005586624146 0.03525160456895829 0.028200270992517474 0.022611000376939777 0.002875385081022978 0.0006532637972384692 
0.0 0.0 0.0 0.0 0.0 0.0 0.0 0.0 0.0 0.0 0.0 0.0 0.0 0.0 0.0 0.0 0.0 0.0 0.0 0.0 0.0 0.0 0.0 0.3784533689022065 0.31224402638673787 0.3269358695983887 0.20706152558326724 0.1048373873949051 0.06358712418079376 0.05086787488460541 0.04078589526414872 0.005186643429100514 0.0011785502929240466 
0.0 0.0 0.0 0.0 0.0 0.0 0.0 0.0 0.0 0.0 0.0 0.0 0.0 0.0 0.0 0.0 0.0 0.0 0.0 0.0 0.0 0.0 0.0 0.0 0.2622399133682251 0.5329021253824234 0.3046485262870789 0.15424666285514832 0.09355534894466401 0.07484161312580109 0.060008058393001565 0.007631087905168534 0.0017341001830995083 
0.0 0.0 0.0 0.0 0.0 0.0 0.0 0.0 0.0 0.0 0.0 0.0 0.0 0.0 0.0 0.0 0.0 0.0 0.0 0.0 0.0 0.0 0.0 0.0 0.0 0.4016703811645508 0.4934673775672913 0.23483658742904664 0.14243562626838685 0.1139444043159485 0.09136067755222321 0.011618123558163645 0.002640248416364193 
0.0 0.0 0.0 0.0 0.0 0.0 0.0 0.0 0.0 0.0 0.0 0.0 0.0 0.0 0.0 0.0 0.0 0.0 0.0 0.0 0.0 0.0 0.0 0.0 0.0 0.0 0.4281467468738556 0.43512717298269277 0.24749911808967592 0.19799214906692506 0.1587502844810486 0.02018789833188057 0.00458792202025652 
0.0 0.0 0.0 0.0 0.0 0.0 0.0 0.0 0.0 0.0 0.0 0.0 0.0 0.0 0.0 0.0 0.0 0.0 0.0 0.0 0.0 0.0 0.0 0.0 0.0 0.0 0.0 0.3881520617485047 0.4535169165015221 0.3378962219238282 0.27092545480728153 0.03445294679403305 0.007829982233047487 
0.0 0.0 0.0 0.0 0.0 0.0 0.0 0.0 0.0 0.0 0.0 0.0 0.0 0.0 0.0 0.0 0.0 0.0 0.0 0.0 0.0 0.0 0.0 0.0 0.0 0.0 0.0 0.0 0.3882961613178253 0.5885260271310806 0.4469184267997742 0.05683356145620347 0.012916484302282335 
0.0 0.0 0.0 0.0 0.0 0.0 0.0 0.0 0.0 0.0 0.0 0.0 0.0 0.0 0.0 0.0 0.0 0.0 0.0 0.0 0.0 0.0 0.0 0.0 0.0 0.0 0.0 0.0 0.0 0.5047012786388397 0.8595047980785371 0.10659589533805848 0.024226102030277256 
0.0 0.0 0.0 0.0 0.0 0.0 0.0 0.0 0.0 0.0 0.0 0.0 0.0 0.0 0.0 0.0 0.0 0.0 0.0 0.0 0.0 0.0 0.0 0.0 0.0 0.0 0.0 0.0 0.0 0.0 0.9014957449913026 0.4941942942082882 0.1105476058959961 
0.0 0.0 0.0 0.0 0.0 0.0 0.0 0.0 0.0 0.0 0.0 0.0 0.0 0.0 0.0 0.0 0.0 0.0 0.0 0.0 0.0 0.0 0.0 0.0 0.0 0.0 0.0 0.0 0.0 0.0 0.0 0.8593181247234345 0.7186475390434266 
0.0 0.0 0.0 0.0 0.0 0.0 0.0 0.0 0.0 0.0 0.0 0.0 0.0 0.0 0.0 0.0 0.0 0.0 0.0 0.0 0.0 0.0 0.0 0.0 0.0 0.0 0.0 0.0 0.0 0.0 0.0 0.0 2.118356086587906 
 ); 
P1 ( 0.019797342075407506 0.014359745006263257 0.009114785901457072 0.003745550795819145 0.001725936797168106 0.0009324584020068869 0.00041750548928830544 0.00019189800958847628 9.687225142261014e-05 4.607363465838717e-05 2.1941666442489806e-05 1.0712281778251055e-05 5.3139616690145885e-06 2.7080328185320472e-06 1.435114484996092e-06 8.000654796530782e-07 4.734838250956109e-07 2.9804329103747423e-07 1.987063685443898e-07 1.3905641416390404e-07 1.0085259111729067e-07 6.173784157279487e-08 8.103466903343583e-08 3.871896409393457e-08 2.0925395706069963e-08 2.7773193709550466e-08 2.2319185501373796e-08 1.655037359000744e-08 1.1172176655804834e-08 1.1172176655804834e-08 9.63792547850062e-09 0.0 0.0 
0.0 0.018350400978326797 0.02054858398139477 0.011183500221464785 0.00546936162961647 0.002653257521614432 0.0011381162935402245 0.0005862881409586407 0.00027401434131315916 0.00011260590631864035 5.611743690678851e-05 2.84826948067348e-05 1.4219836678239517e-05 7.208543803176326e-06 3.7469495714731242e-06 2.021070379510093e-06 1.1019130875723704e-06 6.505950756718449e-07 4.1216315019738663e-07 2.7618030555984777e-07 1.941909140899867e-07 1.1600796450714769e-07 1.511803865671624e-07 7.245442534600245e-08 3.709522048835346e-08 5.2182088830410315e-08 4.235059470582004e-08 2.8460202995256314e-08 2.3439495882524033e-08 2.461433137165882e-08 2.3331992807580638e-08 0.0 0.0 
0.0 0.0 0.03930345975756645 0.028807332662492996 0.01466803738474846 0.006984175702929497 0.003320239128917456 0.0015767716426402332 0.0007487291967496276 0.0003559144746512175 0.00016962493238970638 8.122389286290855e-05 3.920290376991034e-05 1.9162784039508553e-05 9.552278526825831e-06 4.900902791996487e-06 2.618075917416718e-06 1.4725839017046385e-06 8.792684939180618e-07 5.583614685747307e-07 3.751604652279639e-07 2.1802222854603317e-07 2.753644947006251e-07 1.3020719570704388e-07 6.52238566772212e-08 9.146131399120351e-08 7.58581348009102e-08 4.958022273058305e-08 3.775584563072698e-08 4.209691431924512e-08 5.2616650134496016e-08 0.0 0.0 
0.0 0.0 0.0 0.04010378138422967 0.03869364155754447 0.01921230842471123 0.00911816573739052 0.0043240094706416135 0.0020500332646071913 0.0009724479138851167 0.0004619939326308668 0.00022012911261990668 0.0001054136777529493 5.0896305253263566e-05 2.4896339513361456e-05 1.2424683192512022e-05 6.386463349917904e-06 3.419259326619795e-06 1.9286694467155033e-06 1.1554101318324684e-06 7.359080433161581e-07 4.1034124787984185e-07 5.013127965867171e-07 2.308907479800837e-07 1.1407341032736441e-07 1.5914010732558382e-07 1.2990849832021923e-07 8.589129295160092e-08 6.593944324322366e-08 7.115457090094424e-08 1.0214582173375676e-07 2.7792246775959484e-09 0.0 
0.0 0.0 0.0 0.0 0.05379662173390389 0.04848668869435788 0.02482070689201355 0.01175945569574833 0.005569546321034432 0.0026383789502084256 0.0012509145118296148 0.0005941340217366815 0.0002830699257552624 0.00013556703021749855 6.547260156366975e-05 3.2042651460506026e-05 1.600358723953832e-05 8.235216670436785e-06 4.41609820118174e-06 2.495697243284667e-06 1.4979632305767156e-06 7.95293233022676e-07 9.264505968531013e-07 4.1032141043615417e-07 1.9894884444511264e-07 2.7455558129076963e-07 2.216708341620688e-07 1.4421683758882866e-07 1.1237837647968264e-07 1.1821759617305362e-07 1.6992557402772948e-07 2.6326686059974238e-08 0.0 
0.0 0.0 0.0 0.0 0.0 0.08320897256135941 0.05169301915168763 0.03190762656927109 0.015103328499197962 0.00714881724268198 0.0033851640634238725 0.0016046078324317933 0.0007620391879230739 0.0003630611199885607 0.00017388893100433054 8.39959238190204e-05 4.1120091243647043e-05 2.0548398286337034e-05 1.058147442236077e-05 5.680231456062757e-06 3.2136978596099656e-06 1.6142042299179594e-06 1.7747760706697593e-06 7.445373616064899e-07 3.519895132740203e-07 4.7641516930525545e-07 3.7817512065885245e-07 2.4421507432634827e-07 1.865561965132656e-07 2.0055864542882774e-07 2.826075845405285e-07 6.835557574049744e-08 0.0 
0.0 0.0 0.0 0.0 0.0 0.0 0.09517481123209001 0.09105246221516282 0.04287879227399827 0.020286006724834445 0.009598538401722909 0.004544060647487641 0.0021535488434135915 0.0010225730527192356 0.00048710227729752663 0.0002332451947499067 0.00011262952093966307 5.5110659741330895e-05 2.7517121803248305e-05 1.4155357264098712e-05 7.587165242875927e-06 3.6013204189657703e-06 3.7022300726675896e-06 1.4485166910162663e-06 6.602834073419218e-07 8.693677620613017e-07 6.706160200337764e-07 4.245570326020243e-07 3.2318942166966736e-07 3.4201303569716405e-07 4.825634139706381e-07 1.5402662006636093e-07 0.0 
0.0 0.0 0.0 0.0 0.0 0.0 0.0 0.13292420506477357 0.10089144371747971 0.0555611950993538 0.026278041976690297 0.012431282535195352 0.005884409080445767 0.002788569404929877 0.0013240412794053556 0.000630689342133701 0.00030199737120419746 0.00014582716785371304 7.135324026457965e-05 3.562908876920119e-05 1.832846731413156e-05 8.295536067453214e-06 8.004667171917391e-06 2.9027150681940843e-06 1.2665734724578215e-06 1.6066597017925235e-06 1.1947201313887492e-06 7.386553021206055e-07 5.499386414157926e-07 5.779353619800532e-07 8.047204708418577e-07 2.619165553369385e-07 3.685919696181373e-08 
0.0 0.0 0.0 0.0 0.0 0.0 0.0 0.0 0.11678897984176875 0.13914670533537868 0.07095057499408723 0.033549870836734774 0.01586942109167576 0.007511314545571805 0.0035593871444463735 0.0016899936832487584 0.0008049988875165582 0.00038546149889007213 0.0001861316858790815 9.107889938168229e-05 4.547999381320551e-05 1.9832886708900335e-05 1.8118762940866874e-05 6.0936590467463255e-06 2.530989842489362e-06 3.0709872291481593e-06 2.1683422310161407e-06 1.2910390069009737e-06 9.437499986233889e-07 9.681814914074495e-07 1.333034905474051e-06 4.3481474758664266e-07 1.2046754843595409e-07 
0.0 0.0 0.0 0.0 0.0 0.0 0.0 0.0 0.0 0.15151313437819483 0.1763106096506119 0.08811213040351869 0.04165958375930787 0.0197038705945015 0.00932579829990864 0.004419108358025552 0.0020981657534837723 0.0009994229335337878 0.00047856789138168103 0.00023109501404687766 0.00011308340455871077 4.8012832808308305e-05 4.202619928400964e-05 1.3227365646162071e-05 5.2315730499685745e-06 6.043666508048773e-06 4.0124961720721335e-06 2.273059220169671e-06 1.6043826661189089e-06 1.6094176819024144e-06 2.1554078542976644e-06 6.894032603668166e-07 2.6270042208125236e-07 
0.0 0.0 0.0 0.0 0.0 0.0 0.0 0.0 0.0 0.0 0.1835093297839165 0.21302897957563402 0.10531397795677186 0.04978854957818985 0.023547475147247317 0.011144664072990418 0.005280919602513314 0.0025073361955583098 0.0011943344425410034 0.0005719100760295988 0.00027618202222511176 0.00011514806679915638 9.772544391453267e-05 2.9181888315360995e-05 1.1053195386193694e-05 1.2178662547376008e-05 7.560312309942675e-06 4.031284744996811e-06 2.7195857219339817e-06 2.6227533140627206e-06 3.384131241909927e-06 1.068907368608052e-06 4.956250834766252e-07 
0.0 0.0 0.0 0.0 0.0 0.0 0.0 0.0 0.0 0.0 0.0 0.21174718858599664 0.24560488089919094 0.12063837039470673 0.05703031811714173 0.02697165436148644 0.012765062257647515 0.0060487007930874834 0.0028718865618109707 0.0013679919697344304 0.0006550796108320356 0.00026989257736131553 0.00022429760657250884 6.445683140773326e-05 2.358832183526829e-05 2.4946541874669496e-05 1.4518440511892552e-05 7.241511324536988e-06 4.623423292650841e-06 4.231050165253692e-06 5.161682252946776e-06 1.582706367116771e-06 8.24669852227089e-07 
0.0 0.0 0.0 0.0 0.0 0.0 0.0 0.0 0.0 0.0 0.0 0.0 0.234502124273777 0.27164524058699613 0.13290669701099397 0.06282800431251527 0.029713024646043782 0.014062337297201157 0.006663403098285199 0.003163743102550507 0.0015070307549089196 0.0006162262240424753 0.0005051456959918142 0.00014138273536227645 5.045685432851315e-05 5.168471104698256e-05 2.8451560257235545e-05 1.3296983140753584e-05 7.983941253041849e-06 6.850595810101369e-06 7.718180806841702e-06 2.2632152446021795e-06 1.2816416918212781e-06 
0.0 0.0 0.0 0.0 0.0 0.0 0.0 0.0 0.0 0.0 0.0 0.0 0.0 0.25126658599972723 0.29055038902163505 0.14181931128501893 0.06703982348442078 0.031704524391889574 0.015004807260632516 0.0071099695622921 0.0033757882006466393 0.0013738514497876168 0.0011164157878607512 0.0003070922557264567 0.00010772523481864484 0.00010783099704422057 5.684295521350578e-05 2.5106968462932858e-05 1.4194684708490969e-05 1.1331044134567493e-05 1.1508460054756144e-05 3.145888328435831e-06 1.8647747063369026e-06 
0.0 0.0 0.0 0.0 0.0 0.0 0.0 0.0 0.0 0.0 0.0 0.0 0.0 0.0 0.26263874663710596 0.303878420829773 0.1481050762653351 0.07001025559902192 0.03310909860134125 0.015669461899995806 0.007424914196133614 0.003012928665429354 0.0024350271798670295 0.0006624157458543778 0.0002297530177049339 0.00022639998067170385 0.0001156928573967889 4.88790852134116e-05 2.6221385289682078e-05 1.9483877567108723e-05 1.7477517906809228e-05 4.3186634618905376e-06 2.610002834990155e-06 
0.0 0.0 0.0 0.0 0.0 0.0 0.0 0.0 0.0 0.0 0.0 0.0 0.0 0.0 0.0 0.2707538014233113 0.3127139607191086 0.15227276859283448 0.07197994995117188 0.03404041081666947 0.016110213294625284 0.0065256039664149295 0.005256214365363121 0.0014199966229498388 0.0004889753409661353 0.00047694197064265613 0.00023863764940761033 9.763852986507119e-05 5.0257653684820984e-05 3.5056626785080887e-05 2.752170979510993e-05 5.917204046272673e-06 3.5571791690017565e-06 
0.0 0.0 0.0 0.0 0.0 0.0 0.0 0.0 0.0 0.0 0.0 0.0 0.0 0.0 0.0 0.0 0.2759437320351601 0.3182289751589299 0.15487469630241396 0.07320945181846619 0.03462181652784348 0.014008577057719232 0.01126027473807335 0.0030290085554122927 0.001038326623477042 0.001006233397498727 0.0004966020992025733 0.00019879320985637607 9.931259059812874e-05 6.587641462683679e-05 4.550892510451377e-05 8.190221592667514e-06 4.764915449777618e-06 
0.0 0.0 0.0 0.0 0.0 0.0 0.0 0.0 0.0 0.0 0.0 0.0 0.0 0.0 0.0 0.0 0.0 0.27823756682872774 0.3209356575191021 0.15615083384513856 0.07381251604557038 0.029845871615409855 0.023960209608078004 0.006428309851884842 0.0021974370114505293 0.0021209228754043583 0.001037651283480227 0.00040949397012591366 0.000200435489974916 0.0001281540526309982 7.932379357516767e-05 1.158422394655645e-05 6.3176807845593436e-06 
0.0 0.0 0.0 0.0 0.0 0.0 0.0 0.0 0.0 0.0 0.0 0.0 0.0 0.0 0.0 0.0 0.0 0.0 0.28039230273962024 0.3235933558344841 0.1574051699638367 0.06362052100896835 0.05103514881134034 0.013670243132114412 0.004665001586079598 0.0044913379803299906 0.00218545977473259 0.0008546758258715273 0.00041278008101508024 0.00025735985054634513 0.0001462033095303923 1.7084324872121217e-05 8.411213743966074e-06 
0.0 0.0 0.0 0.0 0.0 0.0 0.0 0.0 0.0 0.0 0.0 0.0 0.0 0.0 0.0 0.0 0.0 0.0 0.0 0.28241451745629315 0.32579983871579177 0.1354845129489899 0.10863225631713869 0.029069648426771167 0.009909699940681459 0.00952621797323227 0.004619888775050641 0.0017965183954685928 0.0008603354578837753 0.0005276085041463376 0.00028175329808145767 2.6542383839841934e-05 1.1299721931573004e-05 
0.0 0.0 0.0 0.0 0.0 0.0 0.0 0.0 0.0 0.0 0.0 0.0 0.0 0.0 0.0 0.0 0.0 0.0 0.0 0.0 0.28302724183201794 0.2777123873472214 0.2302131611824036 0.06156758269071579 0.02097470465898514 0.020144202196598054 0.009749201247096063 0.0037779229000210767 0.0017996345859020951 0.0010920748919248581 0.0005591458523645997 4.359038468683139e-05 1.538958134769928e-05 
0.0 0.0 0.0 0.0 0.0 0.0 0.0 0.0 0.0 0.0 0.0 0.0 0.0 0.0 0.0 0.0 0.0 0.0 0.0 0.0 0.0 0.2418352235198021 0.4368540078401566 0.11996305024623873 0.040854316484928134 0.03921639915704728 0.018957975679636002 0.007332134091854096 0.0034823336295783523 0.002100584522634745 0.0010490225873887539 7.13518446777016e-05 2.0752925419947135e-05 
0.0 0.0 0.0 0.0 0.0 0.0 0.0 0.0 0.0 0.0 0.0 0.0 0.0 0.0 0.0 0.0 0.0 0.0 0.0 0.0 0.0 0.0 0.36316581559181216 0.28007720684707166 0.09760888946056367 0.09365684545040132 0.04523424718379975 0.017467348963022235 0.008276082260906698 0.004967968238890171 0.0024297651350498202 0.00014455943224020304 3.191360037890263e-05 
0.0 0.0 0.0 0.0 0.0 0.0 0.0 0.0 0.0 0.0 0.0 0.0 0.0 0.0 0.0 0.0 0.0 0.0 0.0 0.0 0.0 0.0 0.0 0.2774452875077725 0.2243631025671959 0.22464427084922792 0.1084439113855362 0.041839905989170076 0.019797596472501757 0.011852002581954003 0.005728477987647057 0.0003126928699202836 5.326051471056417e-05 
0.0 0.0 0.0 0.0 0.0 0.0 0.0 0.0 0.0 0.0 0.0 0.0 0.0 0.0 0.0 0.0 0.0 0.0 0.0 0.0 0.0 0.0 0.0 0.0 0.19818591903448107 0.3831153422772885 0.19253687067031863 0.07425880215168 0.03511846582889557 0.021000819128751756 0.010101095563173295 0.0005307879611849785 7.780864366795868e-05 
0.0 0.0 0.0 0.0 0.0 0.0 0.0 0.0 0.0 0.0 0.0 0.0 0.0 0.0 0.0 0.0 0.0 0.0 0.0 0.0 0.0 0.0 0.0 0.0 0.0 0.29430939536690714 0.35457658820748333 0.140202782535553 0.0662777501821518 0.03960102041959763 0.018977157121896744 0.0009676766814664007 0.00012306681282352658 
0.0 0.0 0.0 0.0 0.0 0.0 0.0 0.0 0.0 0.0 0.0 0.0 0.0 0.0 0.0 0.0 0.0 0.0 0.0 0.0 0.0 0.0 0.0 0.0 0.0 0.0 0.3136468296289444 0.3132283286601305 0.15192186570167543 0.09071299424171449 0.043341508841514595 0.002155764663219452 0.0002385600082576275 
0.0 0.0 0.0 0.0 0.0 0.0 0.0 0.0 0.0 0.0 0.0 0.0 0.0 0.0 0.0 0.0 0.0 0.0 0.0 0.0 0.0 0.0 0.0 0.0 0.0 0.0 0.0 0.2845268108129501 0.3281720714390278 0.2015421926021576 0.09613463366031648 0.004714241860806942 0.0004763591735623777 
0.0 0.0 0.0 0.0 0.0 0.0 0.0 0.0 0.0 0.0 0.0 0.0 0.0 0.0 0.0 0.0 0.0 0.0 0.0 0.0 0.0 0.0 0.0 0.0 0.0 0.0 0.0 0.0 0.2846587005376816 0.4172080749511719 0.20333719768524172 0.00989103951752186 0.0009446077544242145 
0.0 0.0 0.0 0.0 0.0 0.0 0.0 0.0 0.0 0.0 0.0 0.0 0.0 0.0 0.0 0.0 0.0 0.0 0.0 0.0 0.0 0.0 0.0 0.0 0.0 0.0 0.0 0.0 0.0 0.36977766466736794 0.5195197621703148 0.025434985435009005 0.0023246517643332482 
0.0 0.0 0.0 0.0 0.0 0.0 0.0 0.0 0.0 0.0 0.0 0.0 0.0 0.0 0.0 0.0 0.0 0.0 0.0 0.0 0.0 0.0 0.0 0.0 0.0 0.0 0.0 0.0 0.0 0.0 0.6343532996177674 0.2665879214495421 0.023575614148378374 
0.0 0.0 0.0 0.0 0.0 0.0 0.0 0.0 0.0 0.0 0.0 0.0 0.0 0.0 0.0 0.0 0.0 0.0 0.0 0.0 0.0 0.0 0.0 0.0 0.0 0.0 0.0 0.0 0.0 0.0 0.0 0.6160514810532333 0.35609673233628275 
0.0 0.0 0.0 0.0 0.0 0.0 0.0 0.0 0.0 0.0 0.0 0.0 0.0 0.0 0.0 0.0 0.0 0.0 0.0 0.0 0.0 0.0 0.0 0.0 0.0 0.0 0.0 0.0 0.0 0.0 0.0 0.0 1.3302600384861232 
 ); 
