numberOfGroups 33;

capture(0.00727595 0.00411515 0.00152381 8.27413e-06 2.28719e-06 2.29992e-06 2.41445e-06 2.83291e-06 3.76812e-06 5.47189e-06 7.9958e-06 1.14006e-05 1.59874e-05 2.2155e-05 3.02079e-05 4.04967e-05 5.35055e-05 6.96906e-05 8.91346e-05 0.000113455 0.000145808 0.00018269 0.000243048 0.000327152 0.000397215 0.000489581 0.000646532 0.000843309 0.00108245 0.00147745 0.00303115 0.00913237 0.0203846 );

fission(0 0 0 0 0 0 0 0 0 0 0 0 0 0 0 0 0 0 0 0 0 0 0 0 0 0 0 0 0 0 0 0 0 );

chi(0 0 0 0 0 0 0 0 0 0 0 0 0 0 0 0 0 0 0 0 0 0 0 0 0 0 0 0 0 0 0 0 0 );

nu(0 0 0 0 0 0 0 0 0 0 0 0 0 0 0 0 0 0 0 0 0 0 0 0 0 0 0 0 0 0 0 0 0 );

scatteringMultiplicity ( 1.0 1.0 1.0 1.0 1.0 1.0 1.0 1.0 1.0 1.0 1.0 1.0 1.0 1.0 1.0 1.0 1.0 1.0 1.0 1.0 1.0 1.0 1.0 1.0 1.0 1.0 1.0 1.0 1.0 1.0 1.0 1.0 1.0 
1.0 1.0 1.0 1.0 1.0 1.0 1.0 1.0 1.0 1.0 1.0 1.0 1.0 1.0 1.0 1.0 1.0 1.0 1.0 1.0 1.0 1.0 1.0 1.0 1.0 1.0 1.0 1.0 1.0 1.0 1.0 1.0 1.0 
1.0 1.0 1.0 1.0 1.0 1.0 1.0 1.0 1.0 1.0 1.0 1.0 1.0 1.0 1.0 1.0 1.0 1.0 1.0 1.0 1.0 1.0 1.0 1.0 1.0 1.0 1.0 1.0 1.0 1.0 1.0 1.0 1.0 
1.0 1.0 1.0 1.0 1.0 1.0 1.0 1.0 1.0 1.0 1.0 1.0 1.0 1.0 1.0 1.0 1.0 1.0 1.0 1.0 1.0 1.0 1.0 1.0 1.0 1.0 1.0 1.0 1.0 1.0 1.0 1.0 1.0 
1.0 1.0 1.0 1.0 1.0 1.0 1.0 1.0 1.0 1.0 1.0 1.0 1.0 1.0 1.0 1.0 1.0 1.0 1.0 1.0 1.0 1.0 1.0 1.0 1.0 1.0 1.0 1.0 1.0 1.0 1.0 1.0 1.0 
1.0 1.0 1.0 1.0 1.0 1.0 1.0 1.0 1.0 1.0 1.0 1.0 1.0 1.0 1.0 1.0 1.0 1.0 1.0 1.0 1.0 1.0 1.0 1.0 1.0 1.0 1.0 1.0 1.0 1.0 1.0 1.0 1.0 
1.0 1.0 1.0 1.0 1.0 1.0 1.0 1.0 1.0 1.0 1.0 1.0 1.0 1.0 1.0 1.0 1.0 1.0 1.0 1.0 1.0 1.0 1.0 1.0 1.0 1.0 1.0 1.0 1.0 1.0 1.0 1.0 1.0 
1.0 1.0 1.0 1.0 1.0 1.0 1.0 1.0 1.0 1.0 1.0 1.0 1.0 1.0 1.0 1.0 1.0 1.0 1.0 1.0 1.0 1.0 1.0 1.0 1.0 1.0 1.0 1.0 1.0 1.0 1.0 1.0 1.0 
1.0 1.0 1.0 1.0 1.0 1.0 1.0 1.0 1.0 1.0 1.0 1.0 1.0 1.0 1.0 1.0 1.0 1.0 1.0 1.0 1.0 1.0 1.0 1.0 1.0 1.0 1.0 1.0 1.0 1.0 1.0 1.0 1.0 
1.0 1.0 1.0 1.0 1.0 1.0 1.0 1.0 1.0 1.0 1.0 1.0 1.0 1.0 1.0 1.0 1.0 1.0 1.0 1.0 1.0 1.0 1.0 1.0 1.0 1.0 1.0 1.0 1.0 1.0 1.0 1.0 1.0 
1.0 1.0 1.0 1.0 1.0 1.0 1.0 1.0 1.0 1.0 1.0 1.0 1.0 1.0 1.0 1.0 1.0 1.0 1.0 1.0 1.0 1.0 1.0 1.0 1.0 1.0 1.0 1.0 1.0 1.0 1.0 1.0 1.0 
1.0 1.0 1.0 1.0 1.0 1.0 1.0 1.0 1.0 1.0 1.0 1.0 1.0 1.0 1.0 1.0 1.0 1.0 1.0 1.0 1.0 1.0 1.0 1.0 1.0 1.0 1.0 1.0 1.0 1.0 1.0 1.0 1.0 
1.0 1.0 1.0 1.0 1.0 1.0 1.0 1.0 1.0 1.0 1.0 1.0 1.0 1.0 1.0 1.0 1.0 1.0 1.0 1.0 1.0 1.0 1.0 1.0 1.0 1.0 1.0 1.0 1.0 1.0 1.0 1.0 1.0 
1.0 1.0 1.0 1.0 1.0 1.0 1.0 1.0 1.0 1.0 1.0 1.0 1.0 1.0 1.0 1.0 1.0 1.0 1.0 1.0 1.0 1.0 1.0 1.0 1.0 1.0 1.0 1.0 1.0 1.0 1.0 1.0 1.0 
1.0 1.0 1.0 1.0 1.0 1.0 1.0 1.0 1.0 1.0 1.0 1.0 1.0 1.0 1.0 1.0 1.0 1.0 1.0 1.0 1.0 1.0 1.0 1.0 1.0 1.0 1.0 1.0 1.0 1.0 1.0 1.0 1.0 
1.0 1.0 1.0 1.0 1.0 1.0 1.0 1.0 1.0 1.0 1.0 1.0 1.0 1.0 1.0 1.0 1.0 1.0 1.0 1.0 1.0 1.0 1.0 1.0 1.0 1.0 1.0 1.0 1.0 1.0 1.0 1.0 1.0 
1.0 1.0 1.0 1.0 1.0 1.0 1.0 1.0 1.0 1.0 1.0 1.0 1.0 1.0 1.0 1.0 1.0 1.0 1.0 1.0 1.0 1.0 1.0 1.0 1.0 1.0 1.0 1.0 1.0 1.0 1.0 1.0 1.0 
1.0 1.0 1.0 1.0 1.0 1.0 1.0 1.0 1.0 1.0 1.0 1.0 1.0 1.0 1.0 1.0 1.0 1.0 1.0 1.0 1.0 1.0 1.0 1.0 1.0 1.0 1.0 1.0 1.0 1.0 1.0 1.0 1.0 
1.0 1.0 1.0 1.0 1.0 1.0 1.0 1.0 1.0 1.0 1.0 1.0 1.0 1.0 1.0 1.0 1.0 1.0 1.0 1.0 1.0 1.0 1.0 1.0 1.0 1.0 1.0 1.0 1.0 1.0 1.0 1.0 1.0 
1.0 1.0 1.0 1.0 1.0 1.0 1.0 1.0 1.0 1.0 1.0 1.0 1.0 1.0 1.0 1.0 1.0 1.0 1.0 1.0 1.0 1.0 1.0 1.0 1.0 1.0 1.0 1.0 1.0 1.0 1.0 1.0 1.0 
1.0 1.0 1.0 1.0 1.0 1.0 1.0 1.0 1.0 1.0 1.0 1.0 1.0 1.0 1.0 1.0 1.0 1.0 1.0 1.0 1.0 1.0 1.0 1.0 1.0 1.0 1.0 1.0 1.0 1.0 1.0 1.0 1.0 
1.0 1.0 1.0 1.0 1.0 1.0 1.0 1.0 1.0 1.0 1.0 1.0 1.0 1.0 1.0 1.0 1.0 1.0 1.0 1.0 1.0 1.0 1.0 1.0 1.0 1.0 1.0 1.0 1.0 1.0 1.0 1.0 1.0 
1.0 1.0 1.0 1.0 1.0 1.0 1.0 1.0 1.0 1.0 1.0 1.0 1.0 1.0 1.0 1.0 1.0 1.0 1.0 1.0 1.0 1.0 1.0 1.0 1.0 1.0 1.0 1.0 1.0 1.0 1.0 1.0 1.0 
1.0 1.0 1.0 1.0 1.0 1.0 1.0 1.0 1.0 1.0 1.0 1.0 1.0 1.0 1.0 1.0 1.0 1.0 1.0 1.0 1.0 1.0 1.0 1.0 1.0 1.0 1.0 1.0 1.0 1.0 1.0 1.0 1.0 
1.0 1.0 1.0 1.0 1.0 1.0 1.0 1.0 1.0 1.0 1.0 1.0 1.0 1.0 1.0 1.0 1.0 1.0 1.0 1.0 1.0 1.0 1.0 1.0 1.0 1.0 1.0 1.0 1.0 1.0 1.0 1.0 1.0 
1.0 1.0 1.0 1.0 1.0 1.0 1.0 1.0 1.0 1.0 1.0 1.0 1.0 1.0 1.0 1.0 1.0 1.0 1.0 1.0 1.0 1.0 1.0 1.0 1.0 1.0 1.0 1.0 1.0 1.0 1.0 1.0 1.0 
1.0 1.0 1.0 1.0 1.0 1.0 1.0 1.0 1.0 1.0 1.0 1.0 1.0 1.0 1.0 1.0 1.0 1.0 1.0 1.0 1.0 1.0 1.0 1.0 1.0 1.0 1.0 1.0 1.0 1.0 1.0 1.0 1.0 
1.0 1.0 1.0 1.0 1.0 1.0 1.0 1.0 1.0 1.0 1.0 1.0 1.0 1.0 1.0 1.0 1.0 1.0 1.0 1.0 1.0 1.0 1.0 1.0 1.0 1.0 1.0 1.0 1.0 1.0 1.0 1.0 1.0 
1.0 1.0 1.0 1.0 1.0 1.0 1.0 1.0 1.0 1.0 1.0 1.0 1.0 1.0 1.0 1.0 1.0 1.0 1.0 1.0 1.0 1.0 1.0 1.0 1.0 1.0 1.0 1.0 1.0 1.0 1.0 1.0 1.0 
1.0 1.0 1.0 1.0 1.0 1.0 1.0 1.0 1.0 1.0 1.0 1.0 1.0 1.0 1.0 1.0 1.0 1.0 1.0 1.0 1.0 1.0 1.0 1.0 1.0 1.0 1.0 1.0 1.0 1.0 1.0 1.0 1.0 
1.0 1.0 1.0 1.0 1.0 1.0 1.0 1.0 1.0 1.0 1.0 1.0 1.0 1.0 1.0 1.0 1.0 1.0 1.0 1.0 1.0 1.0 1.0 1.0 1.0 1.0 1.0 1.0 1.0 1.0 1.0 1.0 1.0 
1.0 1.0 1.0 1.0 1.0 1.0 1.0 1.0 1.0 1.0 1.0 1.0 1.0 1.0 1.0 1.0 1.0 1.0 1.0 1.0 1.0 1.0 1.0 1.0 1.0 1.0 1.0 1.0 1.0 1.0 1.0 1.0 1.0 
1.0 1.0 1.0 1.0 1.0 1.0 1.0 1.0 1.0 1.0 1.0 1.0 1.0 1.0 1.0 1.0 1.0 1.0 1.0 1.0 1.0 1.0 1.0 1.0 1.0 1.0 1.0 1.0 1.0 1.0 1.0 1.0 1.0 
 ); 

P0 (
0.0347544 0.0211 0.016025 0.0101649 0.0051897 0.00296311 0.00170037 0.00116022 0.000487103 0.00023977 0.000214511 0.000113406 7.40152e-05 2.76316e-05 3.95917e-05 3.35591e-05 2.04358e-05 2.89196e-06 1.46003e-06 1.61079e-07 3.86029e-07 0 0 0 0 0 0 0 0 0 0 0 0 
0 0.0275838 0.0371275 0.0182251 0.0118478 0.00838655 0.00543417 0.00277574 0.00191111 0.000962605 0.000571074 0.000316628 0.000205703 0.000114493 7.32297e-05 0.000206955 2.23163e-05 1.20315e-05 8.45948e-06 8.01313e-06 3.06432e-06 1.34233e-06 1.51473e-06 8.04282e-07 1.26352e-07 6.67366e-07 2.39112e-07 5.89498e-08 1.73501e-08 1.12636e-08 0 0 0 
0 0 0.0639192 0.0434098 0.0208814 0.0129469 0.00766609 0.00491111 0.00288481 0.00170404 0.00105909 0.000641868 0.000379587 0.000261816 0.000144582 8.98041e-05 5.06635e-05 3.16639e-05 2.05805e-05 1.12307e-05 5.47271e-06 3.04315e-06 3.78769e-06 2.12738e-06 4.2292e-07 4.46925e-07 3.73341e-07 2.06764e-07 6.02798e-08 1.07017e-07 4.12652e-08 0 0 
0 0 0 0.0512296 0.0643809 0.033765 0.0204705 0.0124435 0.00842589 0.00455516 0.00280407 0.00169652 0.000989704 0.000633606 0.000406265 0.000230142 0.000136844 7.99948e-05 5.46868e-05 3.30899e-05 1.75205e-05 8.9213e-06 9.73687e-06 3.473e-06 1.39096e-06 1.13486e-06 8.71495e-07 3.46466e-07 3.49782e-07 2.19915e-07 2.96985e-07 3.45924e-09 0 
0 0 0 0 0.0915796 0.0805893 0.0395629 0.0240604 0.0146096 0.00889709 0.00537805 0.00326549 0.00198151 0.00120223 0.000719837 0.000438643 0.000270522 0.00016148 9.90736e-05 5.9101e-05 3.63342e-05 1.84814e-05 1.819e-05 6.80892e-06 3.05918e-06 3.42969e-06 2.42648e-06 1.20514e-06 7.43112e-07 5.73759e-07 3.38099e-07 2.55841e-08 0 
0 0 0 0 0 0.15653 0.118041 0.0519386 0.0316997 0.019184 0.0116117 0.00705014 0.00427812 0.00259858 0.00157304 0.000954738 0.000577553 0.000348753 0.000216355 0.000128952 7.8981e-05 3.94277e-05 4.11375e-05 1.57181e-05 6.34677e-06 7.31943e-06 4.38047e-06 2.13755e-06 1.27768e-06 9.96767e-07 8.99956e-07 1.34058e-07 4.75453e-09 
0 0 0 0 0 0 0.160747 0.129929 0.0672625 0.0407838 0.0247841 0.0150333 0.00910834 0.0055386 0.00335145 0.00203274 0.00122702 0.000745593 0.000455999 0.000274697 0.000168487 8.54773e-05 8.87136e-05 3.31035e-05 1.41969e-05 1.60013e-05 9.42971e-06 5.37394e-06 3.09247e-06 2.41347e-06 2.1231e-06 2.04878e-07 3.06158e-09 
0 0 0 0 0 0 0 0.268582 0.185979 0.0892073 0.0541231 0.0328359 0.0199127 0.0120862 0.00731722 0.00444633 0.00271186 0.00162989 0.000991841 0.000603267 0.00036572 0.000183706 0.000192316 7.16077e-05 2.99304e-05 3.41093e-05 2.10044e-05 1.09931e-05 6.86891e-06 4.90878e-06 4.13628e-06 4.61295e-07 2.26965e-08 
0 0 0 0 0 0 0 0 0.213657 0.2127 0.111721 0.0678086 0.0411549 0.0249748 0.0151294 0.00918256 0.00557262 0.00337511 0.00205325 0.00124505 0.0007507 0.000382569 0.000397972 0.00014316 6.02475e-05 7.03618e-05 4.45432e-05 2.3785e-05 1.36529e-05 1.06391e-05 8.76192e-06 1.14863e-06 1.61825e-07 
0 0 0 0 0 0 0 0 0 0.248115 0.258099 0.139323 0.084529 0.0512564 0.0312694 0.0188978 0.0114416 0.00695338 0.00419902 0.00254881 0.00153956 0.000786238 0.000820086 0.000300752 0.000125188 0.000146462 9.19779e-05 4.819e-05 2.88366e-05 2.26467e-05 1.83058e-05 2.73992e-06 4.62119e-07 
0 0 0 0 0 0 0 0 0 0 0.280957 0.306042 0.167543 0.101594 0.0616198 0.0374209 0.0226435 0.0137566 0.0083362 0.00505804 0.00306299 0.00156111 0.0016206 0.000594316 0.000247743 0.000285904 0.000183728 9.38133e-05 5.57051e-05 4.53027e-05 3.61568e-05 4.71325e-06 9.43077e-07 
0 0 0 0 0 0 0 0 0 0 0 0.311981 0.347239 0.192286 0.116598 0.0707765 0.0429119 0.0260183 0.0157677 0.00957152 0.00579559 0.00295555 0.00306846 0.00112857 0.000466115 0.000549432 0.000349704 0.000177468 0.000106093 8.46701e-05 6.91637e-05 8.74483e-06 1.65798e-06 
0 0 0 0 0 0 0 0 0 0 0 0 0.335854 0.380573 0.212463 0.128925 0.0784468 0.0474076 0.0287438 0.0174353 0.0105691 0.00537908 0.00559556 0.00204638 0.000853333 0.000993446 0.000631164 0.000323812 0.000192341 0.000154888 0.000122053 1.66965e-05 3.28352e-06 
0 0 0 0 0 0 0 0 0 0 0 0 0 0.353151 0.405169 0.227178 0.137778 0.0836377 0.0506933 0.0307496 0.0186376 0.00949066 0.00982967 0.00361418 0.00150357 0.00175068 0.00110853 0.000564074 0.000345304 0.000276509 0.000215752 2.7463e-05 5.10015e-06 
0 0 0 0 0 0 0 0 0 0 0 0 0 0 0.365244 0.42242 0.237415 0.143984 0.0873387 0.0529601 0.032108 0.0162996 0.0169857 0.00622225 0.00259394 0.0030169 0.00191367 0.000973427 0.000588154 0.000474056 0.000375555 4.83079e-05 9.24469e-06 
0 0 0 0 0 0 0 0 0 0 0 0 0 0 0 0.373005 0.433984 0.244621 0.148245 0.0898361 0.0545082 0.0277138 0.0287698 0.0105318 0.00439114 0.00514651 0.00325598 0.00164725 0.000990327 0.000805545 0.000641227 8.2253e-05 1.6638e-05 
0 0 0 0 0 0 0 0 0 0 0 0 0 0 0 0 0.378875 0.440884 0.248894 0.150611 0.0914577 0.0464671 0.048301 0.0176981 0.00738746 0.00861922 0.00544515 0.00275816 0.00167005 0.00134151 0.00107655 0.000134424 2.62584e-05 
0 0 0 0 0 0 0 0 0 0 0 0 0 0 0 0 0 0.37927 0.44535 0.251084 0.152495 0.0773673 0.0804356 0.0294447 0.0122836 0.0143205 0.00907849 0.00459855 0.00279127 0.00222891 0.00179543 0.000227714 4.5665e-05 
0 0 0 0 0 0 0 0 0 0 0 0 0 0 0 0 0 0 0.383276 0.447995 0.252714 0.128487 0.133538 0.048886 0.0204091 0.0238034 0.0150962 0.00761808 0.0046272 0.0037109 0.00296861 0.000376001 7.59076e-05 
0 0 0 0 0 0 0 0 0 0 0 0 0 0 0 0 0 0 0 0.384986 0.451231 0.213251 0.221773 0.0811539 0.0338372 0.0395202 0.0249979 0.0126451 0.00766355 0.0061438 0.00493669 0.000619745 0.000121105 
0 0 0 0 0 0 0 0 0 0 0 0 0 0 0 0 0 0 0 0 0.385779 0.383554 0.366484 0.134009 0.0558296 0.0652746 0.0413555 0.0209285 0.0126776 0.0101539 0.00815358 0.00103561 0.000205135 
0 0 0 0 0 0 0 0 0 0 0 0 0 0 0 0 0 0 0 0 0 0.328053 0.61183 0.209671 0.0873201 0.102006 0.0649792 0.032773 0.0198472 0.0158808 0.0127323 0.00162105 0.000320092 
0 0 0 0 0 0 0 0 0 0 0 0 0 0 0 0 0 0 0 0 0 1.08117e-08 0.495241 0.394598 0.15531 0.181306 0.11479 0.0581802 0.0352844 0.0282447 0.0226314 0.00287674 0.000566534 
0 0 0 0 0 0 0 0 0 0 0 0 0 0 0 0 0 0 0 0 0 0 8.93695e-08 0.378313 0.312581 0.327007 0.206943 0.104792 0.0635884 0.050876 0.0408405 0.00517528 0.00102676 
0 0 0 0 0 0 0 0 0 0 0 0 0 0 0 0 0 0 0 0 0 0 0 4.31761e-07 0.26269 0.532627 0.304502 0.154167 0.0934676 0.0752529 0.0599727 0.00761748 0.00151191 
0 0 0 0 0 0 0 0 0 0 0 0 0 0 0 0 0 0 0 0 0 0 0 0 3.97687e-07 0.402024 0.493425 0.234891 0.142431 0.113956 0.091318 0.0116294 0.00230027 
0 0 0 0 0 0 0 0 0 0 0 0 0 0 0 0 0 0 0 0 0 0 0 0 0 9.873e-07 0.429229 0.435062 0.247314 0.197868 0.158635 0.0201791 0.00400991 
0 0 0 0 0 0 0 0 0 0 0 0 0 0 0 0 0 0 0 0 0 0 0 0 0 0 3.71397e-06 0.390389 0.453161 0.337484 0.270572 0.0343485 0.00682123 
0 0 0 0 0 0 0 0 0 0 0 0 0 0 0 0 0 0 0 0 0 0 0 0 0 0 0 9.46826e-06 0.391922 0.587107 0.446488 0.0567103 0.0112619 
0 0 0 0 0 0 0 0 0 0 0 0 0 0 0 0 0 0 0 0 0 0 0 0 0 0 0 0 2.59313e-05 0.510901 0.856831 0.106228 0.0210546 
0 0 0 0 0 0 0 0 0 0 0 0 0 0 0 0 0 0 0 0 0 0 0 0 0 0 0 0 0 4.16552e-05 0.925526 0.485895 0.0948218 
0 0 0 0 0 0 0 0 0 0 0 0 0 0 0 0 0 0 0 0 0 0 0 0 0 0 0 0 0 0 0.000824931 0.760468 0.854499 
0 0 0 0 0 0 0 0 0 0 0 0 0 0 0 0 0 0 0 0 0 0 0 0 0 0 0 0 0 0 2.54888e-09 0.112385 1.99292 
);

P1 (
0.0251056 0.0116654 0.00875244 0.00368023 0.0015403 0.000719829 0.000296935 0.000223202 1.1962e-05 2.89163e-05 1.88245e-05 7.51514e-06 4.29932e-06 1.4709e-06 1.72832e-06 1.35879e-06 8.43229e-07 1.21754e-07 7.08706e-08 7.9164e-09 2.96223e-08 0 0 0 0 0 0 0 0 0 0 0 0 
0 0.0174747 0.0212199 0.0119093 0.00591811 0.00333838 0.000862283 0.000600001 0.000350527 0.000117267 6.13961e-05 3.2324e-05 1.66165e-05 8.60517e-06 4.09528e-06 9.69302e-06 9.24373e-07 5.09154e-07 3.50113e-07 3.74073e-07 1.73144e-07 8.63205e-08 1.13113e-07 7.92137e-08 1.76564e-08 1.02746e-07 4.35594e-08 1.47399e-08 6.09116e-09 5.0699e-09 0 0 0 
0 0 0.0387898 0.0256362 0.012968 0.00627545 0.00289905 0.00143965 0.000664848 0.000307502 0.000149999 7.19092e-05 3.3838e-05 1.8534e-05 8.54954e-06 4.5157e-06 2.25118e-06 1.31451e-06 8.52166e-07 4.86123e-07 2.62765e-07 1.70647e-07 2.5625e-07 1.75779e-07 4.10992e-08 5.53655e-08 5.76843e-08 4.64106e-08 1.55525e-08 3.67403e-08 1.83048e-08 0 0 
0 0 0 0.0289505 0.0455368 0.0219942 0.0103923 0.00492356 0.0026324 0.00109932 0.000526371 0.000251216 0.000115338 5.89991e-05 3.04812e-05 1.41404e-05 7.08001e-06 3.62663e-06 2.28841e-06 1.36178e-06 7.44514e-07 4.20896e-07 5.30974e-07 2.29394e-07 1.1066e-07 1.06314e-07 1.08411e-07 5.60035e-08 6.85629e-08 6.52531e-08 1.36874e-07 2.75403e-09 0 
0 0 0 0 0.0534768 0.0485319 0.0246955 0.0117018 0.00554091 0.00263291 0.00124388 0.00059114 0.000281729 0.000134866 6.43113e-05 3.16178e-05 1.60614e-05 8.13512e-06 4.41579e-06 2.45076e-06 1.49489e-06 7.92901e-07 8.77109e-07 3.95614e-07 2.03578e-07 2.76183e-07 2.39376e-07 1.57167e-07 1.259e-07 1.31302e-07 1.37565e-07 1.9933e-08 0 
0 0 0 0 0 0.0775951 0.055267 0.0324341 0.0154143 0.00727703 0.00343827 0.00163135 0.000774683 0.000369517 0.000176648 8.53371e-05 4.16628e-05 2.0715e-05 1.08893e-05 5.74526e-06 3.28154e-06 1.61706e-06 1.79027e-06 7.77969e-07 3.54943e-07 4.68009e-07 3.61695e-07 2.22927e-07 1.65787e-07 1.70756e-07 2.70318e-07 9.25917e-08 3.63513e-09 
0 0 0 0 0 0 0.0967807 0.08861 0.0418713 0.0197861 0.00937553 0.00443714 0.0021002 0.000999656 0.000475156 0.000227546 0.000109376 5.36325e-05 2.70075e-05 1.3822e-05 7.496e-06 3.55892e-06 3.65358e-06 1.45681e-06 6.85801e-07 8.7165e-07 6.23103e-07 4.50191e-07 3.17695e-07 3.33569e-07 4.96147e-07 1.1956e-07 1.6683e-09 
0 0 0 0 0 0 0 0.130048 0.100945 0.055959 0.0264609 0.0125174 0.00592229 0.00280783 0.00133054 0.000634972 0.000305776 0.000146273 7.18072e-05 3.59608e-05 1.8493e-05 8.25585e-06 8.0204e-06 2.95869e-06 1.30559e-06 1.59335e-06 1.14425e-06 7.3207e-07 5.57439e-07 5.4121e-07 7.67947e-07 2.2061e-07 1.09016e-08 
0 0 0 0 0 0 0 0 0.119521 0.136922 0.0695813 0.0329118 0.015576 0.00737399 0.00349061 0.00165851 0.000790303 0.000378061 0.000183047 8.95772e-05 4.44768e-05 1.94601e-05 1.78002e-05 5.88748e-06 2.46789e-06 3.02676e-06 2.12441e-06 1.34685e-06 9.15917e-07 9.25258e-07 1.31837e-06 4.01632e-07 9.56444e-08 
0 0 0 0 0 0 0 0 0 0.154667 0.174004 0.086791 0.0410383 0.0194016 0.00923009 0.00436036 0.00206673 0.000986564 0.000470509 0.000227412 0.000110816 4.72715e-05 4.15413e-05 1.31076e-05 5.1737e-06 5.98445e-06 3.98008e-06 2.33854e-06 1.61445e-06 1.5763e-06 2.12674e-06 8.59252e-07 2.0894e-07 
0 0 0 0 0 0 0 0 0 0 0.185696 0.211779 0.104468 0.0493676 0.023346 0.0110632 0.00522989 0.00248737 0.00118397 0.000567089 0.000273416 0.000114353 9.68623e-05 2.89691e-05 1.09606e-05 1.19127e-05 7.52714e-06 4.00848e-06 2.7067e-06 2.59466e-06 3.34473e-06 1.08947e-06 2.68353e-07 
0 0 0 0 0 0 0 0 0 0 0 0.21411 0.244356 0.119826 0.0566272 0.0268035 0.0126795 0.00600631 0.00284939 0.00135816 0.000649307 0.000268622 0.000222634 6.4388e-05 2.33899e-05 2.48688e-05 1.45667e-05 7.29254e-06 4.63553e-06 4.11766e-06 5.11172e-06 1.54605e-06 4.28254e-07 
0 0 0 0 0 0 0 0 0 0 0 0 0.236196 0.270655 0.132398 0.0626177 0.0296997 0.0140068 0.00663533 0.00315006 0.00150012 0.000614212 0.000503473 0.000140789 5.02329e-05 5.13681e-05 2.83762e-05 1.33009e-05 7.86462e-06 6.74276e-06 7.84687e-06 2.41409e-06 8.64319e-07 
0 0 0 0 0 0 0 0 0 0 0 0 0 0.252204 0.290045 0.141558 0.0669074 0.0316655 0.0149772 0.00709697 0.00336773 0.00137304 0.00111087 0.000306954 0.00010755 0.000107282 5.65403e-05 2.51062e-05 1.43067e-05 1.13617e-05 1.13116e-05 2.90787e-06 9.94822e-07 
0 0 0 0 0 0 0 0 0 0 0 0 0 0 0.263207 0.303664 0.147939 0.0699213 0.0330703 0.0156462 0.00741069 0.00300393 0.00243186 0.000662701 0.000229477 0.000225157 0.000115326 4.8993e-05 2.6127e-05 1.94484e-05 1.73494e-05 4.16924e-06 1.51759e-06 
0 0 0 0 0 0 0 0 0 0 0 0 0 0 0 0.27071 0.312781 0.152456 0.0719865 0.0340133 0.0161035 0.00652574 0.00524475 0.00141804 0.000488104 0.000477993 0.000238901 9.74997e-05 4.97694e-05 3.53826e-05 2.74547e-05 6.1301e-06 1.99267e-06 
0 0 0 0 0 0 0 0 0 0 0 0 0 0 0 0 0.276138 0.318175 0.155094 0.0731249 0.0346198 0.0140051 0.0112488 0.00302986 0.0010395 0.00100676 0.000494987 0.000198405 9.886e-05 6.59389e-05 4.54011e-05 8.136e-06 1.95401e-06 
0 0 0 0 0 0 0 0 0 0 0 0 0 0 0 0 0 0.276847 0.321457 0.156549 0.0740948 0.0299132 0.0239973 0.00644062 0.00220234 0.00212234 0.00103894 0.000410317 0.000200612 0.000128232 7.93797e-05 1.10461e-05 3.1688e-06 
0 0 0 0 0 0 0 0 0 0 0 0 0 0 0 0 0 0 0.280155 0.323803 0.157438 0.0636625 0.051023 0.0136722 0.00467067 0.00449176 0.00218834 0.000852341 0.000410921 0.000257285 0.000144919 1.57229e-05 3.86579e-06 
0 0 0 0 0 0 0 0 0 0 0 0 0 0 0 0 0 0 0 0.28182 0.326276 0.13558 0.108677 0.0290849 0.00991186 0.00952985 0.00461384 0.00179117 0.000856356 0.000524524 0.000279761 2.59273e-05 5.11759e-06 
0 0 0 0 0 0 0 0 0 0 0 0 0 0 0 0 0 0 0 0 0.282623 0.278016 0.230439 0.0615917 0.020958 0.0201528 0.0097534 0.00377606 0.00179459 0.00108754 0.000553962 4.06191e-05 7.3793e-06 
0 0 0 0 0 0 0 0 0 0 0 0 0 0 0 0 0 0 0 0 0 0.241577 0.43685 0.12001 0.0408106 0.0391949 0.0190561 0.00733405 0.00347529 0.00209214 0.00103578 6.75547e-05 9.70371e-06 
0 0 0 0 0 0 0 0 0 0 0 0 0 0 0 0 0 0 0 0 0 1.08095e-08 0.36258 0.280478 0.0976511 0.0936856 0.045217 0.0174669 0.00826818 0.00495561 0.0024033 0.000134572 1.67851e-05 
0 0 0 0 0 0 0 0 0 0 0 0 0 0 0 0 0 0 0 0 0 0 8.93263e-08 0.277447 0.224529 0.224616 0.108301 0.0417706 0.0197547 0.0118051 0.00566362 0.000288753 2.70437e-05 
0 0 0 0 0 0 0 0 0 0 0 0 0 0 0 0 0 0 0 0 0 0 0 4.31457e-07 0.198666 0.38274 0.192296 0.0741172 0.0350035 0.0210468 0.00996356 0.0004861 4.3741e-05 
0 0 0 0 0 0 0 0 0 0 0 0 0 0 0 0 0 0 0 0 0 0 0 0 3.9747e-07 0.294541 0.354235 0.140048 0.0661218 0.0394383 0.0187294 0.000885882 6.96434e-05 
0 0 0 0 0 0 0 0 0 0 0 0 0 0 0 0 0 0 0 0 0 0 0 0 0 9.86088e-07 0.314557 0.312726 0.151454 0.090272 0.0427461 0.00196966 0.000137167 
0 0 0 0 0 0 0 0 0 0 0 0 0 0 0 0 0 0 0 0 0 0 0 0 0 0 3.70565e-06 0.286293 0.327092 0.200429 0.0947701 0.00429712 0.000277492 
0 0 0 0 0 0 0 0 0 0 0 0 0 0 0 0 0 0 0 0 0 0 0 0 0 0 0 9.43313e-06 0.286599 0.415146 0.200511 0.00900924 0.000551538 
0 0 0 0 0 0 0 0 0 0 0 0 0 0 0 0 0 0 0 0 0 0 0 0 0 0 0 0 2.50906e-05 0.373725 0.511204 0.0231188 0.00135216 
0 0 0 0 0 0 0 0 0 0 0 0 0 0 0 0 0 0 0 0 0 0 0 0 0 0 0 0 0 3.86598e-05 0.642052 0.238541 0.0136452 
0 0 0 0 0 0 0 0 0 0 0 0 0 0 0 0 0 0 0 0 0 0 0 0 0 0 0 0 0 0 0.000598103 0.487966 0.321165 
0 0 0 0 0 0 0 0 0 0 0 0 0 0 0 0 0 0 0 0 0 0 0 0 0 0 0 0 0 0 1.16195e-10 0.0440038 0.690031 
);

P2 (
0.0183666 0.00812157 0.00169961 -0.000420242 -0.000968054 -0.0009309 -0.000599865 -0.000455372 -0.000165259 -0.00010777 -0.000104765 -5.52072e-05 -3.66314e-05 -1.36976e-05 -1.96824e-05 -1.6697e-05 -1.01657e-05 -1.43828e-06 -7.24854e-07 -7.99561e-08 -1.89605e-07 0 0 0 0 0 0 0 0 0 0 0 0 
0 0.0120391 0.0152893 0.00265014 -0.0013887 -0.00169489 -0.00145219 -0.000972123 -0.000774534 -0.000402452 -0.000247762 -0.000144491 -9.37788e-05 -5.12682e-05 -3.56456e-05 -0.000102223 -1.10105e-05 -5.96327e-06 -4.17424e-06 -3.98029e-06 -1.51738e-06 -6.62773e-07 -7.44549e-07 -3.9034e-07 -5.94559e-08 -3.09843e-07 -1.07073e-07 -2.3896e-08 -5.36939e-09 -2.18772e-09 0 0 0 
0 0 0.0274003 0.0159641 0.00176004 -0.00186726 -0.00217278 -0.00181614 -0.00121043 -0.000768036 -0.00049739 -0.000308749 -0.000185233 -0.000128924 -7.15286e-05 -4.45602e-05 -2.51812e-05 -1.57498e-05 -1.02371e-05 -5.58355e-06 -2.7172e-06 -1.507e-06 -1.86717e-06 -1.04158e-06 -2.05342e-07 -2.12998e-07 -1.73055e-07 -8.74663e-08 -2.39834e-08 -3.4419e-08 -7.49965e-09 0 0 
0 0 0 0.0237715 0.0317641 0.00479981 -0.00225066 -0.00327355 -0.0029683 -0.00187611 -0.00125249 -0.000791998 -0.000474531 -0.000308501 -0.000199681 -0.000113761 -6.78703e-05 -3.97498e-05 -2.71991e-05 -1.64603e-05 -8.71217e-06 -4.43032e-06 -4.82386e-06 -1.71288e-06 -6.81939e-07 -5.51977e-07 -4.14879e-07 -1.59283e-07 -1.53913e-07 -8.00434e-08 -4.29916e-08 1.55926e-09 0 
0 0 0 0 0.0418112 0.0314557 0.00357979 -0.0034055 -0.0041202 -0.00326795 -0.00225315 -0.00147064 -0.000930104 -0.000578217 -0.000351228 -0.000215878 -0.000133822 -8.01219e-05 -4.92398e-05 -2.93968e-05 -1.80736e-05 -9.1887e-06 -9.02958e-06 -3.36873e-06 -1.50852e-06 -1.68018e-06 -1.17622e-06 -5.70392e-07 -3.38015e-07 -2.38913e-07 -7.08586e-08 1.18652e-08 0 
0 0 0 0 0 0.0699918 0.0444047 0.00473174 -0.00448755 -0.00540809 -0.00426286 -0.00295304 -0.00192652 -0.00121971 -0.000756488 -0.000465829 -0.000284234 -0.000172518 -0.00010735 -6.40889e-05 -3.92834e-05 -1.96123e-05 -2.04482e-05 -7.79853e-06 -3.14198e-06 -3.61202e-06 -2.14222e-06 -1.03036e-06 -6.04173e-07 -4.5038e-07 -3.09881e-07 3.43415e-08 1.81383e-09 
0 0 0 0 0 0 0.0646255 0.0496174 0.00586362 -0.00584706 -0.00701836 -0.00553259 -0.00382059 -0.00249603 -0.00157372 -0.00097782 -0.00059876 -0.000366964 -0.000225582 -0.000136296 -8.3737e-05 -4.25118e-05 -4.41234e-05 -1.64499e-05 -7.04516e-06 -7.92329e-06 -4.64675e-06 -2.62402e-06 -1.49175e-06 -1.13036e-06 -8.52459e-07 2.04365e-08 -5.56308e-11 
0 0 0 0 0 0 0 0.094929 0.0736341 0.00858676 -0.00745905 -0.00918802 -0.00728778 -0.00505496 -0.00329216 -0.00208586 -0.00130374 -0.000795086 -0.000488057 -0.000298389 -0.000181441 -9.1286e-05 -9.56388e-05 -3.56089e-05 -1.48725e-05 -1.69302e-05 -1.03951e-05 -5.41198e-06 -3.35282e-06 -2.34783e-06 -1.80487e-06 -3.96295e-08 3.34092e-09 
0 0 0 0 0 0 0 0 0.0996448 0.0867417 0.00980337 -0.0097003 -0.0116458 -0.00918885 -0.00634472 -0.00413758 -0.00261659 -0.00162345 -0.00100193 -0.000612764 -0.000371352 -0.000189776 -0.000197753 -7.11935e-05 -2.99575e-05 -3.49593e-05 -2.20903e-05 -1.17516e-05 -6.70823e-06 -5.16236e-06 -3.96734e-06 -2.77089e-07 1.9772e-08 
0 0 0 0 0 0 0 0 0 0.125077 0.107618 0.0122576 -0.0120775 -0.0145019 -0.011507 -0.00792492 -0.0051554 -0.00326472 -0.00201969 -0.00124368 -0.000757679 -0.000388796 -0.000406798 -0.000149469 -6.22426e-05 -7.28106e-05 -4.5671e-05 -2.38729e-05 -1.42293e-05 -1.10816e-05 -8.55948e-06 -7.63277e-07 -1.97251e-08 
0 0 0 0 0 0 0 0 0 0 0.14967 0.129921 0.0149236 -0.014451 -0.0174093 -0.0137555 -0.00949197 -0.0061971 -0.00391343 -0.00243272 -0.00149449 -0.000767836 -0.000801402 -0.000294935 -0.000123083 -0.000142102 -9.12852e-05 -4.65446e-05 -2.75547e-05 -2.22791e-05 -1.71973e-05 -1.613e-06 -7.80306e-08 
0 0 0 0 0 0 0 0 0 0 0 0.172957 0.148553 0.0169985 -0.0166293 -0.0200091 -0.0157801 -0.0109087 -0.00710385 -0.0044938 -0.00278753 -0.00144076 -0.00150948 -0.000558563 -0.00023118 -0.000272823 -0.000173721 -8.80914e-05 -5.25543e-05 -4.17562e-05 -3.32099e-05 -3.30628e-06 -2.13579e-07 
0 0 0 0 0 0 0 0 0 0 0 0 0.19128 0.163931 0.0187798 -0.0183814 -0.0221876 -0.0174339 -0.0120513 -0.00785537 -0.00496185 -0.0025833 -0.00272851 -0.00100824 -0.000422008 -0.000492355 -0.000313265 -0.000160732 -9.5342e-05 -7.65008e-05 -5.88993e-05 -6.43568e-06 -4.11463e-07 
0 0 0 0 0 0 0 0 0 0 0 0 0 0.204639 0.175245 0.0200611 -0.0196597 -0.0236546 -0.0186423 -0.0128931 -0.0083966 -0.00444459 -0.00472317 -0.0017671 -0.000739822 -0.000864783 -0.000549229 -0.00027975 -0.000171142 -0.00013666 -0.000104539 -1.12635e-05 -9.22957e-07 
0 0 0 0 0 0 0 0 0 0 0 0 0 0 0.213682 0.183175 0.0209703 -0.0205442 -0.0246969 -0.0194763 -0.0134621 -0.00731195 -0.00796179 -0.00300336 -0.00126573 -0.00148195 -0.000945134 -0.000481941 -0.000291278 -0.000234265 -0.000182361 -2.00144e-05 -1.37891e-06 
0 0 0 0 0 0 0 0 0 0 0 0 0 0 0 0.220135 0.18852 0.0216609 -0.0211573 -0.0254055 -0.020045 -0.0115319 -0.0129274 -0.00497525 -0.00211264 -0.00250421 -0.00159943 -0.000813138 -0.000489617 -0.000397811 -0.000311642 -3.44478e-05 -3.03699e-06 
0 0 0 0 0 0 0 0 0 0 0 0 0 0 0 0 0.224603 0.191601 0.0219937 -0.0215102 -0.0258716 -0.0168478 -0.0201586 -0.00806093 -0.00347115 -0.00412846 -0.00265102 -0.00135454 -0.000823193 -0.000661478 -0.000523421 -5.62261e-05 -5.42864e-06 
0 0 0 0 0 0 0 0 0 0 0 0 0 0 0 0 0 0.22496 0.194065 0.0223546 -0.0216966 -0.0211884 -0.0293114 -0.0125845 -0.00554269 -0.00667867 -0.00435339 -0.00223894 -0.00136889 -0.00109603 -0.000872463 -9.67063e-05 -8.6891e-06 
0 0 0 0 0 0 0 0 0 0 0 0 0 0 0 0 0 0 0.228012 0.194906 0.02226 -0.0165299 -0.0370747 -0.0186446 -0.00858571 -0.0106089 -0.00705773 -0.00365653 -0.00225014 -0.0018163 -0.00144055 -0.000159044 -1.47214e-05 
0 0 0 0 0 0 0 0 0 0 0 0 0 0 0 0 0 0 0 0.229514 0.196293 0.0237563 -0.0297752 -0.0247778 -0.0125262 -0.0162636 -0.011192 -0.00592493 -0.0036734 -0.00298384 -0.0023886 -0.000262279 -2.409e-05 
0 0 0 0 0 0 0 0 0 0 0 0 0 0 0 0 0 0 0 0 0.230142 0.178143 0.0374255 -0.0241097 -0.016021 -0.0231846 -0.0171631 -0.00941036 -0.00593185 -0.00486677 -0.00392689 -0.000439701 -4.22975e-05 
0 0 0 0 0 0 0 0 0 0 0 0 0 0 0 0 0 0 0 0 0 0.19864 0.247334 -0.000952628 -0.0148869 -0.0281824 -0.0239877 -0.0138707 -0.00896902 -0.00747041 -0.00609208 -0.000686888 -6.58085e-05 
0 0 0 0 0 0 0 0 0 0 0 0 0 0 0 0 0 0 0 0 0 1.08051e-08 0.28366 0.149981 0.0155667 -0.0168504 -0.0301705 -0.0210485 -0.0146329 -0.0127021 -0.0106586 -0.00121712 -0.000115571 
0 0 0 0 0 0 0 0 0 0 0 0 0 0 0 0 0 0 0 0 0 0 8.92399e-08 0.226399 0.155252 0.0703793 -0.0173897 -0.027081 -0.0223958 -0.0211089 -0.0187216 -0.00218261 -0.000210205 
0 0 0 0 0 0 0 0 0 0 0 0 0 0 0 0 0 0 0 0 0 0 0 4.30849e-07 0.162213 0.258016 0.0315727 -0.0231349 -0.0267903 -0.0284592 -0.0266993 -0.00320061 -0.000306752 
0 0 0 0 0 0 0 0 0 0 0 0 0 0 0 0 0 0 0 0 0 0 0 0 3.97037e-07 0.238779 0.199859 0.00930498 -0.0244794 -0.0358427 -0.03854 -0.00485726 -0.0004714 
0 0 0 0 0 0 0 0 0 0 0 0 0 0 0 0 0 0 0 0 0 0 0 0 0 9.83667e-07 0.252765 0.178982 0.0173834 -0.0355679 -0.0592155 -0.00830608 -0.000807624 
0 0 0 0 0 0 0 0 0 0 0 0 0 0 0 0 0 0 0 0 0 0 0 0 0 0 3.68908e-06 0.232782 0.195431 0.0133615 -0.0794944 -0.0138136 -0.00137666 
0 0 0 0 0 0 0 0 0 0 0 0 0 0 0 0 0 0 0 0 0 0 0 0 0 0 0 9.36324e-06 0.233111 0.214533 -0.0750708 -0.0219522 -0.00225505 
0 0 0 0 0 0 0 0 0 0 0 0 0 0 0 0 0 0 0 0 0 0 0 0 0 0 0 0 2.36079e-05 0.289613 0.10355 -0.037416 -0.00416847 
0 0 0 0 0 0 0 0 0 0 0 0 0 0 0 0 0 0 0 0 0 0 0 0 0 0 0 0 0 3.4163e-05 0.380776 -0.00550989 -0.0157572 
0 0 0 0 0 0 0 0 0 0 0 0 0 0 0 0 0 0 0 0 0 0 0 0 0 0 0 0 0 0 0.000457292 0.271742 0.0606439 
0 0 0 0 0 0 0 0 0 0 0 0 0 0 0 0 0 0 0 0 0 0 0 0 0 0 0 0 0 0 -8.69359e-10 0.0102291 0.255994 
);

P3 (
0.0147916 0.00234779 -0.0032809 -0.00215358 -0.00167779 -0.00094546 -0.000459239 -0.0002623 -8.99853e-05 -3.62554e-05 -2.78686e-05 -1.21503e-05 -6.41227e-06 -2.19575e-06 -2.58419e-06 -2.03261e-06 -1.26125e-06 -1.8209e-07 -1.05888e-07 -1.18268e-08 -4.39973e-08 0 0 0 0 0 0 0 0 0 0 0 0 
0 0.0118899 0.00761021 -0.00487507 -0.00503554 -0.00295627 -0.00149306 -0.000813796 -0.000461523 -0.000177147 -8.83759e-05 -4.40069e-05 -2.1315e-05 -1.09482e-05 -5.849e-06 -1.39065e-05 -1.34797e-06 -7.70855e-07 -5.3318e-07 -5.59052e-07 -2.58304e-07 -1.28566e-07 -1.68037e-07 -1.16851e-07 -2.5609e-08 -1.4794e-07 -6.12047e-08 -1.97428e-08 -7.08878e-09 -4.98759e-09 0 0 0 
0 0 0.0216603 0.00389341 -0.00657301 -0.00562134 -0.00328217 -0.00184079 -0.000906517 -0.000435541 -0.000217271 -0.000105551 -5.00687e-05 -2.7563e-05 -1.27484e-05 -6.74468e-06 -3.36555e-06 -1.96605e-06 -1.27455e-06 -7.26852e-07 -3.92578e-07 -2.54568e-07 -3.81204e-07 -2.60529e-07 -6.06159e-08 -8.08102e-08 -8.28957e-08 -6.34623e-08 -2.05652e-08 -4.39844e-08 -1.61328e-08 0 0 
0 0 0 0.0173955 0.0134655 -0.00903838 -0.00871373 -0.00540708 -0.00328924 -0.0014847 -0.000741936 -0.000362713 -0.000168999 -8.71916e-05 -4.5285e-05 -2.1075e-05 -1.0572e-05 -5.42109e-06 -3.42245e-06 -2.03678e-06 -1.11327e-06 -6.28875e-07 -7.92197e-07 -3.41298e-07 -1.64102e-07 -1.56891e-07 -1.58007e-07 -8.0053e-08 -9.54154e-08 -8.22394e-08 -1.04894e-07 2.32952e-10 0 
0 0 0 0 0.0299885 0.00782761 -0.0122416 -0.0104186 -0.00625731 -0.00335535 -0.00169444 -0.000836843 -0.00040795 -0.000197941 -9.51512e-05 -4.70069e-05 -2.39479e-05 -1.21502e-05 -6.60137e-06 -3.66534e-06 -2.23577e-06 -1.1855e-06 -1.31008e-06 -5.89717e-07 -3.02861e-07 -4.09267e-07 -3.52439e-07 -2.28164e-07 -1.78475e-07 -1.76374e-07 -1.16176e-07 5.38266e-09 0 
0 0 0 0 0 0.0398251 0.00798232 -0.016029 -0.0137189 -0.0082154 -0.0043802 -0.00222192 -0.00109659 -0.00053505 -0.000259247 -0.000126257 -6.19398e-05 -3.0886e-05 -1.62635e-05 -8.58867e-06 -4.9076e-06 -2.41838e-06 -2.6761e-06 -1.1615e-06 -5.29183e-07 -6.96317e-07 -5.35033e-07 -3.26521e-07 -2.40109e-07 -2.40001e-07 -3.13088e-07 -9.69891e-09 -5.9851e-11 
0 0 0 0 0 0 0.0474938 0.0117716 -0.0210026 -0.0176812 -0.0106073 -0.00566031 -0.00286284 -0.00141569 -0.00068818 -0.000333998 -0.000161837 -7.97387e-05 -4.0269e-05 -2.06432e-05 -1.12055e-05 -5.32201e-06 -5.46329e-06 -2.17691e-06 -1.02383e-06 -1.29934e-06 -9.25764e-07 -6.64697e-07 -4.65258e-07 -4.79414e-07 -6.29543e-07 -2.33321e-08 -9.77158e-10 
0 0 0 0 0 0 0 0.0619105 0.0198902 -0.0272055 -0.0233965 -0.0140905 -0.00753431 -0.00382161 -0.00188261 -0.000919164 -0.000448681 -0.000216388 -0.000106746 -5.3613e-05 -2.76171e-05 -1.23398e-05 -1.19921e-05 -4.42302e-06 -1.95058e-06 -2.37833e-06 -1.70415e-06 -1.08616e-06 -8.21291e-07 -7.85858e-07 -1.0366e-06 -1.27118e-07 6.32155e-09 
0 0 0 0 0 0 0 0 0.0789447 0.0216072 -0.0348359 -0.0293938 -0.0176171 -0.00940544 -0.00475757 -0.00234854 -0.00114458 -0.000554904 -0.000270836 -0.000133174 -6.63114e-05 -2.90583e-05 -2.66027e-05 -8.80155e-06 -3.6885e-06 -4.52044e-06 -3.16747e-06 -2.00183e-06 -1.35472e-06 -1.35411e-06 -1.80213e-06 -3.17608e-07 -1.47323e-08 
0 0 0 0 0 0 0 0 0 0.0983172 0.0269505 -0.0434247 -0.0366419 -0.0219431 -0.011774 -0.00594298 -0.00292659 -0.00142877 -0.000690577 -0.000336461 -0.000164741 -7.04622e-05 -6.20232e-05 -1.95882e-05 -7.73213e-06 -8.94073e-06 -5.93865e-06 -3.4815e-06 -2.39406e-06 -2.31698e-06 -2.97213e-06 -7.60382e-07 -6.63682e-08 
0 0 0 0 0 0 0 0 0 0 0.117441 0.0332078 -0.0520779 -0.044026 -0.0263885 -0.0141049 -0.00712664 -0.00352179 -0.00171451 -0.000832287 -0.000404503 -0.00016994 -0.000144365 -4.32563e-05 -1.63737e-05 -1.77954e-05 -1.12352e-05 -5.97166e-06 -4.01933e-06 -3.82673e-06 -4.72269e-06 -1.04318e-06 -1.39751e-08 
0 0 0 0 0 0 0 0 0 0 0 0.1354 0.0375376 -0.0598631 -0.0505343 -0.0303041 -0.0161685 -0.00818537 -0.00403454 -0.00196683 -0.00095294 -0.000397206 -0.000330831 -9.5998e-05 -3.49084e-05 -3.71299e-05 -2.17412e-05 -1.08684e-05 -6.88989e-06 -6.08283e-06 -7.25712e-06 -1.55517e-06 -1.41434e-07 
0 0 0 0 0 0 0 0 0 0 0 0 0.149675 0.0414665 -0.0661443 -0.0558743 -0.0335851 -0.0178612 -0.00904243 -0.00446025 -0.00217228 -0.000900703 -0.000744428 -0.000209373 -7.48485e-05 -7.66104e-05 -4.23306e-05 -1.98224e-05 -1.16929e-05 -9.9717e-06 -1.11917e-05 -2.44594e-06 -2.42664e-07 
0 0 0 0 0 0 0 0 0 0 0 0 0 0.160103 0.0442518 -0.0707422 -0.0597165 -0.0358067 -0.0190984 -0.00967171 -0.00476818 -0.0019857 -0.00162895 -0.000454523 -0.000159798 -0.000159703 -8.42625e-05 -3.73994e-05 -2.12708e-05 -1.6811e-05 -1.61914e-05 -3.1819e-06 -3.29082e-07 
0 0 0 0 0 0 0 0 0 0 0 0 0 0 0.167267 0.0462154 -0.0739254 -0.0624044 -0.0373922 -0.0199513 -0.0100987 -0.00424398 -0.00351688 -0.000974256 -0.000339376 -0.000334123 -0.000171562 -7.29113e-05 -3.8828e-05 -2.87721e-05 -2.48905e-05 -4.40667e-06 -3.90179e-07 
0 0 0 0 0 0 0 0 0 0 0 0 0 0 0 0.172167 0.0475841 -0.0761141 -0.0642506 -0.0384593 -0.0205336 -0.0088604 -0.00741011 -0.00205992 -0.000716221 -0.000705552 -0.000354312 -0.000144858 -7.3892e-05 -5.23323e-05 -3.9456e-05 -6.80496e-06 -8.24589e-07 
0 0 0 0 0 0 0 0 0 0 0 0 0 0 0 0 0.175675 0.0482447 -0.0774794 -0.0652783 -0.0391484 -0.0177453 -0.0152753 -0.00431419 -0.00150557 -0.00147303 -0.000730432 -0.000293925 -0.00014653 -9.74445e-05 -6.53508e-05 -8.91695e-06 -6.55286e-07 
0 0 0 0 0 0 0 0 0 0 0 0 0 0 0 0 0 0.176021 0.0495881 -0.0780374 -0.066075 -0.0334063 -0.0304059 -0.0088635 -0.00312043 -0.00305976 -0.00152014 -0.000604913 -0.000296506 -0.000189213 -0.000114409 -1.23557e-05 -1.8328e-06 
0 0 0 0 0 0 0 0 0 0 0 0 0 0 0 0 0 0 0.178281 0.0490802 -0.0787286 -0.0554322 -0.0570472 -0.017747 -0.00637672 -0.00631769 -0.00315712 -0.00124659 -0.000604452 -0.000378628 -0.000209027 -1.7808e-05 -1.69078e-06 
0 0 0 0 0 0 0 0 0 0 0 0 0 0 0 0 0 0 0 0.179424 0.0493994 -0.0629097 -0.0947563 -0.0339942 -0.012687 -0.0128499 -0.00650064 -0.00258493 -0.0012496 -0.000768528 -0.000403058 -2.96703e-05 -2.00625e-06 
0 0 0 0 0 0 0 0 0 0 0 0 0 0 0 0 0 0 0 0 0.179962 0.0593589 -0.107409 -0.0588648 -0.0238796 -0.0252419 -0.0131984 -0.0053282 -0.00258386 -0.00158154 -0.000796556 -4.75104e-05 -3.53048e-06 
0 0 0 0 0 0 0 0 0 0 0 0 0 0 0 0 0 0 0 0 0 0.162677 0.0432282 -0.0792935 -0.0385494 -0.0438829 -0.0243129 -0.010023 -0.00491035 -0.00301102 -0.00148436 -7.85185e-05 -5.10478e-06 
0 0 0 0 0 0 0 0 0 0 0 0 0 0 0 0 0 0 0 0 0 1.07984e-08 0.200667 0.0143987 -0.0464347 -0.0749156 -0.0492841 -0.0220014 -0.0111473 -0.00695221 -0.00341083 -0.000159082 -8.03336e-06 
0 0 0 0 0 0 0 0 0 0 0 0 0 0 0 0 0 0 0 0 0 0 8.91105e-08 0.178322 0.0663609 -0.0635361 -0.08551 -0.0453878 -0.0245681 -0.0158678 -0.00791009 -0.000344202 -1.37142e-05 
0 0 0 0 0 0 0 0 0 0 0 0 0 0 0 0 0 0 0 0 0 0 0 4.29939e-07 0.139005 0.102405 -0.0914602 -0.0671519 -0.039711 -0.0269915 -0.0136776 -0.000580061 -2.21491e-05 
0 0 0 0 0 0 0 0 0 0 0 0 0 0 0 0 0 0 0 0 0 0 0 0 3.96388e-07 0.184271 0.0334199 -0.0811341 -0.0619556 -0.0462183 -0.0248991 -0.00105936 -4.21964e-05 
0 0 0 0 0 0 0 0 0 0 0 0 0 0 0 0 0 0 0 0 0 0 0 0 0 9.80046e-07 0.190466 0.0334398 -0.0793217 -0.0848389 -0.0529449 -0.00233122 -7.8009e-05 
0 0 0 0 0 0 0 0 0 0 0 0 0 0 0 0 0 0 0 0 0 0 0 0 0 0 3.66437e-06 0.181362 0.0477566 -0.113425 -0.1035 -0.00502412 -0.000172576 
0 0 0 0 0 0 0 0 0 0 0 0 0 0 0 0 0 0 0 0 0 0 0 0 0 0 0 9.25932e-06 0.181151 0.0118988 -0.172329 -0.0103023 -0.000339374 
0 0 0 0 0 0 0 0 0 0 0 0 0 0 0 0 0 0 0 0 0 0 0 0 0 0 0 0 2.17974e-05 0.201276 -0.158346 -0.0249806 -0.000837654 
0 0 0 0 0 0 0 0 0 0 0 0 0 0 0 0 0 0 0 0 0 0 0 0 0 0 0 0 0 2.97949e-05 0.152981 -0.097278 -0.007579 
0 0 0 0 0 0 0 0 0 0 0 0 0 0 0 0 0 0 0 0 0 0 0 0 0 0 0 0 0 0 0.000331719 0.128121 -0.0153563 
0 0 0 0 0 0 0 0 0 0 0 0 0 0 0 0 0 0 0 0 0 0 0 0 0 0 0 0 0 0 -9.07366e-11 -0.000711513 0.112385 
);

