numberOfGroups 33; 
capture ( 0.01625944842294897 0.012000728990724666 0.006646538844158841 0.0023884212496626343 0.0005646837372793565 0.00016069971962239432 0.0002514380643268066 0.000386352023068588 0.0005457168190879363 0.0007121501347480449 0.0008788828012992556 0.001083338327026898 0.0013354848847000917 0.0016634985539690722 0.0021342535343439467 0.0026680415839876576 0.00343066673685921 0.004484753458142808 0.005925204408400791 0.007396018776070917 0.00985345090180186 0.01167563590572621 0.015395496908933295 0.020514798478539403 0.024921748061364865 0.03069888069000912 0.040457946709847425 0.052916211238475015 0.06797594073373327 0.09278375892882887 0.1905285936793303 0.47341323869027535 1.299263293124734  ); 
scatteringMultiplicity ( 1.0 1.0 1.0 1.0 1.0 1.0 1.0 1.0 1.0 1.0 1.0 1.0 1.0 1.0 1.0 1.0 1.0 1.0 1.0 1.0 1.0 1.0 1.0 1.0 1.0 1.0 1.0 1.0 1.0 1.0 1.0 1.0 1.0 
1.0 1.0 1.0 1.0 1.0 1.0 1.0 1.0 1.0 1.0 1.0 1.0 1.0 1.0 1.0 1.0 1.0 1.0 1.0 1.0 1.0 1.0 1.0 1.0 1.0 1.0 1.0 1.0 1.0 1.0 1.0 1.0 1.0 
1.0 1.0 1.0 1.0 1.0 1.0 1.0 1.0 1.0 1.0 1.0 1.0 1.0 1.0 1.0 1.0 1.0 1.0 1.0 1.0 1.0 1.0 1.0 1.0 1.0 1.0 1.0 1.0 1.0 1.0 1.0 1.0 1.0 
1.0 1.0 1.0 1.0 1.0 1.0 1.0 1.0 1.0 1.0 1.0 1.0 1.0 1.0 1.0 1.0 1.0 1.0 1.0 1.0 1.0 1.0 1.0 1.0 1.0 1.0 1.0 1.0 1.0 1.0 1.0 1.0 1.0 
1.0 1.0 1.0 1.0 1.0 1.0 1.0 1.0 1.0 1.0 1.0 1.0 1.0 1.0 1.0 1.0 1.0 1.0 1.0 1.0 1.0 1.0 1.0 1.0 1.0 1.0 1.0 1.0 1.0 1.0 1.0 1.0 1.0 
1.0 1.0 1.0 1.0 1.0 1.0 1.0 1.0 1.0 1.0 1.0 1.0 1.0 1.0 1.0 1.0 1.0 1.0 1.0 1.0 1.0 1.0 1.0 1.0 1.0 1.0 1.0 1.0 1.0 1.0 1.0 1.0 1.0 
1.0 1.0 1.0 1.0 1.0 1.0 1.0 1.0 1.0 1.0 1.0 1.0 1.0 1.0 1.0 1.0 1.0 1.0 1.0 1.0 1.0 1.0 1.0 1.0 1.0 1.0 1.0 1.0 1.0 1.0 1.0 1.0 1.0 
1.0 1.0 1.0 1.0 1.0 1.0 1.0 1.0 1.0 1.0 1.0 1.0 1.0 1.0 1.0 1.0 1.0 1.0 1.0 1.0 1.0 1.0 1.0 1.0 1.0 1.0 1.0 1.0 1.0 1.0 1.0 1.0 1.0 
1.0 1.0 1.0 1.0 1.0 1.0 1.0 1.0 1.0 1.0 1.0 1.0 1.0 1.0 1.0 1.0 1.0 1.0 1.0 1.0 1.0 1.0 1.0 1.0 1.0 1.0 1.0 1.0 1.0 1.0 1.0 1.0 1.0 
1.0 1.0 1.0 1.0 1.0 1.0 1.0 1.0 1.0 1.0 1.0 1.0 1.0 1.0 1.0 1.0 1.0 1.0 1.0 1.0 1.0 1.0 1.0 1.0 1.0 1.0 1.0 1.0 1.0 1.0 1.0 1.0 1.0 
1.0 1.0 1.0 1.0 1.0 1.0 1.0 1.0 1.0 1.0 1.0 1.0 1.0 1.0 1.0 1.0 1.0 1.0 1.0 1.0 1.0 1.0 1.0 1.0 1.0 1.0 1.0 1.0 1.0 1.0 1.0 1.0 1.0 
1.0 1.0 1.0 1.0 1.0 1.0 1.0 1.0 1.0 1.0 1.0 1.0 1.0 1.0 1.0 1.0 1.0 1.0 1.0 1.0 1.0 1.0 1.0 1.0 1.0 1.0 1.0 1.0 1.0 1.0 1.0 1.0 1.0 
1.0 1.0 1.0 1.0 1.0 1.0 1.0 1.0 1.0 1.0 1.0 1.0 1.0 1.0 1.0 1.0 1.0 1.0 1.0 1.0 1.0 1.0 1.0 1.0 1.0 1.0 1.0 1.0 1.0 1.0 1.0 1.0 1.0 
1.0 1.0 1.0 1.0 1.0 1.0 1.0 1.0 1.0 1.0 1.0 1.0 1.0 1.0 1.0 1.0 1.0 1.0 1.0 1.0 1.0 1.0 1.0 1.0 1.0 1.0 1.0 1.0 1.0 1.0 1.0 1.0 1.0 
1.0 1.0 1.0 1.0 1.0 1.0 1.0 1.0 1.0 1.0 1.0 1.0 1.0 1.0 1.0 1.0 1.0 1.0 1.0 1.0 1.0 1.0 1.0 1.0 1.0 1.0 1.0 1.0 1.0 1.0 1.0 1.0 1.0 
1.0 1.0 1.0 1.0 1.0 1.0 1.0 1.0 1.0 1.0 1.0 1.0 1.0 1.0 1.0 1.0 1.0 1.0 1.0 1.0 1.0 1.0 1.0 1.0 1.0 1.0 1.0 1.0 1.0 1.0 1.0 1.0 1.0 
1.0 1.0 1.0 1.0 1.0 1.0 1.0 1.0 1.0 1.0 1.0 1.0 1.0 1.0 1.0 1.0 1.0 1.0 1.0 1.0 1.0 1.0 1.0 1.0 1.0 1.0 1.0 1.0 1.0 1.0 1.0 1.0 1.0 
1.0 1.0 1.0 1.0 1.0 1.0 1.0 1.0 1.0 1.0 1.0 1.0 1.0 1.0 1.0 1.0 1.0 1.0 1.0 1.0 1.0 1.0 1.0 1.0 1.0 1.0 1.0 1.0 1.0 1.0 1.0 1.0 1.0 
1.0 1.0 1.0 1.0 1.0 1.0 1.0 1.0 1.0 1.0 1.0 1.0 1.0 1.0 1.0 1.0 1.0 1.0 1.0 1.0 1.0 1.0 1.0 1.0 1.0 1.0 1.0 1.0 1.0 1.0 1.0 1.0 1.0 
1.0 1.0 1.0 1.0 1.0 1.0 1.0 1.0 1.0 1.0 1.0 1.0 1.0 1.0 1.0 1.0 1.0 1.0 1.0 1.0 1.0 1.0 1.0 1.0 1.0 1.0 1.0 1.0 1.0 1.0 1.0 1.0 1.0 
1.0 1.0 1.0 1.0 1.0 1.0 1.0 1.0 1.0 1.0 1.0 1.0 1.0 1.0 1.0 1.0 1.0 1.0 1.0 1.0 1.0 1.0 1.0 1.0 1.0 1.0 1.0 1.0 1.0 1.0 1.0 1.0 1.0 
1.0 1.0 1.0 1.0 1.0 1.0 1.0 1.0 1.0 1.0 1.0 1.0 1.0 1.0 1.0 1.0 1.0 1.0 1.0 1.0 1.0 1.0 1.0 1.0 1.0 1.0 1.0 1.0 1.0 1.0 1.0 1.0 1.0 
1.0 1.0 1.0 1.0 1.0 1.0 1.0 1.0 1.0 1.0 1.0 1.0 1.0 1.0 1.0 1.0 1.0 1.0 1.0 1.0 1.0 1.0 1.0 1.0 1.0 1.0 1.0 1.0 1.0 1.0 1.0 1.0 1.0 
1.0 1.0 1.0 1.0 1.0 1.0 1.0 1.0 1.0 1.0 1.0 1.0 1.0 1.0 1.0 1.0 1.0 1.0 1.0 1.0 1.0 1.0 1.0 1.0 1.0 1.0 1.0 1.0 1.0 1.0 1.0 1.0 1.0 
1.0 1.0 1.0 1.0 1.0 1.0 1.0 1.0 1.0 1.0 1.0 1.0 1.0 1.0 1.0 1.0 1.0 1.0 1.0 1.0 1.0 1.0 1.0 1.0 1.0 1.0 1.0 1.0 1.0 1.0 1.0 1.0 1.0 
1.0 1.0 1.0 1.0 1.0 1.0 1.0 1.0 1.0 1.0 1.0 1.0 1.0 1.0 1.0 1.0 1.0 1.0 1.0 1.0 1.0 1.0 1.0 1.0 1.0 1.0 1.0 1.0 1.0 1.0 1.0 1.0 1.0 
1.0 1.0 1.0 1.0 1.0 1.0 1.0 1.0 1.0 1.0 1.0 1.0 1.0 1.0 1.0 1.0 1.0 1.0 1.0 1.0 1.0 1.0 1.0 1.0 1.0 1.0 1.0 1.0 1.0 1.0 1.0 1.0 1.0 
1.0 1.0 1.0 1.0 1.0 1.0 1.0 1.0 1.0 1.0 1.0 1.0 1.0 1.0 1.0 1.0 1.0 1.0 1.0 1.0 1.0 1.0 1.0 1.0 1.0 1.0 1.0 1.0 1.0 1.0 1.0 1.0 1.0 
1.0 1.0 1.0 1.0 1.0 1.0 1.0 1.0 1.0 1.0 1.0 1.0 1.0 1.0 1.0 1.0 1.0 1.0 1.0 1.0 1.0 1.0 1.0 1.0 1.0 1.0 1.0 1.0 1.0 1.0 1.0 1.0 1.0 
1.0 1.0 1.0 1.0 1.0 1.0 1.0 1.0 1.0 1.0 1.0 1.0 1.0 1.0 1.0 1.0 1.0 1.0 1.0 1.0 1.0 1.0 1.0 1.0 1.0 1.0 1.0 1.0 1.0 1.0 1.0 1.0 1.0 
1.0 1.0 1.0 1.0 1.0 1.0 1.0 1.0 1.0 1.0 1.0 1.0 1.0 1.0 1.0 1.0 1.0 1.0 1.0 1.0 1.0 1.0 1.0 1.0 1.0 1.0 1.0 1.0 1.0 1.0 1.0 1.0 1.0 
1.0 1.0 1.0 1.0 1.0 1.0 1.0 1.0 1.0 1.0 1.0 1.0 1.0 1.0 1.0 1.0 1.0 1.0 1.0 1.0 1.0 1.0 1.0 1.0 1.0 1.0 1.0 1.0 1.0 1.0 1.0 1.0 1.0 
1.0 1.0 1.0 1.0 1.0 1.0 1.0 1.0 1.0 1.0 1.0 1.0 1.0 1.0 1.0 1.0 1.0 1.0 1.0 1.0 1.0 1.0 1.0 1.0 1.0 1.0 1.0 1.0 1.0 1.0 1.0 1.0 1.0 
 ); 
P0 ( 0.050707439831379986 0.019969634181438545 0.01014175040631899 0.011820799709737068 0.007875984959975308 0.0057327595618169285 0.0034686059631785396 0.0019338109399578156 0.001036357276629369 0.000516612097931097 0.00023137289680562776 0.00010018589960480373 4.470668098682006e-05 2.0874172257171127e-05 1.0190478671399583e-05 5.193549566191954e-06 2.7505652709377663e-06 1.5055057092935641e-06 8.45943065881529e-07 4.853226630488942e-07 2.8204751715579605e-07 1.390818196140697e-07 1.4102153359461565e-07 5.044283511849224e-08 2.0830363152036847e-08 2.4096232821347478e-08 1.505646067835927e-08 7.536288717643106e-09 4.584859780504334e-09 3.57320027815929e-09 1.6603116187002583e-09 0.0 0.0 
0.0 0.052289379967856806 0.02177957092052161 0.007620693547907018 0.008445564308735182 0.00623809819528361 0.0034757167366803255 0.0017427456419748502 0.0008935472610587885 0.00044341493205230024 0.00020737683173840707 0.00010061296654814876 5.1158788362435155e-05 2.7037129984587396e-05 1.4837954990147768e-05 8.386836656715174e-06 4.794640797843928e-06 2.800645091813921e-06 1.6566580239727204e-06 9.866971526329634e-07 5.906587699349382e-07 2.97542364703449e-07 3.07365298096633e-07 1.1169975349599157e-07 4.6406374630664613e-08 5.4050302277676076e-08 3.414321792005759e-08 1.726353732028951e-08 1.0439521272685901e-08 8.312992992744331e-09 5.422147063860806e-09 1.6304317700689962e-13 3.705527107909084e-14 
0.0 0.0 0.09278243355499026 0.03340526651396522 0.009689083625056884 0.005639184115885576 0.00321965991427781 0.0017939256520066176 0.0009597482184148799 0.0005033666542587204 0.000267171004505298 0.00014438016823046105 8.039585360194402e-05 4.6007875444593664e-05 2.6853580446642047e-05 1.5882872043052266e-05 9.4799435821101e-06 5.691401321388535e-06 3.429686245174276e-06 2.07138459417758e-06 1.2528716449427533e-06 6.355632697502239e-07 6.602154102146471e-07 2.4125984128715913e-07 1.0056188894160868e-07 1.1733808819628602e-07 7.42857533316202e-08 3.757819471314832e-08 2.280145680730304e-08 1.825911328450393e-08 1.3642316651409559e-08 5.470142468996797e-14 1.2432139828479072e-14 
0.0 0.0 0.0 0.11759109442220686 0.022266409179922415 0.008885538584582254 0.005229972262066495 0.0030856640538452313 0.0016659529215177608 0.0009603599032163265 0.0005375179357456027 0.0003023459511639435 0.00017213056126957234 9.823453085317737e-05 5.7658137027364135e-05 3.4240333294762704e-05 2.0450917628977553e-05 1.2281005049386297e-05 7.402270012260949e-06 4.471442329596794e-06 2.7050021557787204e-06 1.3725590803960385e-06 1.426065991553335e-06 5.213271440011581e-07 2.1729497869173998e-07 2.5366091671523663e-07 1.6060694947452922e-07 8.130924437607151e-08 4.928543530641253e-08 3.946236326798142e-08 3.165798587375772e-08 5.38154143953875e-10 0.0 
0.0 0.0 0.0 0.0 0.13986010818706557 0.034393720195083806 0.007433400688854051 0.004435471550346808 0.0027026146439966146 0.001585461093283479 0.0009516827756976631 0.0005620648885380366 0.0003330695694016397 0.00020216335974485787 0.00012156450747898901 7.292329570782949e-05 4.374648182970458e-05 2.630980041563363e-05 1.58682194354881e-05 9.587062930611131e-06 5.799364235178149e-06 2.940683309406016e-06 3.0547747129879514e-06 1.1152972397214226e-06 4.6492136711521357e-07 5.426003692056075e-07 3.43512603091178e-07 1.7389011865798367e-07 1.054585202698554e-07 8.437868889466498e-08 6.762805013020858e-08 4.809243594546752e-09 0.0 
0.0 0.0 0.0 0.0 0.0 0.21063242833127563 0.0568110355540475 0.00832298112476062 0.00503871276289738 0.003038562345143833 0.0018313620180325136 0.0011064112357559723 0.0006691101901891153 0.00040566783655613466 0.00024734202462857544 0.00014976119084791846 9.048703055932236e-05 5.484166407961531e-05 3.323999624649607e-05 2.014592298029773e-05 1.2217750033144093e-05 6.208735010557486e-06 6.458662063836852e-06 2.3629267056235455e-06 9.854221209926918e-07 1.1504330182350404e-06 7.2862193975598e-07 3.689342193163719e-07 2.2371114396793157e-07 1.7899174780558059e-07 1.4350287838135956e-07 1.4937974749263957e-08 0.0 
0.0 0.0 0.0 0.0 0.0 0.0 0.18152123529632483 0.04911311937671619 0.010951131551790507 0.006602105356917056 0.003986809121659257 0.002414700096939391 0.001464468707862848 0.0008881862657337831 0.0005387520282891624 0.00032678459382966886 0.00019821011759838962 0.00012022248182776051 7.291942825276296e-05 4.4228225436280264e-05 2.6825748653040465e-05 1.3632876268661624e-05 1.4181697208205642e-05 5.18846343969286e-06 2.1639663031046804e-06 2.5261861163098367e-06 1.5999658175671357e-06 8.10098731285907e-07 4.913465212607116e-07 3.9301935270977993e-07 3.1508476496086587e-07 3.934003455261518e-08 0.0 
0.0 0.0 0.0 0.0 0.0 0.0 0.0 0.30710356003787825 0.07438209702753464 0.014170152455673215 0.008510129239347205 0.005152864641723349 0.0031265530244603402 0.001896298303228802 0.0011502082463362168 0.0006976692881907685 0.00042316992584455455 0.0002566697417654758 0.0001556796478955546 9.442541931865164e-05 5.727187714585262e-05 2.910544925513555e-05 3.0277370399868388e-05 1.107722135246145e-05 4.61971085839984e-06 5.393472931494592e-06 3.415787244829312e-06 1.729431326868073e-06 1.0489436031062975e-06 8.391887420664946e-07 6.728950137276115e-07 8.547350817447296e-08 6.483346351244563e-09 
0.0 0.0 0.0 0.0 0.0 0.0 0.0 0.0 0.20226477298903697 0.07728804687827096 0.01802894151364019 0.01086635252074783 0.00658279824945001 0.003992644366368894 0.0024216844046141615 0.0014688311398598406 0.000890892595608545 0.0005403535569863679 0.0003277414153842946 0.00019878398101839945 0.00012057062614893985 6.127227452607369e-05 6.37387792679313e-05 2.3319596855231513e-05 9.725411712421253e-06 1.1354007440230256e-05 7.190914582078295e-06 3.6408503940595955e-06 2.208289200700083e-06 1.7664761029907e-06 1.416411306823762e-06 1.801953560756569e-07 2.4915048626799035e-08 
0.0 0.0 0.0 0.0 0.0 0.0 0.0 0.0 0.0 0.20524398469495908 0.08902050209164396 0.022232978330559216 0.013486932840421845 0.00817929346969705 0.004960518730503575 0.0030086022763693306 0.0018248328650548695 0.001106826632872782 0.0006713281737437439 0.00040718168977616647 0.00024696428071464263 0.00012550535501012594 0.0001305563914804972 4.77649272801456e-05 1.992009029659948e-05 2.3255868487162453e-05 1.4728639370025359e-05 7.4574566728566e-06 4.522988018562933e-06 3.618472012361436e-06 2.9011891146458245e-06 3.689014922289747e-07 6.356830279701171e-08 
0.0 0.0 0.0 0.0 0.0 0.0 0.0 0.0 0.0 0.0 0.22392347390319692 0.08519834860043163 0.026575853585801126 0.016121329173431398 0.009778911103359461 0.005931518528004885 0.003597761144843996 0.0021821927494306862 0.0013235833878202736 0.0008027992241864652 0.0004869243324261904 0.00024745542846389115 0.0002574166566314735 9.417915211840532e-05 3.9276886822334495e-05 4.585423952638172e-05 2.9041171754600948e-05 1.4703864033218706e-05 8.918510599868024e-06 7.134460056280951e-06 5.72055825536605e-06 7.273854105265491e-07 1.4119548884637878e-07 
0.0 0.0 0.0 0.0 0.0 0.0 0.0 0.0 0.0 0.0 0.0 0.19256091315159898 0.09279523423587697 0.03046888719966173 0.01848191528241277 0.011210445818921328 0.0067996966338640455 0.004124301530640722 0.0025015474761852625 0.0015172747201216222 0.0009202777494116128 0.00046768657617051156 0.00048651332459650933 0.00017799672877958045 7.423337462937925e-05 8.66634224934876e-05 5.4887809994998386e-05 2.7790093809685206e-05 1.6855637802112614e-05 1.3483669868385187e-05 1.0811147056957706e-05 1.3748036285104172e-06 2.845542795459187e-07 
0.0 0.0 0.0 0.0 0.0 0.0 0.0 0.0 0.0 0.0 0.0 0.0 0.2123857440998448 0.09853935909284993 0.033592357671368124 0.020375888184900284 0.012359009350633622 0.007496257649751306 0.00454676875623554 0.0027577731842297316 0.0016726815298435092 0.0008500587087151408 0.0008842777512203157 0.0003235245236361958 0.0001349242838225048 0.00015751864314182662 9.976268331309781e-05 5.0510435772403143e-05 3.063606189589715e-05 2.4508092520572244e-05 1.965082039594883e-05 2.499012283624179e-06 5.37066423312208e-07 
0.0 0.0 0.0 0.0 0.0 0.0 0.0 0.0 0.0 0.0 0.0 0.0 0.0 0.1969532176788503 0.1029849242882916 0.03586652525686741 0.021754863973460197 0.013195246366006136 0.00800342488065362 0.0048543553421884775 0.0029443286444422604 0.001496311521230489 0.0015565452546313406 0.0005694817843538895 0.00023750049881720916 0.0002772709441922978 0.00017560688999226318 8.891147609836423e-05 5.392736380019691e-05 4.3140325212213215e-05 3.459056966056349e-05 4.398602695332665e-06 9.66847791020773e-07 
0.0 0.0 0.0 0.0 0.0 0.0 0.0 0.0 0.0 0.0 0.0 0.0 0.0 0.0 0.20436807286714762 0.10531049433648916 0.03746436470991612 0.022723726400549413 0.013782817463264466 0.008359755602490306 0.005070471443199814 0.0025768192607662083 0.002680549092897177 0.0009807131137237698 0.00040900223978988825 0.0004774927081510797 0.0003024148743538186 0.00015311566406252795 9.286911845301279e-05 7.429312744528055e-05 5.9568246744205244e-05 7.575308229012298e-06 1.6873165343678556e-06 
0.0 0.0 0.0 0.0 0.0 0.0 0.0 0.0 0.0 0.0 0.0 0.0 0.0 0.0 0.0 0.21254974597597925 0.10800454162754695 0.038532466162855626 0.023371429046509268 0.014175584776418209 0.008597965193485022 0.004369495359767676 0.004545389810492098 0.001662988692996651 0.0006935426551323385 0.0008096811211343855 0.0005128038985318691 0.00025963794152252374 0.00015747884705247359 0.00012597824225574732 0.00010100962418605574 1.2845407932610251e-05 2.8839300614382956e-06 
0.0 0.0 0.0 0.0 0.0 0.0 0.0 0.0 0.0 0.0 0.0 0.0 0.0 0.0 0.0 0.0 0.22535713849624564 0.115529301731463 0.039201278008203506 0.023776945504875184 0.014421509077484608 0.007329027147055864 0.007624058316215873 0.0027893587408161164 0.0011632911949121206 0.001358091458104402 0.0008601342296082527 0.00043549542266774926 0.00026414109055688606 0.00021130506775656716 0.00016942465700112283 2.1545411081621425e-05 4.860718156414514e-06 
0.0 0.0 0.0 0.0 0.0 0.0 0.0 0.0 0.0 0.0 0.0 0.0 0.0 0.0 0.0 0.0 0.0 0.3516606169980446 0.1126404654814606 0.03952533213573217 0.023973438075006008 0.012183329284347295 0.012673772025318147 0.004636858104643822 0.0019337842491272093 0.002257608343718648 0.001429833723706305 0.0007239396299672127 0.00043909144776809963 0.00035126072548192 0.0002816414721965231 3.581561486012768e-05 8.103681024716352e-06 
0.0 0.0 0.0 0.0 0.0 0.0 0.0 0.0 0.0 0.0 0.0 0.0 0.0 0.0 0.0 0.0 0.0 0.0 0.22325337865332906 0.10990202704534477 0.03984283642746449 0.020248167638751268 0.021063265409617424 0.007706261134032011 0.003213867156637609 0.003752049712817967 0.002376323022132665 0.0012031571548137814 0.0007297519519995153 0.000583780365707539 0.00046807587170764805 5.952414242743515e-05 1.3491315627257572e-05 
0.0 0.0 0.0 0.0 0.0 0.0 0.0 0.0 0.0 0.0 0.0 0.0 0.0 0.0 0.0 0.0 0.0 0.0 0.0 0.2215301748915239 0.11021671409638675 0.03360744783205032 0.03496031691653967 0.012790675076987744 0.005334302321822047 0.006227565597728491 0.003944165710711777 0.0019969719497090577 0.001211225442723334 0.000968945285892114 0.0007769008016393334 9.879669168141671e-05 2.2417196303454695e-05 
0.0 0.0 0.0 0.0 0.0 0.0 0.0 0.0 0.0 0.0 0.0 0.0 0.0 0.0 0.0 0.0 0.0 0.0 0.0 0.0 0.22367198643656624 0.09985448081328181 0.057742344429184446 0.021125749240708352 0.008810417354909778 0.010285776005258561 0.006514393197703958 0.0032983048930996656 0.002000523689556867 0.0016003618346236647 0.0012831714517839254 0.00016317812823917716 3.704898799532326e-05 
0.0 0.0 0.0 0.0 0.0 0.0 0.0 0.0 0.0 0.0 0.0 0.0 0.0 0.0 0.0 0.0 0.0 0.0 0.0 0.0 0.0 0.21051177162054296 0.1457982924452906 0.03304589956290722 0.013781671993128061 0.0160894988743186 0.01019012048570931 0.005159363994394541 0.0031293129953420163 0.0025033609807495775 0.0020071962095864117 0.0002552504935786128 5.79740950164618e-05 
0.0 0.0 0.0 0.0 0.0 0.0 0.0 0.0 0.0 0.0 0.0 0.0 0.0 0.0 0.0 0.0 0.0 0.0 0.0 0.0 0.0 0.0 0.25375743169524106 0.08950837557943876 0.02447992866480589 0.028579242046093942 0.018100373576595784 0.009164407061276436 0.005558495239174962 0.004446636514054835 0.0035653167986252903 0.0004533925328816101 0.00010300704751672223 
0.0 0.0 0.0 0.0 0.0 0.0 0.0 0.0 0.0 0.0 0.0 0.0 0.0 0.0 0.0 0.0 0.0 0.0 0.0 0.0 0.0 0.0 0.0 0.22198119064419145 0.08976328824287884 0.05164543267313518 0.03264959193331003 0.01653082535809636 0.010026457840815782 0.008020878590644598 0.00643114568608582 0.0008178332067567855 0.00018583455341817813 
0.0 0.0 0.0 0.0 0.0 0.0 0.0 0.0 0.0 0.0 0.0 0.0 0.0 0.0 0.0 0.0 0.0 0.0 0.0 0.0 0.0 0.0 0.0 0.0 0.17921035591553625 0.14933675439840025 0.048037171745638846 0.024321711071670055 0.014751866420463325 0.011801072755089998 0.009462108490328193 0.0012032747532847523 0.00027343401044782254 
0.0 0.0 0.0 0.0 0.0 0.0 0.0 0.0 0.0 0.0 0.0 0.0 0.0 0.0 0.0 0.0 0.0 0.0 0.0 0.0 0.0 0.0 0.0 0.0 0.0 0.2292604331219759 0.1152245381395566 0.0370291812009573 0.022459339374268056 0.017966825529370307 0.014405809251276255 0.0018319530493958295 0.0004163160353138298 
0.0 0.0 0.0 0.0 0.0 0.0 0.0 0.0 0.0 0.0 0.0 0.0 0.0 0.0 0.0 0.0 0.0 0.0 0.0 0.0 0.0 0.0 0.0 0.0 0.0 0.0 0.23683281639209228 0.10277728875143757 0.03902581702090502 0.031219526924786568 0.025031844969763756 0.0031832405400779844 0.0007234264374382049 
0.0 0.0 0.0 0.0 0.0 0.0 0.0 0.0 0.0 0.0 0.0 0.0 0.0 0.0 0.0 0.0 0.0 0.0 0.0 0.0 0.0 0.0 0.0 0.0 0.0 0.0 0.0 0.22548530221665983 0.11080561426260684 0.05327968936065674 0.04271969656790257 0.005432562377566695 0.001234636536333561 
0.0 0.0 0.0 0.0 0.0 0.0 0.0 0.0 0.0 0.0 0.0 0.0 0.0 0.0 0.0 0.0 0.0 0.0 0.0 0.0 0.0 0.0 0.0 0.0 0.0 0.0 0.0 0.0 0.22555651728153758 0.1320970618811316 0.07047037937823773 0.008961551811398865 0.0020366793903145194 
0.0 0.0 0.0 0.0 0.0 0.0 0.0 0.0 0.0 0.0 0.0 0.0 0.0 0.0 0.0 0.0 0.0 0.0 0.0 0.0 0.0 0.0 0.0 0.0 0.0 0.0 0.0 0.0 0.0 0.2563994656970473 0.16238095764137722 0.01680810799954176 0.0038199870458561183 
0.0 0.0 0.0 0.0 0.0 0.0 0.0 0.0 0.0 0.0 0.0 0.0 0.0 0.0 0.0 0.0 0.0 0.0 0.0 0.0 0.0 0.0 0.0 0.0 0.0 0.0 0.0 0.0 0.0 0.0 0.33610565016990884 0.08775024474664557 0.017431216212387086 
0.0 0.0 0.0 0.0 0.0 0.0 0.0 0.0 0.0 0.0 0.0 0.0 0.0 0.0 0.0 0.0 0.0 0.0 0.0 0.0 0.0 0.0 0.0 0.0 0.0 0.0 0.0 0.0 0.0 0.0 0.0 0.328086906245471 0.12505241247620927 
0.0 0.0 0.0 0.0 0.0 0.0 0.0 0.0 0.0 0.0 0.0 0.0 0.0 0.0 0.0 0.0 0.0 0.0 0.0 0.0 0.0 0.0 0.0 0.0 0.0 0.0 0.0 0.0 0.0 0.0 0.0 0.0 0.5432889166275945 
 ); 
P1 ( 0.039648353327552566 0.0007935207050723984 0.002850766672503733 0.0006600613491564505 0.0002186101269831963 0.00023837311978649222 8.239672199317856e-05 3.196918762844083e-05 2.1863611360748722e-05 1.0138100127454205e-05 4.977364353120152e-06 2.875477927702907e-06 1.6785125401415859e-06 7.845354100222765e-07 3.059999267864818e-07 1.2633886476882874e-07 6.570609852062886e-08 4.054477363164901e-08 2.786865150072997e-08 2.0081134167795992e-08 1.5054787420209597e-08 9.319338894747925e-09 1.238417969700879e-08 5.990121632876075e-09 3.2599534961251977e-09 4.342503988224053e-09 3.50315295391923e-09 2.6046509454897687e-09 1.7596589110725728e-09 1.7608718625558915e-09 1.519525989084511e-09 0.0 0.0 
0.0 0.032416558853677196 0.0010656638055126623 0.002039936724073879 0.0011318282429889353 0.000582140637790315 0.00013230725727840194 0.00011852547211413146 5.064616925017141e-05 2.8612570158609697e-06 3.8192744297003475e-06 3.4755673903835733e-06 2.0463133245854093e-06 1.1247361406732673e-06 6.278211315581231e-07 3.577456254207593e-07 1.6383817570332567e-07 9.302275629025985e-08 6.01859471217585e-08 4.093365605274144e-08 2.924992855900511e-08 1.7722983590109395e-08 2.346234423955098e-08 1.1300976185935563e-08 5.835103421866278e-09 8.19932928930884e-09 6.64887198645749e-09 4.480532674012925e-09 3.6953897081096294e-09 3.8817937505312965e-09 3.6813405461470624e-09 0.0 0.0 
0.0 0.0 0.05322119600907586 0.0022156482551601454 0.002363690165274491 0.0010632064567853328 0.0005287887281991296 0.00025426792991558163 0.0001181726748627418 5.591764446152151e-05 2.6486898834201923e-05 1.2600371568746059e-05 6.072303491803827e-06 2.9635780822239142e-06 1.4788439129152868e-06 7.604743802221582e-07 4.0827031769736225e-07 2.3078343883714589e-07 1.3856588400465916e-07 8.820539063722286e-08 5.9346627601444524e-08 3.448951963693347e-08 4.3486322724166954e-08 2.0554827012130024e-08 1.0297000386533842e-08 1.4434001231287563e-08 1.1967329079591838e-08 7.82144228102335e-09 5.9557233457541465e-09 6.6394073047691875e-09 8.297426688191537e-09 0.0 0.0 
0.0 0.0 0.0 0.049451428494475716 0.003301217406254389 0.0031242285949765456 0.0014533344659747034 0.0006721454344916639 0.00032771277499671315 0.00015066916626738926 7.088311316583379e-05 3.353624160861482e-05 1.5955615001908953e-05 7.672317173056867e-06 3.7977750957286582e-06 1.8999403755296876e-06 9.772758224805143e-07 5.255041470640553e-07 2.9814250149923096e-07 1.793707553377359e-07 1.1463367012139374e-07 6.410890662407013e-08 7.855859172955924e-08 3.628681638406732e-08 1.7958804469572483e-08 2.5068863225322643e-08 2.0476470208587675e-08 1.3541557257608675e-08 1.039667146440285e-08 1.1219440720780934e-08 1.610664093083772e-08 4.3822989982754025e-10 0.0 
0.0 0.0 0.0 0.0 0.052960575375424195 0.0024583629106908972 0.003944239230288875 0.0018628270541530291 0.0008812001051711562 0.00041846798324003746 0.0001998298986037679 9.217403747346072e-05 4.615990712584403e-05 2.2895602909302602e-05 1.0675389447492908e-05 4.968047177512347e-06 2.4710144010350203e-06 1.2798512338322266e-06 6.909937781096494e-07 3.922927389490071e-07 2.3673539002297672e-07 1.2490819112477274e-07 1.4625780646974536e-07 6.391783143613877e-08 3.1111746181450524e-08 4.3054339237069085e-08 3.4850520370918386e-08 2.2709839380149364e-08 1.7711948511580636e-08 1.8642684274330866e-08 2.6809504885085175e-08 4.15386075308981e-09 0.0 
0.0 0.0 0.0 0.0 0.0 0.06874010579197161 -0.008887658660955347 0.0050291703603664055 0.0023829560468137563 0.00112707439883584 0.0005337611506665316 0.0002521034079655381 0.00012020195948444456 5.721462195218784e-05 2.7928438020468066e-05 1.2975248139907983e-05 6.496421405027148e-06 3.2294393988089126e-06 1.6519538428358037e-06 8.943161966297263e-07 5.064504352440043e-07 2.5441690455177305e-07 2.7976790393231015e-07 1.1738247456458793e-07 5.549697299859511e-08 7.511677731249329e-08 5.962864259614609e-08 3.8507379465047624e-08 2.9415999246703865e-08 3.162416611136277e-08 4.456174215134979e-08 1.0778350289881473e-08 0.0 
0.0 0.0 0.0 0.0 0.0 0.0 0.06663629319999563 0.013418648179775837 0.00675388829742892 0.003199600829628224 0.0015105598719743383 0.0007164568459748177 0.0003394577490700084 0.00016124001834076843 7.680661278939568e-05 3.6778256033646974e-05 1.7759490083562583e-05 8.689880080523461e-06 4.3389158062427775e-06 2.232025246315096e-06 1.1963488175749031e-06 5.678584066391552e-07 5.837699248229913e-07 2.2840302531843917e-07 1.0411390406461579e-07 1.370824569717661e-07 1.0574315694992947e-07 6.69444206393564e-08 5.096071182202195e-08 5.392883115262521e-08 7.609090343416028e-08 2.4287014585968336e-08 0.0 
0.0 0.0 0.0 0.0 0.0 0.0 0.0 0.08682930098744354 -0.002961327707752001 0.008729019217324767 0.004139933337765858 0.0019602852303009714 0.0009278996011252902 0.0004396442123092744 0.000208776818662487 9.944835668155399e-05 4.7619791000641797e-05 2.2994639974176762e-05 1.1251334790211568e-05 5.618511223309585e-06 2.8900867607994144e-06 1.3080640114386653e-06 1.2622032891317614e-06 4.577133658774749e-07 1.9971633303881659e-07 2.5333698988951456e-07 1.8838323072153682e-07 1.164712986629832e-07 8.671455664010707e-08 9.112920150711942e-08 1.268888313237221e-07 4.1299167618130924e-08 5.811981421477412e-09 
0.0 0.0 0.0 0.0 0.0 0.0 0.0 0.0 0.040803200969340835 0.0072893076619809935 0.011176221894066255 0.005284319572651376 0.002502206934927393 0.0011843785173926964 0.0005612417377997319 0.000266477714794672 0.0001269328793146979 6.078080073038035e-05 2.9350456155504318e-05 1.436137098970969e-05 7.173870822889794e-06 3.1271423994738042e-06 2.856853698456326e-06 9.60812333389773e-07 3.9907357644734466e-07 4.842206109371747e-07 3.4189819041421326e-07 2.0356891679097874e-07 1.488096956578537e-07 1.526626394723434e-07 2.1019343334860773e-07 6.856186887988663e-08 1.899539900790728e-08 
0.0 0.0 0.0 0.0 0.0 0.0 0.0 0.0 0.0 0.04878648416760011 0.014054028354070866 0.013895984428883325 0.006568560708363707 0.0031067189007330438 0.0014703942630422766 0.0006968062673824993 0.00033085189623586325 0.00015759864959432612 7.546854547971492e-05 3.6444894439449154e-05 1.783174600973971e-05 7.57032875055671e-06 6.625993790458063e-06 2.0854010317692465e-06 8.248002004248536e-07 9.528469597023636e-07 6.326315228945003e-07 3.583948221122637e-07 2.529706977095175e-07 2.537705110763955e-07 3.3986957908721225e-07 1.0870711140404058e-07 4.142276822070471e-08 
0.0 0.0 0.0 0.0 0.0 0.0 0.0 0.0 0.0 0.0 0.051433692611152486 0.02188578348301744 0.01660597445844412 0.007850689895673394 0.0037129807309770587 0.0017572976591956615 0.0008326987332339585 0.0003953583525186405 0.0001883234080837481 9.017914145235904e-05 4.354855543329846e-05 1.8156619788788956e-05 1.5409409625101834e-05 4.601418552558753e-06 1.7428748189785983e-06 1.9203391907078914e-06 1.1921148127962806e-06 6.356555208427381e-07 4.2882599168860906e-07 4.1355739654998615e-07 5.336119483611764e-07 1.6854598796784559e-07 7.81504757189532e-08 
0.0 0.0 0.0 0.0 0.0 0.0 0.0 0.0 0.0 0.0 0.0 0.05277727504768011 0.02695588505392144 0.019022334322088958 0.008992576525776386 0.004252907468870581 0.002012803066825122 0.0009537629555500299 0.00045284088416598737 0.00021570583648536354 0.00010329336614926346 4.255683180085849e-05 3.536738805329427e-05 1.016359382482362e-05 3.719421462503378e-06 3.93358645485132e-06 2.289276855688513e-06 1.1418460723718454e-06 7.290243004575314e-07 6.671546582870361e-07 8.138973127595818e-07 2.4956213807008683e-07 1.3003446236123636e-07 
0.0 0.0 0.0 0.0 0.0 0.0 0.0 0.0 0.0 0.0 0.0 0.0 0.056657101469081254 0.030969841584235488 0.02095681179972768 0.009906759341261387 0.004685168464131653 0.0022173582131633164 0.0010506896026837081 0.0004988610075634718 0.00023762955981379376 9.716693961814978e-05 7.965169190433808e-05 2.229331887220731e-05 7.956068610157818e-06 8.149677831850132e-06 4.486259963786287e-06 2.0966766871188883e-06 1.258912891697546e-06 1.0802062675323395e-06 1.217007616944029e-06 3.568652070217286e-07 2.0209007020888748e-07 
0.0 0.0 0.0 0.0 0.0 0.0 0.0 0.0 0.0 0.0 0.0 0.0 0.0 0.05847380552914808 0.03381925507456172 0.022362158439023495 0.01057088164438963 0.004999189399957359 0.0023659674713476003 0.001121104484346807 0.0005322964123534038 0.0002166297629953176 0.0001760371454758756 4.8422500544730574e-05 1.6986182961036685e-05 1.7002859615462367e-05 8.963033024974284e-06 3.958882620458608e-06 2.2382268364378254e-06 1.7866861848421105e-06 1.8146612390213705e-06 4.960456555213023e-07 2.9403885167925183e-07 
0.0 0.0 0.0 0.0 0.0 0.0 0.0 0.0 0.0 0.0 0.0 0.0 0.0 0.0 0.06008438652996864 0.03608199820513573 0.02335330182511568 0.011039261253465413 0.005220663547071219 0.002470770634033978 0.00117076515282467 0.00047508049201000485 0.0003839566213241592 0.00010445013254597783 3.622760072100442e-05 3.5698891727076846e-05 1.8242522713785294e-05 7.707284981099074e-06 4.134604568485811e-06 3.0722301019117003e-06 2.755866045403818e-06 6.809695781523624e-07 4.115468929689814e-07 
0.0 0.0 0.0 0.0 0.0 0.0 0.0 0.0 0.0 0.0 0.0 0.0 0.0 0.0 0.0 0.06179287477532772 0.0371835870672794 0.024010466179590226 0.011349843901062012 0.005367513444498181 0.002540268591890484 0.0010289613486700506 0.0008288031958602369 0.00022390596300009638 7.710194012636785e-05 7.520451070514974e-05 3.762853505080333e-05 1.5395704962972086e-05 7.92465852703841e-06 5.527751019254211e-06 4.339640556526138e-06 9.330284655863944e-07 5.608982546343395e-07 
0.0 0.0 0.0 0.0 0.0 0.0 0.0 0.0 0.0 0.0 0.0 0.0 0.0 0.0 0.0 0.0 0.06450124533563932 0.03655360329476219 0.024420739781692027 0.011543712530858516 0.00545918986368835 0.0022088812646989526 0.0017755272217735648 0.00047761597920298576 0.0001637239967904333 0.0001586635166792013 7.830453217475675e-05 3.134583869524067e-05 1.5659671915074578e-05 1.0387434602044523e-05 7.175876009801868e-06 1.2914393057364215e-06 7.513348730225698e-07 
0.0 0.0 0.0 0.0 0.0 0.0 0.0 0.0 0.0 0.0 0.0 0.0 0.0 0.0 0.0 0.0 0.0 0.067945597395007 0.03724219623707445 0.02462196195420027 0.01163880407849908 0.004706115858038664 0.003778060961043835 0.0010136199513342977 0.00034649325373660775 0.0003344284565126896 0.00016361750875384546 6.456926744889468e-05 3.1604794460004196e-05 2.0207411836726825e-05 1.2507825794946402e-05 1.8266077372594737e-06 9.961758902323345e-07 
0.0 0.0 0.0 0.0 0.0 0.0 0.0 0.0 0.0 0.0 0.0 0.0 0.0 0.0 0.0 0.0 0.0 0.0 0.06316470914269669 0.03899484901724883 0.024819746464419364 0.010031723873743415 0.008047254448900223 0.0021555325579458474 0.0007355803919859231 0.0007081970051137359 0.0003446046754977107 0.00013476582320817748 6.508742348622065e-05 4.058066353315255e-05 2.3053430047037546e-05 2.6938671197346414e-06 1.3262854875175982e-06 
0.0 0.0 0.0 0.0 0.0 0.0 0.0 0.0 0.0 0.0 0.0 0.0 0.0 0.0 0.0 0.0 0.0 0.0 0.0 0.06332147174636506 0.03939338934893411 0.021363283442480563 0.017129202682914735 0.004583720496143997 0.0015625677360069752 0.0015021000575441122 0.0007284669754933567 0.0002832761535370164 0.00013565823755300603 8.31936416598782e-05 4.442703772374429e-05 4.185219822306536e-06 1.781747280121199e-06 
0.0 0.0 0.0 0.0 0.0 0.0 0.0 0.0 0.0 0.0 0.0 0.0 0.0 0.0 0.0 0.0 0.0 0.0 0.0 0.0 0.06346991549694157 0.03176313072040826 0.03630012803397001 0.009708015265075564 0.003307304657920003 0.003176350505910516 0.0015372602007870377 0.0005957052653492242 0.00028376751640973614 0.00017219905765458943 8.816647061535158e-05 6.873359346851358e-06 2.4266388920466125e-06 
0.0 0.0 0.0 0.0 0.0 0.0 0.0 0.0 0.0 0.0 0.0 0.0 0.0 0.0 0.0 0.0 0.0 0.0 0.0 0.0 0.0 0.0601358642028125 0.05375838128572344 0.01891584941520095 0.006441934387326837 0.006183666550145746 0.002989305560645163 0.0011561355274719001 0.0005490965627781674 0.00033122149222198873 0.00016541054312523454 1.1250803865438793e-05 3.272334367647709e-06 
0.0 0.0 0.0 0.0 0.0 0.0 0.0 0.0 0.0 0.0 0.0 0.0 0.0 0.0 0.0 0.0 0.0 0.0 0.0 0.0 0.0 0.0 0.07244847082884455 0.03579088226690476 0.015391031245297193 0.014767870453494788 0.007132564622043372 0.0027542625999346375 0.0013049778700507432 0.0007833523648611456 0.00038312689877897504 2.279422243924113e-05 5.0321566334393e-06 
0.0 0.0 0.0 0.0 0.0 0.0 0.0 0.0 0.0 0.0 0.0 0.0 0.0 0.0 0.0 0.0 0.0 0.0 0.0 0.0 0.0 0.0 0.0 0.06297683064211258 0.02304062553260838 0.035340656147276946 0.017099504335323572 0.006597342761898637 0.0031216974967548253 0.0018688312413583695 0.0009032700216458739 4.9305608922732064e-05 8.398151547273738e-06 
0.0 0.0 0.0 0.0 0.0 0.0 0.0 0.0 0.0 0.0 0.0 0.0 0.0 0.0 0.0 0.0 0.0 0.0 0.0 0.0 0.0 0.0 0.0 0.0 0.05794316691384803 0.04052959078284771 0.03035933518694401 0.011709174753152132 0.0055375018386805055 0.003311422403981388 0.0015927471184614302 8.369498045079411e-05 1.2268916002077749e-05 
0.0 0.0 0.0 0.0 0.0 0.0 0.0 0.0 0.0 0.0 0.0 0.0 0.0 0.0 0.0 0.0 0.0 0.0 0.0 0.0 0.0 0.0 0.0 0.0 0.0 0.06465923146293986 0.044472090855746264 0.022107263166375162 0.01045071744550109 0.006244313873378635 0.002992330102557242 0.00015258386938017793 1.940525265571545e-05 
0.0 0.0 0.0 0.0 0.0 0.0 0.0 0.0 0.0 0.0 0.0 0.0 0.0 0.0 0.0 0.0 0.0 0.0 0.0 0.0 0.0 0.0 0.0 0.0 0.0 0.0 0.06671777877191241 0.03894531496268102 0.023955135590422155 0.014303682138426305 0.006834116446613073 0.00033992233158767224 3.761629254531115e-05 
0.0 0.0 0.0 0.0 0.0 0.0 0.0 0.0 0.0 0.0 0.0 0.0 0.0 0.0 0.0 0.0 0.0 0.0 0.0 0.0 0.0 0.0 0.0 0.0 0.0 0.0 0.0 0.06369490938662226 0.03973374620977941 0.031779300028188226 0.015158569661003351 0.0007433446295573563 7.511261489400175e-05 
0.0 0.0 0.0 0.0 0.0 0.0 0.0 0.0 0.0 0.0 0.0 0.0 0.0 0.0 0.0 0.0 0.0 0.0 0.0 0.0 0.0 0.0 0.0 0.0 0.0 0.0 0.0 0.0 0.06371714546553364 0.05377202863619504 0.03206233756167412 0.001559625348715335 0.000148946346416194 
0.0 0.0 0.0 0.0 0.0 0.0 0.0 0.0 0.0 0.0 0.0 0.0 0.0 0.0 0.0 0.0 0.0 0.0 0.0 0.0 0.0 0.0 0.0 0.0 0.0 0.0 0.0 0.0 0.0 0.07333514042363695 0.07370888384497583 0.004010604543473124 0.00036655255619667473 
0.0 0.0 0.0 0.0 0.0 0.0 0.0 0.0 0.0 0.0 0.0 0.0 0.0 0.0 0.0 0.0 0.0 0.0 0.0 0.0 0.0 0.0 0.0 0.0 0.0 0.0 0.0 0.0 0.0 0.0 0.10985133176141737 0.039032266268118815 0.00371741770642072 
0.0 0.0 0.0 0.0 0.0 0.0 0.0 0.0 0.0 0.0 0.0 0.0 0.0 0.0 0.0 0.0 0.0 0.0 0.0 0.0 0.0 0.0 0.0 0.0 0.0 0.0 0.0 0.0 0.0 0.0 0.0 0.10757004484609661 0.05256324146555347 
0.0 0.0 0.0 0.0 0.0 0.0 0.0 0.0 0.0 0.0 0.0 0.0 0.0 0.0 0.0 0.0 0.0 0.0 0.0 0.0 0.0 0.0 0.0 0.0 0.0 0.0 0.0 0.0 0.0 0.0 0.0 0.0 0.2168013026579872 
 ); 
P2 ( 0.030516305051057936 0.0022365090077412163 0.0009934472139005585 0.00012831360189985387 0.0002179337224005533 -5.81500010503715e-05 -0.00010620493238617844 -6.0698779728058054e-05 -4.3075189124137924e-05 -2.7627890496738274e-05 -1.6855977774453072e-05 -1.0312720997944098e-05 -6.395377367542722e-06 -4.0578361201271855e-06 -2.525656516338228e-06 -1.5326194034764267e-06 -9.263106838678479e-07 -5.591737784529268e-07 -3.374880518618823e-07 -2.0297132296146085e-07 -1.222264408899845e-07 -6.17095371220377e-08 -6.342732437050846e-08 -2.2665865554796584e-08 -9.218832528059312e-09 -1.0337149211688333e-08 -5.961120709200458e-09 -2.4731065864423573e-09 -8.652892572772786e-10 1.9611548510039856e-11 8.779428110328698e-10 0.0 0.0 
0.0 0.022872921216762772 0.0017889922592495573 0.0008939958189289795 0.0004905736884369996 0.00025170912775449895 2.199215784137211e-06 -8.941713800892903e-06 -6.675932936319396e-05 -4.252658162354391e-05 -3.0016392905161235e-05 -2.0705387517497806e-05 -1.3521736546393193e-05 -8.65982999242538e-06 -5.403870157743413e-06 -3.3123001305145173e-06 -2.0589110124958853e-06 -1.2602378474410458e-06 -7.656577809799195e-07 -4.6468451767897645e-07 -2.8151317895431906e-07 -1.4263891656827152e-07 -1.472987739593234e-07 -5.318011980403956e-08 -2.1780716921917463e-08 -2.4851957338193822e-08 -1.4891442631248987e-08 -6.829384249418466e-09 -3.4596177547867852e-09 -1.6067176920172607e-09 1.2787350390720478e-09 0.0 0.0 
0.0 0.0 0.03529034002565855 0.0037949162214916407 0.0005760841208917375 1.0309570300877426e-05 -0.0001574980594834273 -0.00018329146815538154 -0.0001566854766541572 -0.00011391241309325442 -7.722430995783631e-05 -5.026962138787297e-05 -3.180313256748654e-05 -1.978304004099409e-05 -1.2178035539492252e-05 -7.455531594583747e-06 -4.546546362529841e-06 -2.7658216497213683e-06 -1.6797185286497756e-06 -1.0190672746416035e-06 -6.17543938323307e-07 -3.132225339650202e-07 -3.245365240845157e-07 -1.1768582844304164e-07 -4.8617868668349186e-08 -5.5897065297838045e-08 -3.423295659033812e-08 -1.6323082751826632e-08 -8.960468235443499e-09 -5.579846401797727e-09 1.1856106769848875e-09 0.0 0.0 
0.0 0.0 0.0 0.03752593383236325 0.0046207883950201 0.00048604107811641426 -0.0004022622084355943 -0.0004982290940667422 -0.00039225080076249453 -0.00027289446671083386 -0.00017828922906315366 -0.000113018083277692 -7.042599246419774e-05 -4.334747713810974e-05 -2.656762969295051e-05 -1.620724946203751e-05 -9.86565349599374e-06 -5.9953429642764356e-06 -3.6396535728751936e-06 -2.208068577238549e-06 -1.338568943238308e-06 -6.794662367133384e-07 -7.050129332861883e-07 -2.5651606719060713e-07 -1.0632615926305887e-07 -1.2299848363787953e-07 -7.631673258248976e-08 -3.726131235182676e-08 -2.1315138430448324e-08 -1.4879603916364376e-08 -2.6815245198584e-09 1.5616898468103103e-10 0.0 
0.0 0.0 0.0 0.0 0.037722952998941385 0.006305764836438018 0.0005800254802853106 -0.0005363998217553523 -0.000653303182790903 -0.0005145474067378842 -0.000358110825882745 -0.00023260454855789903 -0.00014672901592066413 -9.141855087282926e-05 -5.659982308969159e-05 -3.452460864036044e-05 -2.1001334767203214e-05 -1.2780886475802288e-05 -7.765522427120117e-06 -4.713880589620205e-06 -2.8587122490097452e-06 -1.4528668029978757e-06 -1.5085099792494645e-06 -5.508943639548267e-07 -2.2892940825160036e-07 -2.657307727593506e-07 -1.661863599833304e-07 -8.234478535935763e-08 -4.823735819294498e-08 -3.574233093778152e-08 -1.649850534398854e-08 3.3140421008721413e-09 0.0 
0.0 0.0 0.0 0.0 0.0 0.056407377908279925 0.013317040339783195 0.0006888162566380534 -0.0007109718811546978 -0.0008478421148487359 -0.0006675322156656054 -0.0004611824754011676 -0.000300645565483938 -0.00018990850713121964 -0.00011808740458727977 -7.260813403224057e-05 -4.4405224716992016e-05 -2.710520174048677e-05 -1.64719077236836e-05 -1.00104780488083e-05 -6.0765902214625295e-06 -3.0885186579229783e-06 -3.21079175797387e-06 -1.1726556139744085e-06 -4.879991731421981e-07 -5.678348827375025e-07 -3.569363901967058e-07 -1.7838073334656054e-07 -1.0596609374484195e-07 -8.101263893300581e-08 -4.9192724638533035e-08 4.326172415099734e-09 0.0 
0.0 0.0 0.0 0.0 0.0 0.0 0.02609862473373298 0.0056564687467470925 0.0010103368999455488 -0.0009132533311129573 -0.0011157637825637567 -0.0008845668716297532 -0.0006128206832551112 -0.0003997668886413291 -0.00025279967999101126 -0.00015712914842357832 -9.669927803152939e-05 -5.916266777047632e-05 -3.607049751982491e-05 -2.1944565495911154e-05 -1.3332805076441008e-05 -6.781100534491765e-06 -7.054654027768406e-06 -2.5791474224612466e-06 -1.0744115091065033e-06 -1.2518737413925555e-06 -7.894206303221291e-07 -3.966361579166915e-07 -2.3764553473083653e-07 -1.852430053086573e-07 -1.276983909153114e-07 4.186031719526398e-09 0.0 
0.0 0.0 0.0 0.0 0.0 0.0 0.0 0.0450778079882836 0.014503929179129574 0.0013100042579446702 -0.001183865159393081 -0.0014466403569379374 -0.001145890819946583 -0.0007936302263629565 -0.0005177125479748792 -0.000327371384664587 -0.00020347464811157733 -0.00012521890571121059 -7.661109756027429e-05 -4.670775877303853e-05 -2.8416310263284394e-05 -1.4464426376381873e-05 -1.5059581377426008e-05 -5.5103469886782745e-06 -2.2969493629188487e-06 -2.678821845057853e-06 -1.6922850564277896e-06 -8.528740890422421e-07 -5.136187474921475e-07 -4.0453943876341515e-07 -2.974734794737924e-07 -1.0507851598463277e-08 5.142357774057587e-09 
0.0 0.0 0.0 0.0 0.0 0.0 0.0 0.0 0.019012007103360287 0.01452027110055931 0.0016691371254174351 -0.0015143800531750185 -0.0018487759250021222 -0.001463578151405512 -0.0010136302015201224 -0.0006611263517734774 -0.00041803488853688514 -0.00025981687065303367 -0.00015988940440547552 -9.782225016948642e-05 -5.9636980984622123e-05 -3.0396009593777753e-05 -3.167669678477038e-05 -1.1600074337685913e-05 -4.838240772432709e-06 -5.645949195541232e-06 -3.570967018828059e-06 -1.8033690760414212e-06 -1.0889956769904926e-06 -8.632495289271252e-07 -6.576692681492307e-07 -4.866006931491499e-08 9.42489635171512e-09 
0.0 0.0 0.0 0.0 0.0 0.0 0.0 0.0 0.0 0.02273858232408059 0.016757580359169466 0.0020553050543466135 -0.0018886089534012479 -0.0022993662550277526 -0.0018192048299521069 -0.0012596038668606876 -0.000821460108130069 -0.0005193770215139161 -0.0003227903415031028 -0.0001986374904227682 -0.00012152904777762912 -6.206177180504273e-05 -6.476847917053928e-05 -2.37453346525232e-05 -9.908517666463742e-06 -1.1569065321482085e-05 -7.3234134051890445e-06 -3.702844193390512e-06 -2.2401226527572597e-06 -1.7823586821072906e-06 -1.3863468052550529e-06 -1.3289947992090237e-07 1.1729841405649495e-08 
0.0 0.0 0.0 0.0 0.0 0.0 0.0 0.0 0.0 0.0 0.025543811843039634 0.020533604317377958 0.002433066983742267 -0.002268501576933861 -0.0027536535603484512 -0.0021770836709493397 -0.001506960168404281 -0.0009826227000727505 -0.0006212262852185592 -0.00038607182895172387 -0.00023757316653504968 -0.00012171819265538827 -0.00012731372429285198 -4.6751172375334425e-05 -1.9522176285161406e-05 -2.2805878126015888e-05 -1.4447343566132477e-05 -7.310613866208005e-06 -4.428138014903816e-06 -3.530982969488832e-06 -2.7802107700385387e-06 -3.016612867998811e-07 -1.6192624494669872e-09 
0.0 0.0 0.0 0.0 0.0 0.0 0.0 0.0 0.0 0.0 0.0 0.02819880961718541 0.023277237766692563 0.0027591477483934167 -0.002611836533212066 -0.0031608691327500342 -0.0024972491464439034 -0.0017280645414836705 -0.001126630360602513 -0.000712211158110872 -0.00044259581178478897 -0.00022799599165739491 -0.0002393597948021069 -8.812409252364189e-05 -3.683613173096907e-05 -4.30635839944426e-05 -2.730023955008481e-05 -1.3824928180805873e-05 -8.380556154793594e-06 -6.6921167183591756e-06 -5.30806993096252e-06 -6.154106571351804e-07 -4.20401360863616e-08 
0.0 0.0 0.0 0.0 0.0 0.0 0.0 0.0 0.0 0.0 0.0 0.0 0.03129027298950675 0.025444980533436502 0.003012865940937102 -0.0028902111269268394 -0.003488660747811198 -0.0027545186093804242 -0.0019056108477763832 -0.001242223867622316 -0.0007852313583943248 -0.00040824802125301215 -0.0004312476375785843 -0.00015944304666342215 -6.675607185014058e-05 -7.812436904819683e-05 -4.957785857652314e-05 -2.5125120176549536e-05 -1.524096453480539e-05 -1.2182278331145645e-05 -9.706595911973274e-06 -1.1686858462772216e-06 -1.3767978188367125e-07 
0.0 0.0 0.0 0.0 0.0 0.0 0.0 0.0 0.0 0.0 0.0 0.0 0.0 0.03300714300150218 0.027121582791508704 0.0031917235914570093 -0.003095054988074005 -0.003728113455576897 -0.0029421306562542916 -0.0020349843448886277 -0.0013264262506574392 -0.0007007498843771964 -0.0007480144546680897 -0.0002785184229824133 -0.00011691930654807017 -0.00013706261210753582 -8.711422641252167e-05 -4.4190921432478355e-05 -2.6824067946912256e-05 -2.1459488596001175e-05 -1.714729770752136e-05 -2.1108989416954863e-06 -3.241565964683105e-07 
0.0 0.0 0.0 0.0 0.0 0.0 0.0 0.0 0.0 0.0 0.0 0.0 0.0 0.0 0.034482634399312664 0.02832584043427427 0.003324495473125577 -0.0032363603092887996 -0.0038953965372294187 -0.003073589941815734 -0.0021257544030091166 -0.0011559821721804143 -0.0012566236165228487 -0.0004735307037772983 -0.00019966148900801316 -0.00023471275781823323 -0.00014954682822941804 -7.597476895363536e-05 -4.615804535670206e-05 -3.695517768810969e-05 -2.9589299557919147e-05 -3.691169197607087e-06 -6.606152207960985e-07 
0.0 0.0 0.0 0.0 0.0 0.0 0.0 0.0 0.0 0.0 0.0 0.0 0.0 0.0 0.0 0.035579883212394615 0.02907682419231976 0.003403184576946795 -0.003334528664828539 -0.004008583070355356 -0.0031619729778787496 -0.001818338855151683 -0.0020427250314688683 -0.0007858698171588779 -0.00033383807776171713 -0.0003942725031639263 -0.00025222626463651657 -0.00012844201042114758 -7.813931336486713e-05 -6.262454043905251e-05 -5.022295817289502e-05 -6.31680763859069e-06 -1.2404501842094032e-06 
0.0 0.0 0.0 0.0 0.0 0.0 0.0 0.0 0.0 0.0 0.0 0.0 0.0 0.0 0.0 0.0 0.03653247995101358 0.02927605906530013 0.00345010347189188 -0.0033968575757780672 -0.004079771848542989 -0.0026577188715747 -0.0031826127222928406 -0.0012708689147369564 -0.0005468617223747447 -0.0006509803023453802 -0.0004192732886796445 -0.0002143393704199791 -0.00013067054252335802 -0.0001048832438806817 -8.425565639435314e-05 -1.0652878381252522e-05 -2.214393591554981e-06 
0.0 0.0 0.0 0.0 0.0 0.0 0.0 0.0 0.0 0.0 0.0 0.0 0.0 0.0 0.0 0.0 0.0 0.03641385242008663 0.030007064819951364 0.0034774326367145777 -0.00342536695040524 -0.0033423197395759823 -0.004622206414907277 -0.001982904105475098 -0.0008731530767029524 -0.0010537613248206676 -0.0006865439421384037 -0.00035326181642957033 -0.00021611025238478556 -0.00017387340794038027 -0.0001399834044703748 -1.7764787483238616e-05 -3.8242193389311435e-06 
0.0 0.0 0.0 0.0 0.0 0.0 0.0 0.0 0.0 0.0 0.0 0.0 0.0 0.0 0.0 0.0 0.0 0.0 0.03676725588363209 0.03007520783790712 0.003505385550712645 -0.002606975483441949 -0.005850303443453908 -0.002940024055301249 -0.0013527010196086764 -0.0016734766300843657 -0.0011123903046356143 -0.0005787363849825784 -0.0003560976374421269 -0.00028761591267982496 -0.00023230897230606528 -2.9576455563241616e-05 -6.505997993086931e-06 
0.0 0.0 0.0 0.0 0.0 0.0 0.0 0.0 0.0 0.0 0.0 0.0 0.0 0.0 0.0 0.0 0.0 0.0 0.0 0.037027788649344404 0.030264893291297633 0.003736052565126121 -0.0047002495486843585 -0.003907429294151366 -0.00197589968077898 -0.002564681502415091 -0.0017680092133359612 -0.0009376487570846826 -0.0005826214378618821 -0.0004736290937155858 -0.0003845367111869529 -4.9130996123207735e-05 -1.0952728075386259e-05 
0.0 0.0 0.0 0.0 0.0 0.0 0.0 0.0 0.0 0.0 0.0 0.0 0.0 0.0 0.0 0.0 0.0 0.0 0.0 0.0 0.03711527229135507 0.027400507701723982 0.005880185645333816 -0.003805733453937471 -0.0025301631041215362 -0.0036561128332543375 -0.0027068448308372496 -0.0014862090066763759 -0.0009393215033993125 -0.0007720161226355285 -0.0006321534756768868 -8.11542510106042e-05 -1.8245872470630565e-05 
0.0 0.0 0.0 0.0 0.0 0.0 0.0 0.0 0.0 0.0 0.0 0.0 0.0 0.0 0.0 0.0 0.0 0.0 0.0 0.0 0.0 0.032253912414385605 0.03822081067945838 -0.00015149317877104505 -0.0023510793327891828 -0.004448612919495106 -0.0037668347277671098 -0.0021879287067872286 -0.0014189888443534077 -0.0011851207729576528 -0.0009822487791860104 -0.000126877913592048 -2.8673776781014167e-05 
0.0 0.0 0.0 0.0 0.0 0.0 0.0 0.0 0.0 0.0 0.0 0.0 0.0 0.0 0.0 0.0 0.0 0.0 0.0 0.0 0.0 0.0 0.04536783603347462 0.023153339212123605 0.002448839106016606 -0.0026634559243261815 -0.004763875094271898 -0.003321945706677139 -0.0023128852585347 -0.0020122433200111985 -0.0017173676969325542 -0.0002249501286652498 -5.110650666493457e-05 
0.0 0.0 0.0 0.0 0.0 0.0 0.0 0.0 0.0 0.0 0.0 0.0 0.0 0.0 0.0 0.0 0.0 0.0 0.0 0.0 0.0 0.0 0.0 0.036488403435246404 0.023742931211946636 0.01116996470206311 -0.0027388525839301945 -0.0042774915739756825 -0.0035412262471827866 -0.003347573879644275 -0.0030144905681169032 -0.000404346693934612 -9.233212064470165e-05 
0.0 0.0 0.0 0.0 0.0 0.0 0.0 0.0 0.0 0.0 0.0 0.0 0.0 0.0 0.0 0.0 0.0 0.0 0.0 0.0 0.0 0.0 0.0 0.0 0.026794042474517523 0.03961902185213815 0.005006302894692421 -0.003646884287376702 -0.004236577634087205 -0.004489777861309648 -0.004306527364113629 -0.0005926486831351743 -0.00013588296956115403 
0.0 0.0 0.0 0.0 0.0 0.0 0.0 0.0 0.0 0.0 0.0 0.0 0.0 0.0 0.0 0.0 0.0 0.0 0.0 0.0 0.0 0.0 0.0 0.0 0.0 0.03837810909976647 0.03099662612875976 0.0014937691095766425 -0.0038579881741163135 -0.005676125007144213 -0.00621391509896636 -0.0008961969000385702 -0.00020679035839347168 
0.0 0.0 0.0 0.0 0.0 0.0 0.0 0.0 0.0 0.0 0.0 0.0 0.0 0.0 0.0 0.0 0.0 0.0 0.0 0.0 0.0 0.0 0.0 0.0 0.0 0.0 0.04046134747252425 0.0278118270246225 0.002801960477166474 -0.0056110191135388615 -0.009540705893944502 -0.0015347891462892294 -0.0003587081200671941 
0.0 0.0 0.0 0.0 0.0 0.0 0.0 0.0 0.0 0.0 0.0 0.0 0.0 0.0 0.0 0.0 0.0 0.0 0.0 0.0 0.0 0.0 0.0 0.0 0.0 0.0 0.0 0.03729557679019239 0.030474060176843114 0.0022368711091549694 -0.012790747686023712 -0.0025567664915545287 -0.0006101292303021625 
0.0 0.0 0.0 0.0 0.0 0.0 0.0 0.0 0.0 0.0 0.0 0.0 0.0 0.0 0.0 0.0 0.0 0.0 0.0 0.0 0.0 0.0 0.0 0.0 0.0 0.0 0.0 0.0 0.037313489776935375 0.03380510384048907 -0.011986414830679894 -0.004054329892715514 -0.0010008288681444526 
0.0 0.0 0.0 0.0 0.0 0.0 0.0 0.0 0.0 0.0 0.0 0.0 0.0 0.0 0.0 0.0 0.0 0.0 0.0 0.0 0.0 0.0 0.0 0.0 0.0 0.0 0.0 0.0 0.0 0.04603442414115991 0.016845494217051324 -0.006890519896881581 -0.001852006757517457 
0.0 0.0 0.0 0.0 0.0 0.0 0.0 0.0 0.0 0.0 0.0 0.0 0.0 0.0 0.0 0.0 0.0 0.0 0.0 0.0 0.0 0.0 0.0 0.0 0.0 0.0 0.0 0.0 0.0 0.0 0.06156886278815023 0.0003262406565872044 -0.007317308299026489 
0.0 0.0 0.0 0.0 0.0 0.0 0.0 0.0 0.0 0.0 0.0 0.0 0.0 0.0 0.0 0.0 0.0 0.0 0.0 0.0 0.0 0.0 0.0 0.0 0.0 0.0 0.0 0.0 0.0 0.0 0.0 0.06316913917806805 -0.005772976846463269 
0.0 0.0 0.0 0.0 0.0 0.0 0.0 0.0 0.0 0.0 0.0 0.0 0.0 0.0 0.0 0.0 0.0 0.0 0.0 0.0 0.0 0.0 0.0 0.0 0.0 0.0 0.0 0.0 0.0 0.0 0.0 0.0 0.07860124256908925 
 ); 
