numberOfGroups 69; 
capture ( 0.0063767   0.0022252  0.00040142   0.0012744   0.0025405   0.0029206   0.0026653    0.002815   0.0035126   0.0048126   0.0071127   0.0097517    0.011859     0.01422    0.016283    0.017115    0.021899    0.021287    0.028464    0.032303    0.038692    0.059571    0.055937     0.11421     0.14971    0.031754     0.18464    0.023534    0.015241    0.012243    0.015949     0.01362    0.021933    0.027907    0.025661    0.022801    0.020336    0.018604    0.017448    0.016715    0.016227    0.015839     0.01559     0.01571    0.016636    0.018992    0.023188    0.029589    0.036085    0.040908    0.043957    0.045235    0.044168    0.043065    0.044627    0.050248     0.05751    0.063865    0.069688    0.075601    0.082646    0.091244     0.10046     0.11053     0.12398     0.14285     0.17245     0.22555     0.36076); 
fission ( 0.019932    0.012488    0.013106   0.0099425   0.0013792  0.00068149  0.00068777  0.00073998  0.00082036  0.00091498   0.0010311   0.0011658   0.0013459   0.0016152   0.0018684   0.0024508   0.0029583   0.0035033   0.0045348   0.0067535    0.010618    0.012457    0.022985     0.02369    0.026302    0.020362    0.021971    0.015108    0.013181   0.0064119   0.0090148    0.010857    0.030149    0.060373    0.059698    0.054564     0.04848    0.043415    0.039648    0.036961    0.034988    0.033205    0.031694    0.031316    0.033587    0.041082    0.055369    0.075644    0.093434     0.10455     0.10956     0.10844     0.10236    0.099682     0.10755     0.12881      0.1544     0.17601     0.19518     0.21412     0.23601     0.26211     0.28907     0.31762     0.35469     0.40558     0.48501     0.62898      1.0041); 
nu ( 3.4726      3.0133      2.7597      2.6334      2.5454      2.4952      2.4696      2.4548      2.4421       2.429      2.4228      2.4242      2.4282       2.432      2.4333      2.4333      2.4333      2.4333      2.4332      2.4333      2.4333      2.4333      2.4333      2.4333      2.4333      2.4333      2.4333      2.4333      2.4333      2.4333      2.4339      2.4351      2.4356      2.4358      2.4359       2.436       2.436      2.4361      2.4362      2.4362      2.4362      2.4362      2.4362      2.4362      2.4362      2.4362      2.4362      2.4362      2.4362      2.4362      2.4362      2.4362      2.4362      2.4362      2.4362      2.4362      2.4362      2.4362      2.4362      2.4362      2.4362      2.4362      2.4362      2.4362      2.4362      2.4362      2.4362      2.4362      2.4362); 
chi ( 0.024086     0.11028     0.21436     0.23388     0.17764     0.11226    0.063819    0.032631    0.016053   0.0077805   0.0037211   0.0017935  0.00088677  0.00043027  0.00019296  8.6934e-05   4.451e-05  2.3011e-05  1.2298e-05  9.8662e-06  3.0029e-06  8.5733e-07  2.0303e-07  1.4698e-07  9.4486e-08  4.1998e-08  1.0502e-08           0           0  6.9997e-09  7.0019e-09           0           0           0           0           0           0           0           0           0  3.4944e-09           0           0           0           0           0           0           0           0           0           0           0           0           0           0           0           0           0           0           0           0           0           0           0           0           0           0           0           0); 
P0 ( 
0.108841	0.0189703	0.0040376	0.0107134	0.0129997	0.00986195	0.00604923	0.00317968	0.00150131	0.000669229	0.000283592	0.000137913	6.31334e-05	2.84011e-05	1.43049e-05	6.20306e-06	3.12332e-06	1.9829e-06	1.18147e-06	1.18156e-06	3.79728e-07	1.26477e-07	4.2159e-08	8.43366e-08	4.2168e-08	0	0	0	0	0	0	0	0	0	0	0	0	0	0	0	0	0	0	0	0	0	0	0	0	0	0	0	0	0	0	0	0	0	0	0	0	0	0	0	0	0	0	0	0	
0	0.16388	0.0258096	0.00574246	0.0118323	0.0138373	0.0110962	0.00648329	0.00305014	0.00127009	0.000495088	0.000200341	8.49485e-05	3.93549e-05	1.95057e-05	9.20845e-06	4.52769e-06	2.19661e-06	1.32769e-06	9.74374e-07	3.53436e-07	1.52795e-07	3.82612e-08	3.82111e-08	1.91006e-08	0	9.55337e-09	0	9.55169e-09	0	0	0	0	0	0	0	0	0	0	0	0	0	0	0	0	0	0	0	0	0	0	0	0	0	0	0	0	0	0	0	0	0	0	0	0	0	0	0	0	
0	0	0.161295	0.0186874	0.0154672	0.0144147	0.0106179	0.00588373	0.00269188	0.00111521	0.000435772	0.000178379	7.76646e-05	3.70153e-05	1.74636e-05	7.35722e-06	3.86437e-06	1.77622e-06	8.90427e-07	9.40823e-07	4.17656e-07	1.14744e-07	7.34372e-08	2.75169e-08	9.18683e-09	4.59476e-09	0	0	4.5884e-09	0	0	0	0	0	0	0	0	0	0	0	0	0	0	0	0	0	0	0	0	0	0	0	0	0	0	0	0	0	0	0	0	0	0	0	0	0	0	0	0	
0	0	0	0.162942	0.0364305	0.0188369	0.0146238	0.00591928	0.00217735	0.000866499	0.000338571	0.000138305	6.09402e-05	2.89952e-05	1.37657e-05	5.89646e-06	2.98026e-06	1.45588e-06	6.74545e-07	6.87427e-07	2.09137e-07	6.82952e-08	4.27112e-08	1.70741e-08	1.70812e-08	0	0	0	0	0	0	0	0	0	0	0	0	0	0	0	0	0	0	0	0	0	0	0	0	0	0	0	0	0	0	0	0	0	0	0	0	0	0	0	0	0	0	0	0	
0	0	0	0	0.256472	0.0586519	0.00691489	0.00860788	0.00531474	0.00196242	0.000768996	0.000302034	0.00013802	6.06638e-05	2.63425e-05	1.11361e-05	5.26283e-06	2.48576e-06	1.27826e-06	7.65993e-07	1.03391e-07	1.87943e-08	4.69983e-09	4.69874e-09	0	0	0	0	0	0	0	0	0	0	0	0	0	0	0	0	0	0	0	0	0	0	0	0	0	0	0	0	0	0	0	0	0	0	0	0	0	0	0	0	0	0	0	0	0	
0	0	0	0	0	0.280332	0.0339026	0.000124761	0.000516427	0.000798418	0.000430752	0.00022519	9.81517e-05	4.42534e-05	1.92453e-05	7.48542e-06	3.39975e-06	1.46558e-06	6.49338e-07	4.41821e-07	7.66711e-08	1.80258e-08	4.51076e-09	0	0	0	0	0	0	0	0	0	0	0	0	0	0	0	0	0	0	0	0	0	0	0	0	0	0	0	0	0	0	0	0	0	0	0	0	0	0	0	0	0	0	0	0	0	0	
0	0	0	0	0	0	0.430145	0.0657705	0.000279192	2.59553e-05	1.03972e-05	4.86504e-06	2.57413e-06	1.0982e-06	4.9198e-07	1.01077e-07	4.71401e-08	6.06678e-08	1.34948e-08	0	0	0	0	0	0	0	0	0	0	0	0	0	0	0	0	0	0	0	0	0	0	0	0	0	0	0	0	0	0	0	0	0	0	0	0	0	0	0	0	0	0	0	0	0	0	0	0	0	0	
0	0	0	0	0	0	0	0.345303	0.0482881	0.000193646	6.45781e-05	1.79088e-05	4.42084e-06	1.7124e-06	3.81347e-07	2.17946e-07	1.01182e-07	6.22388e-08	1.55686e-08	2.33744e-08	0	0	0	0	0	0	0	0	0	0	0	0	0	0	0	0	0	0	0	0	0	0	0	0	0	0	0	0	0	0	0	0	0	0	0	0	0	0	0	0	0	0	0	0	0	0	0	0	0	
0	0	0	0	0	0	0	0	0.370524	0.0515272	0.000433664	2.83001e-05	1.09797e-05	4.74477e-06	2.33028e-06	8.39598e-07	3.46431e-07	9.4497e-08	5.25123e-08	2.09759e-08	0	0	0	0	0	0	0	0	0	0	0	0	0	0	0	0	0	0	0	0	0	0	0	0	0	0	0	0	0	0	0	0	0	0	0	0	0	0	0	0	0	0	0	0	0	0	0	0	0	
0	0	0	0	0	0	0	0	0	0.391698	0.0503451	0.00293081	0.000427585	2.97999e-06	1.14527e-06	4.42609e-07	2.47136e-07	9.10485e-08	2.60402e-08	5.20783e-08	0	0	0	0	0	0	0	0	0	0	0	0	0	0	0	0	0	0	0	0	0	0	0	0	0	0	0	0	0	0	0	0	0	0	0	0	0	0	0	0	0	0	0	0	0	0	0	0	0	
0	0	0	0	0	0	0	0	0	0	0.415797	0.0442254	0.00105243	0.000643767	0.000256091	9.05583e-05	3.96221e-05	1.63625e-05	7.00387e-06	3.51716e-06	7.6485e-07	9.18184e-08	0	1.5277e-08	0	0	0	0	0	0	0	0	0	0	0	0	0	0	0	0	0	0	0	0	0	0	0	0	0	0	0	0	0	0	0	0	0	0	0	0	0	0	0	0	0	0	0	0	0	
0	0	0	0	0	0	0	0	0	0	0	0.42984	0.0472026	1.69873e-06	0	0	0	0	0	0	0	0	0	0	0	0	0	0	0	0	0	0	0	0	0	0	0	0	0	0	0	0	0	0	0	0	0	0	0	0	0	0	0	0	0	0	0	0	0	0	0	0	0	0	0	0	0	0	0	
0	0	0	0	0	0	0	0	0	0	0	0	0.438841	0.0466978	1.38951e-06	6.67017e-07	2.77772e-07	1.11022e-07	0	0	0	0	0	0	0	0	0	0	0	0	0	0	0	0	0	0	0	0	0	0	0	0	0	0	0	0	0	0	0	0	0	0	0	0	0	0	0	0	0	0	0	0	0	0	0	0	0	0	0	
0	0	0	0	0	0	0	0	0	0	0	0	0	0.434772	0.0468407	0	0	5.87831e-08	5.87857e-08	5.88254e-08	1.95874e-08	0	0	0	0	0	0	0	0	0	0	0	0	0	0	0	0	0	0	0	0	0	0	0	0	0	0	0	0	0	0	0	0	0	0	0	0	0	0	0	0	0	0	0	0	0	0	0	0	
0	0	0	0	0	0	0	0	0	0	0	0	0	0	0.443684	0.0466881	0	0	0	0	0	0	0	0	0	0	0	0	0	0	0	0	0	0	0	0	0	0	0	0	0	0	0	0	0	0	0	0	0	0	0	0	0	0	0	0	0	0	0	0	0	0	0	0	0	0	0	0	0	
0	0	0	0	0	0	0	0	0	0	0	0	0	0	0	0.446921	0.051848	0	0	0	0	0	0	0	0	0	0	0	0	0	0	0	0	0	0	0	0	0	0	0	0	0	0	0	0	0	0	0	0	0	0	0	0	0	0	0	0	0	0	0	0	0	0	0	0	0	0	0	0	
0	0	0	0	0	0	0	0	0	0	0	0	0	0	0	0	0.46768	0.0527951	0	0	0	0	0	0	0	0	0	0	0	0	0	0	0	0	0	0	0	0	0	0	0	0	0	0	0	0	0	0	0	0	0	0	0	0	0	0	0	0	0	0	0	0	0	0	0	0	0	0	0	
0	0	0	0	0	0	0	0	0	0	0	0	0	0	0	0	0	0.445701	0.0524068	0	0	0	0	0	0	0	0	0	0	0	0	0	0	0	0	0	0	0	0	0	0	0	0	0	0	0	0	0	0	0	0	0	0	0	0	0	0	0	0	0	0	0	0	0	0	0	0	0	0	
0	0	0	0	0	0	0	0	0	0	0	0	0	0	0	0	0	0	0.44546	0.0511836	0	0	0	0	0	0	0	0	0	0	0	0	0	0	0	0	0	0	0	0	0	0	0	0	0	0	0	0	0	0	0	0	0	0	0	0	0	0	0	0	0	0	0	0	0	0	0	0	0	
0	0	0	0	0	0	0	0	0	0	0	0	0	0	0	0	0	0	0	0.431811	0.0261375	0	0	0	0	0	0	0	0	0	0	0	0	0	0	0	0	0	0	0	0	0	0	0	0	0	0	0	0	0	0	0	0	0	0	0	0	0	0	0	0	0	0	0	0	0	0	0	0	
0	0	0	0	0	0	0	0	0	0	0	0	0	0	0	0	0	0	0	0	0.483194	0.0259647	0	0	0	0	0	0	0	0	0	0	0	0	0	0	0	0	0	0	0	0	0	0	0	0	0	0	0	0	0	0	0	0	0	0	0	0	0	0	0	0	0	0	0	0	0	0	0	
0	0	0	0	0	0	0	0	0	0	0	0	0	0	0	0	0	0	0	0	0	0.462012	0.0346549	0	0	0	0	0	0	0	0	0	0	0	0	0	0	0	0	0	0	0	0	0	0	0	0	0	0	0	0	0	0	0	0	0	0	0	0	0	0	0	0	0	0	0	0	0	0	
0	0	0	0	0	0	0	0	0	0	0	0	0	0	0	0	0	0	0	0	0	0	0.41322	0.0536443	0	0	0	0	0	0	0	0	0	0	0	0	0	0	0	0	0	0	0	0	0	0	0	0	0	0	0	0	0	0	0	0	0	0	0	0	0	0	0	0	0	0	0	0	0	
0	0	0	0	0	0	0	0	0	0	0	0	0	0	0	0	0	0	0	0	0	0	0	0.504999	0.0443363	0	0	0	0	0	0	0	0	0	0	0	0	0	0	0	0	0	0	0	0	0	0	0	0	0	0	0	0	0	0	0	0	0	0	0	0	0	0	0	0	0	0	0	0	
0	0	0	0	0	0	0	0	0	0	0	0	0	0	0	0	0	0	0	0	0	0	0	0	0.389226	0.0437281	0	0	0	0	0	0	0	0	0	0	0	0	0	0	0	0	0	0	0	0	0	0	0	0	0	0	0	0	0	0	0	0	0	0	0	0	0	0	0	0	0	0	0	
0	0	0	0	0	0	0	0	0	0	0	0	0	0	0	0	0	0	0	0	0	0	0	0	0	0.329072	0.0481594	0	0	0	0	0	0	0	0	0	0	0	0	0	0	0	0	0	0	0	0	0	0	0	0	0	0	0	0	0	0	0	0	0	0	0	0	0	0	0	0	0	0	
0	0	0	0	0	0	0	0	0	0	0	0	0	0	0	0	0	0	0	0	0	0	0	0	0	0.000107432	0.364189	0.0264742	0.00232502	2.23115e-07	0	0	0	0	0	0	0	0	0	0	0	0	0	0	0	0	0	0	0	0	0	0	0	0	0	0	0	0	0	0	0	0	0	0	0	0	0	0	0	
0	0	0	0	0	0	0	0	0	0	0	0	0	0	0	0	0	0	0	0	0	0	0	0	0	0	0.00135118	0.262605	0.106222	0.00390168	1.68848e-06	0	0	0	0	0	0	0	0	0	0	0	0	0	0	0	0	0	0	0	0	0	0	0	0	0	0	0	0	0	0	0	0	0	0	0	0	0	0	
0	0	0	0	0	0	0	0	0	0	0	0	0	0	0	0	0	0	0	0	0	0	0	0	0	0	0	0.00142627	0.283848	0.0878059	0.00616452	5.59523e-08	0	0	0	0	0	0	0	0	0	0	0	0	0	0	0	0	0	0	0	0	0	0	0	0	0	0	0	0	0	0	0	0	0	0	0	0	0	
0	0	0	0	0	0	0	0	0	0	0	0	0	0	0	0	0	0	0	0	0	0	0	0	0	0	0	0	0.00217653	0.27923	0.100963	0.000510254	5.04503e-06	0	0	0	0	0	0	0	0	0	0	0	0	0	0	0	0	0	0	0	0	0	0	0	0	0	0	0	0	0	0	0	0	0	0	0	0	
0	0	0	0	0	0	0	0	0	0	0	0	0	0	0	0	0	0	0	0	0	0	0	0	0	0	0	0	0	0.00179376	0.314809	0.0538528	0.0128121	0.000881312	0.00057725	0.00039926	0.000252784	0.00015211	8.79686e-05	5.03005e-05	2.65103e-05	2.2507e-05	8.55266e-06	1.01064e-06	0	0	0	0	0	0	0	0	0	0	0	0	0	0	0	0	0	0	0	0	0	0	0	0	0	
0	0	0	0	0	0	0	0	0	0	0	0	0	0	0	0	0	0	0	0	0	0	0	0	0	0	0	0	0	0	0.00636073	0.254069	0.0862383	0.00911851	0.00751545	0.00631565	0.00510675	0.00385848	0.00281724	0.00208667	0.00139726	0.00156002	0.000910421	0.000233204	2.97027e-05	0	0	0	0	0	0	0	0	0	0	0	0	0	0	0	0	0	0	0	0	0	0	0	0	
0	0	0	0	0	0	0	0	0	0	0	0	0	0	0	0	0	0	0	0	0	0	0	0	0	0	0	0	0	0	1.70773e-06	0.00896951	0.244073	0.0317963	0.0188194	0.0145872	0.0130077	0.0112802	0.00964096	0.00836982	0.00651994	0.00915242	0.00793099	0.00343871	0.00089148	4.05547e-06	0	0	0	0	0	0	0	0	0	0	0	0	0	0	0	0	0	0	0	0	0	0	0	
0	0	0	0	0	0	0	0	0	0	0	0	0	0	0	0	0	0	0	0	0	0	0	0	0	0	0	0	0	0	0	2.37943e-05	0.0431057	0.11266	0.0788903	0.035604	0.019949	0.0154128	0.0137216	0.0129163	0.0107984	0.0163301	0.0168407	0.00921412	0.003262	3.11664e-05	0	0	0	0	0	0	0	0	0	0	0	0	0	0	0	0	0	0	0	0	0	0	0	
0	0	0	0	0	0	0	0	0	0	0	0	0	0	0	0	0	0	0	0	0	0	0	0	0	0	0	0	0	0	0	6.28406e-06	0.00737797	0.0368038	0.110739	0.08027	0.0361025	0.0192926	0.0152539	0.0140804	0.0120352	0.0189903	0.0205716	0.0122862	0.00493689	5.20056e-05	5.70131e-07	0	0	0	0	0	0	0	0	0	0	0	0	0	0	0	0	0	0	0	0	0	0	
0	0	0	0	0	0	0	0	0	0	0	0	0	0	0	0	0	0	0	0	0	0	0	0	0	0	0	0	0	0	0	4.44578e-06	0.00161088	0.00627912	0.036472	0.112449	0.0802985	0.0348063	0.0190912	0.0154587	0.0131203	0.0213987	0.024294	0.0160827	0.00739866	0.000101139	0	0	0	0	0	0	0	0	0	0	0	0	0	0	0	0	0	0	0	0	0	0	0	
0	0	0	0	0	0	0	0	0	0	0	0	0	0	0	0	0	0	0	0	0	0	0	0	0	0	0	0	0	0	0	1.07763e-06	0.000498539	0.00126419	0.00616797	0.0367582	0.112765	0.0790064	0.0349182	0.0197153	0.0147357	0.0236934	0.0283374	0.0202783	0.0106103	0.000207817	5.38215e-07	0	0	0	0	0	0	0	0	0	0	0	0	0	0	0	0	0	0	0	0	0	0	
0	0	0	0	0	0	0	0	0	0	0	0	0	0	0	0	0	0	0	0	0	0	0	0	0	0	0	0	0	0	0	0	0.000173953	0.000356016	0.00124256	0.00622457	0.0381697	0.111421	0.0782158	0.036113	0.0187344	0.0264	0.0322342	0.0247154	0.0146794	0.00038365	2.16654e-06	0	0	0	0	0	0	0	0	0	0	0	0	0	0	0	0	0	0	0	0	0	0	
0	0	0	0	0	0	0	0	0	0	0	0	0	0	0	0	0	0	0	0	0	0	0	0	0	0	0	0	0	0	0	0	5.67815e-05	0.000141655	0.000401239	0.00137187	0.00691111	0.0384693	0.109798	0.0795705	0.0343325	0.0322225	0.0359292	0.0295302	0.0198114	0.000627239	2.75474e-06	0	0	0	0	0	0	0	0	0	0	0	0	0	0	0	0	0	0	0	0	0	0	
0	0	0	0	0	0	0	0	0	0	0	0	0	0	0	0	0	0	0	0	0	0	0	0	0	0	0	0	0	0	0	0	2.71926e-05	5.81039e-05	0.000133258	0.0004445	0.00152278	0.00723171	0.038307	0.110978	0.0752095	0.0538611	0.0402116	0.0340518	0.0261904	0.00105377	8.52988e-06	0	0	0	0	0	0	0	0	0	0	0	0	0	0	0	0	0	0	0	0	0	0	
0	0	0	0	0	0	0	0	0	0	0	0	0	0	0	0	0	0	0	0	0	0	0	0	0	0	0	0	0	0	0	0	9.64026e-06	2.21146e-05	5.78535e-05	0.000155946	0.00051428	0.00161602	0.00755634	0.0403087	0.105933	0.109849	0.0495203	0.0389835	0.033169	0.00168752	1.41785e-05	0	0	0	0	0	0	0	0	0	0	0	0	0	0	0	0	0	0	0	0	0	0	
0	0	0	0	0	0	0	0	0	0	0	0	0	0	0	0	0	0	0	0	0	0	0	0	0	0	0	0	0	0	0	0	2.10531e-06	5.71052e-06	1.2923e-05	4.47718e-05	0.000144858	0.0004021	0.00123099	0.00571578	0.0254563	0.157842	0.105241	0.0456289	0.044715	0.0030639	3.93716e-05	0	0	0	0	0	0	0	0	0	0	0	0	0	0	0	0	0	0	0	0	0	0	
0	0	0	0	0	0	0	0	0	0	0	0	0	0	0	0	0	0	0	0	0	0	0	0	0	0	0	0	0	0	0	0	1.88358e-07	9.42779e-07	1.88445e-06	5.65667e-06	2.11189e-05	5.88256e-05	0.000151593	0.000420083	0.00124197	0.0214058	0.196055	0.0951793	0.0675765	0.0074845	0.000180811	5.6572e-07	0	0	0	0	0	0	0	0	0	0	0	0	0	0	0	0	0	0	0	0	0	
0	0	0	0	0	0	0	0	0	0	0	0	0	0	0	0	0	0	0	0	0	0	0	0	0	0	0	0	0	0	0	0	0	0	0	2.96781e-07	1.18718e-06	3.71105e-06	9.05092e-06	3.16026e-05	7.25603e-05	0.000547417	0.0197217	0.21399	0.134853	0.0199088	0.000937826	1.32059e-05	1.18639e-06	0	0	0	0	0	0	0	0	0	0	0	0	0	0	0	0	0	0	0	0	
0	0	0	0	0	0	0	0	0	0	0	0	0	0	0	0	0	0	0	0	0	0	0	0	0	0	0	0	0	0	0	0	0	0	0	5.66061e-08	0	0	2.26984e-07	5.10119e-07	1.53117e-06	1.15723e-05	0.000176516	0.00863001	0.285063	0.0842031	0.0118326	0.000631703	6.60814e-05	1.17409e-05	3.11974e-06	9.64379e-07	1.70115e-07	0	0	0	0	0	0	0	0	0	0	0	0	0	0	0	0	
0	0	0	0	0	0	0	0	0	0	0	0	0	0	0	0	0	0	0	0	0	0	0	0	0	0	0	0	0	0	0	0	0	0	0	0	0	0	0	0	0	5.52794e-08	1.65721e-07	4.69831e-06	0.0114207	0.284074	0.0818052	0.0106175	0.00226391	0.00065095	0.000295628	0.000142208	2.91251e-05	3.48167e-06	1.10741e-07	0	0	0	0	0	0	0	0	0	0	0	0	0	0	
0	0	0	0	0	0	0	0	0	0	0	0	0	0	0	0	0	0	0	0	0	0	0	0	0	0	0	0	0	0	0	0	0	0	0	0	0	0	0	0	0	0	0	0	2.25578e-05	0.0147105	0.281546	0.0631793	0.0167808	0.00695675	0.0043048	0.00312183	0.000998728	0.000250504	1.83421e-05	7.11766e-07	0	0	0	0	0	0	0	0	0	0	0	0	0	
0	0	0	0	0	0	0	0	0	0	0	0	0	0	0	0	0	0	0	0	0	0	0	0	0	0	0	0	0	0	0	0	0	0	0	0	0	0	0	0	0	0	0	0	9.24625e-08	0.000128872	0.0298614	0.235978	0.0674207	0.0210077	0.0152347	0.0139403	0.00619813	0.00225717	0.000262832	8.5972e-06	1.84784e-07	0	0	0	0	0	0	0	0	0	0	0	0	
0	0	0	0	0	0	0	0	0	0	0	0	0	0	0	0	0	0	0	0	0	0	0	0	0	0	0	0	0	0	0	0	0	0	0	0	0	0	0	0	0	0	0	0	0	9.72618e-06	0.00212815	0.0446024	0.195825	0.069845	0.029569	0.027612	0.0147986	0.00693439	0.00111493	6.84954e-05	5.55787e-07	0	0	0	0	0	0	0	0	0	0	0	0	
0	0	0	0	0	0	0	0	0	0	0	0	0	0	0	0	0	0	0	0	0	0	0	0	0	0	0	0	0	0	0	0	0	0	0	0	0	0	0	0	0	0	0	0	0	1.93993e-06	0.000547631	0.0067378	0.0550094	0.16074	0.0858718	0.0439358	0.0239609	0.0130077	0.0025938	0.000207888	5.42931e-06	3.87807e-07	0	0	0	0	0	0	0	0	0	0	0	
0	0	0	0	0	0	0	0	0	0	0	0	0	0	0	0	0	0	0	0	0	0	0	0	0	0	0	0	0	0	0	0	0	0	0	0	0	0	0	0	0	0	0	0	0	8.94145e-07	0.00017331	0.00237848	0.0104573	0.0495277	0.164779	0.103994	0.0345294	0.0211935	0.00514481	0.000518661	1.41277e-05	1.25213e-06	0	0	0	0	0	0	0	0	0	0	0	
0	0	0	0	0	0	0	0	0	0	0	0	0	0	0	0	0	0	0	0	0	0	0	0	0	0	0	0	0	0	0	0	0	0	0	0	0	0	0	0	0	0	0	0	0	0	3.87306e-05	0.000654598	0.00273161	0.00694379	0.036447	0.210081	0.0861561	0.0368915	0.0112576	0.00158094	5.80936e-05	5.45728e-06	7.4841e-07	0	0	0	0	0	0	0	0	0	0	
0	0	0	0	0	0	0	0	0	0	0	0	0	0	0	0	0	0	0	0	0	0	0	0	0	0	0	0	0	0	0	0	0	0	0	0	0	0	0	0	0	0	0	0	0	0	3.13684e-06	0.000105491	0.000531375	0.00128063	0.00372495	0.0406239	0.217252	0.0982744	0.0257978	0.00512116	0.000281058	3.54872e-05	5.6457e-06	9.85659e-07	2.68744e-07	1.79192e-07	0	0	0	0	0	0	0	
0	0	0	0	0	0	0	0	0	0	0	0	0	0	0	0	0	0	0	0	0	0	0	0	0	0	0	0	0	0	0	0	0	0	0	0	0	0	0	0	0	0	0	0	0	0	2.55629e-07	1.05679e-05	6.09066e-05	0.000170164	0.000557257	0.00361207	0.0309976	0.253238	0.0844996	0.0181588	0.00165728	0.000271816	5.79996e-05	1.78677e-05	6.07614e-06	4.59631e-07	5.10519e-07	1.02146e-07	0	0	0	0	0	
0	0	0	0	0	0	0	0	0	0	0	0	0	0	0	0	0	0	0	0	0	0	0	0	0	0	0	0	0	0	0	0	0	0	0	0	0	0	0	0	0	0	0	0	0	0	0	3.00528e-07	2.47059e-06	9.14655e-06	3.55491e-05	0.000305747	0.00188416	0.0320523	0.265858	0.0813425	0.0091136	0.00215715	0.000608395	0.000233485	9.24601e-05	2.78692e-05	7.61063e-06	3.23792e-06	7.34262e-07	2.67029e-07	1.33537e-07	0	0	
0	0	0	0	0	0	0	0	0	0	0	0	0	0	0	0	0	0	0	0	0	0	0	0	0	0	0	0	0	0	0	0	0	0	0	0	0	0	0	0	0	0	0	0	0	0	0	0	1.86237e-08	2.97851e-07	1.09846e-06	1.18598e-05	0.000107705	0.00173935	0.0305566	0.281867	0.0578811	0.0130236	0.00483192	0.00236504	0.00118571	0.000463407	0.000152	7.14223e-05	2.93234e-05	8.95521e-06	2.06666e-06	3.16562e-07	1.86469e-08	
0	0	0	0	0	0	0	0	0	0	0	0	0	0	0	0	0	0	0	0	0	0	0	0	0	0	0	0	0	0	0	0	0	0	0	0	0	0	0	0	0	0	0	0	0	0	0	0	0	0	0	3.37761e-07	4.82037e-06	0.000130267	0.00256838	0.0574155	0.233058	0.0659311	0.0169247	0.00919837	0.00537024	0.00249021	0.000937415	0.000497485	0.000232957	9.29187e-05	2.66926e-05	6.21669e-06	4.95606e-07	
0	0	0	0	0	0	0	0	0	0	0	0	0	0	0	0	0	0	0	0	0	0	0	0	0	0	0	0	0	0	0	0	0	0	0	0	0	0	0	0	0	0	0	0	0	0	0	0	0	0	0	0	5.40898e-07	2.21013e-05	0.000608172	0.0123061	0.0684371	0.20039	0.0669064	0.0220374	0.0126079	0.00646869	0.00268612	0.00157067	0.000803909	0.00035957	0.000123086	3.04076e-05	2.59663e-06	
0	0	0	0	0	0	0	0	0	0	0	0	0	0	0	0	0	0	0	0	0	0	0	0	0	0	0	0	0	0	0	0	0	0	0	0	0	0	0	0	0	0	0	0	0	0	0	0	0	0	0	0	1.30003e-07	5.36575e-06	0.000194804	0.00511856	0.0192832	0.0763258	0.17068	0.0744093	0.0255684	0.0122074	0.00545869	0.00336968	0.00188127	0.00089695	0.000341748	9.29312e-05	9.98219e-06	
0	0	0	0	0	0	0	0	0	0	0	0	0	0	0	0	0	0	0	0	0	0	0	0	0	0	0	0	0	0	0	0	0	0	0	0	0	0	0	0	0	0	0	0	0	0	0	0	0	0	0	0	0	1.44965e-06	7.05646e-05	0.00235168	0.00972234	0.0231395	0.0708276	0.166583	0.0784321	0.0228372	0.0095229	0.00618303	0.00366592	0.00187014	0.000778001	0.000230889	3.10105e-05	
0	0	0	0	0	0	0	0	0	0	0	0	0	0	0	0	0	0	0	0	0	0	0	0	0	0	0	0	0	0	0	0	0	0	0	0	0	0	0	0	0	0	0	0	0	0	0	0	0	0	0	0	0	3.39757e-07	2.41653e-05	0.00102253	0.00493629	0.0114587	0.0208965	0.0682875	0.175362	0.07212	0.0186412	0.0111033	0.00683712	0.00375879	0.00170391	0.000548771	8.61586e-05	
0	0	0	0	0	0	0	0	0	0	0	0	0	0	0	0	0	0	0	0	0	0	0	0	0	0	0	0	0	0	0	0	0	0	0	0	0	0	0	0	0	0	0	0	0	0	0	0	0	0	0	0	0	1.01225e-07	7.08733e-06	0.000421985	0.00236385	0.00601359	0.0102691	0.0203189	0.0753242	0.170873	0.0631366	0.0239779	0.0125516	0.00721069	0.00352686	0.00126095	0.000223764	
0	0	0	0	0	0	0	0	0	0	0	0	0	0	0	0	0	0	0	0	0	0	0	0	0	0	0	0	0	0	0	0	0	0	0	0	0	0	0	0	0	0	0	0	0	0	0	0	0	0	0	0	0	9.45433e-08	2.97765e-06	0.000181527	0.001168	0.00330721	0.00594275	0.0110699	0.0252928	0.0847477	0.145152	0.0744427	0.0252498	0.0125032	0.00635781	0.00247824	0.000475865	
0	0	0	0	0	0	0	0	0	0	0	0	0	0	0	0	0	0	0	0	0	0	0	0	0	0	0	0	0	0	0	0	0	0	0	0	0	0	0	0	0	0	0	0	0	0	0	0	0	0	0	0	0	0	8.74803e-07	8.14703e-05	0.000600646	0.00187088	0.00362524	0.00702008	0.0146072	0.0311828	0.0734129	0.153738	0.0736387	0.0231768	0.0107984	0.00449651	0.000967647	
0	0	0	0	0	0	0	0	0	0	0	0	0	0	0	0	0	0	0	0	0	0	0	0	0	0	0	0	0	0	0	0	0	0	0	0	0	0	0	0	0	0	0	0	0	0	0	0	0	0	0	0	0	0	2.1272e-07	3.1493e-05	0.000287118	0.000985417	0.00201252	0.00420641	0.00907831	0.016424	0.0249824	0.0748643	0.164992	0.0717339	0.020581	0.00828942	0.00199034	
0	0	0	0	0	0	0	0	0	0	0	0	0	0	0	0	0	0	0	0	0	0	0	0	0	0	0	0	0	0	0	0	0	0	0	0	0	0	0	0	0	0	0	0	0	0	0	0	0	0	0	0	0	0	1.82263e-07	1.14315e-05	0.000117785	0.000452016	0.00101714	0.00228509	0.00530905	0.00997602	0.0130793	0.0250234	0.0772693	0.178571	0.0682081	0.016896	0.00429637	
0	0	0	0	0	0	0	0	0	0	0	0	0	0	0	0	0	0	0	0	0	0	0	0	0	0	0	0	0	0	0	0	0	0	0	0	0	0	0	0	0	0	0	0	0	0	0	0	0	0	0	0	0	0	7.66253e-08	3.06629e-06	4.05564e-05	0.00018218	0.000467016	0.0010814	0.00276803	0.00561723	0.00767731	0.0134137	0.0254672	0.0807676	0.196491	0.0618549	0.010249	
0	0	0	0	0	0	0	0	0	0	0	0	0	0	0	0	0	0	0	0	0	0	0	0	0	0	0	0	0	0	0	0	0	0	0	0	0	0	0	0	0	0	0	0	0	0	0	0	0	0	0	0	0	0	0	2.47123e-07	1.22311e-05	6.3141e-05	0.000167178	0.000456442	0.00127467	0.00283543	0.00422274	0.00780055	0.0142714	0.0274164	0.0897161	0.221896	0.0442134	
0	0	0	0	0	0	0	0	0	0	0	0	0	0	0	0	0	0	0	0	0	0	0	0	0	0	0	0	0	0	0	0	0	0	0	0	0	0	0	0	0	0	0	0	0	0	0	0	0	0	0	0	0	0	0	0	2.0474e-06	1.43294e-05	5.32131e-05	0.000162491	0.000486687	0.00125746	0.0021137	0.00430148	0.00865465	0.0175329	0.0360689	0.121839	0.253263	  ); 
P1 ( 
0.0797815	-0.00288962	0.000390413	0.000452185	0.000315676	3.22902e-06	5.56754e-05	2.09385e-05	-2.09083e-05	-1.07433e-05	-8.82051e-06	-1.11196e-06	-8.06055e-07	-6.22781e-07	6.17585e-07	1.15715e-07	-5.1084e-08	1.06946e-07	1.07345e-07	8.92999e-08	1.24806e-07	5.39767e-08	3.10942e-08	-6.41998e-09	5.05626e-09	0	0	0	0	0	0	0	0	0	0	0	0	0	0	0	0	0	0	0	0	0	0	0	0	0	0	0	0	0	0	0	0	0	0	0	0	0	0	0	0	0	0	0	0	
0	0.113548	-0.00246042	0.000144094	0.000202356	0.000159422	8.35409e-05	2.2779e-05	-8.08333e-06	-6.37925e-07	-8.44252e-06	-1.23727e-06	-1.8157e-07	6.78333e-08	2.79544e-08	2.88171e-08	-2.30348e-07	6.02663e-08	-3.44338e-09	1.07108e-07	9.38863e-08	-3.6429e-09	-1.02203e-08	1.17261e-08	4.11865e-09	0	3.0331e-09	0	6.46832e-09	0	0	0	0	0	0	0	0	0	0	0	0	0	0	0	0	0	0	0	0	0	0	0	0	0	0	0	0	0	0	0	0	0	0	0	0	0	0	0	0	
0	0	0.0884247	-0.00233336	0.00015275	0.0001243	5.54947e-05	1.85197e-05	-5.90128e-07	-3.23241e-06	-2.58875e-06	-5.16411e-07	2.41257e-07	2.93176e-07	-2.20901e-07	4.93778e-08	-3.88514e-11	-1.5363e-07	2.29073e-08	1.14239e-07	9.77038e-08	4.0207e-08	1.69337e-08	1.07619e-08	2.22683e-09	1.78811e-09	0	0	-5.76881e-10	0	0	0	0	0	0	0	0	0	0	0	0	0	0	0	0	0	0	0	0	0	0	0	0	0	0	0	0	0	0	0	0	0	0	0	0	0	0	0	0	
0	0	0	0.0703467	-0.00506119	0.00012304	2.97455e-05	-3.11525e-05	-6.46282e-06	-2.15924e-06	-1.09659e-06	-1.61117e-08	2.19154e-07	-8.73673e-08	-3.1236e-10	-8.78835e-09	-4.3159e-08	-6.09743e-08	6.08495e-08	6.84251e-08	1.47803e-08	-4.99617e-09	1.87575e-08	1.66084e-09	5.08594e-09	0	0	0	0	0	0	0	0	0	0	0	0	0	0	0	0	0	0	0	0	0	0	0	0	0	0	0	0	0	0	0	0	0	0	0	0	0	0	0	0	0	0	0	0	
0	0	0	0	0.081956	-0.019679	3.09891e-05	3.99111e-05	-2.40836e-05	-9.43817e-06	-4.21946e-06	1.12616e-06	-5.15058e-07	-1.6274e-07	-1.62417e-07	-6.88097e-08	-1.15259e-07	3.0266e-08	-1.01839e-08	-2.21385e-08	-1.71947e-08	8.69307e-09	-1.29564e-09	-2.5698e-09	0	0	0	0	0	0	0	0	0	0	0	0	0	0	0	0	0	0	0	0	0	0	0	0	0	0	0	0	0	0	0	0	0	0	0	0	0	0	0	0	0	0	0	0	0	
0	0	0	0	0	0.0859628	-0.000208149	-5.73573e-07	1.16852e-05	-3.25169e-06	-3.43458e-06	-1.48491e-06	-1.24001e-07	-2.12298e-07	-2.90954e-07	-1.96415e-07	-2.69581e-07	1.45088e-09	-3.26096e-08	4.0134e-08	-3.17918e-10	-5.66752e-09	-2.94474e-09	0	0	0	0	0	0	0	0	0	0	0	0	0	0	0	0	0	0	0	0	0	0	0	0	0	0	0	0	0	0	0	0	0	0	0	0	0	0	0	0	0	0	0	0	0	0	
0	0	0	0	0	0	0.108186	-0.0243613	-2.06616e-06	6.04524e-09	-6.61222e-08	-1.80018e-07	-5.74606e-08	1.02933e-08	7.88967e-09	-2.76924e-08	-1.04931e-08	3.61884e-10	8.38001e-10	0	0	0	0	0	0	0	0	0	0	0	0	0	0	0	0	0	0	0	0	0	0	0	0	0	0	0	0	0	0	0	0	0	0	0	0	0	0	0	0	0	0	0	0	0	0	0	0	0	0	
0	0	0	0	0	0	0	0.0457441	-0.0139634	1.44229e-06	2.28628e-07	-2.74095e-07	-1.11731e-07	1.10868e-08	-6.87165e-09	8.08167e-09	1.50038e-08	-1.8669e-08	5.13094e-09	-8.77299e-11	0	0	0	0	0	0	0	0	0	0	0	0	0	0	0	0	0	0	0	0	0	0	0	0	0	0	0	0	0	0	0	0	0	0	0	0	0	0	0	0	0	0	0	0	0	0	0	0	0	
0	0	0	0	0	0	0	0	0.0449535	-0.0141584	-4.24338e-05	2.46169e-07	2.48046e-07	9.48372e-08	1.16771e-08	-2.14741e-08	7.35092e-09	-3.41925e-08	-2.54628e-08	1.2852e-08	0	0	0	0	0	0	0	0	0	0	0	0	0	0	0	0	0	0	0	0	0	0	0	0	0	0	0	0	0	0	0	0	0	0	0	0	0	0	0	0	0	0	0	0	0	0	0	0	0	
0	0	0	0	0	0	0	0	0	0.0393399	-0.0145507	2.17866e-05	-1.35727e-05	-8.26105e-08	2.68624e-08	1.89779e-08	3.01714e-08	-1.5874e-09	-5.82888e-09	-1.06166e-08	0	0	0	0	0	0	0	0	0	0	0	0	0	0	0	0	0	0	0	0	0	0	0	0	0	0	0	0	0	0	0	0	0	0	0	0	0	0	0	0	0	0	0	0	0	0	0	0	0	
0	0	0	0	0	0	0	0	0	0	0.0332843	-0.0140172	2.04418e-05	-3.15373e-06	-5.74471e-07	4.29973e-07	1.62675e-07	-1.35275e-07	-1.72846e-07	-3.36852e-07	4.51799e-08	5.88891e-08	0	5.85926e-10	0	0	0	0	0	0	0	0	0	0	0	0	0	0	0	0	0	0	0	0	0	0	0	0	0	0	0	0	0	0	0	0	0	0	0	0	0	0	0	0	0	0	0	0	0	
0	0	0	0	0	0	0	0	0	0	0	0.0301634	-0.0149946	9.78944e-08	0	0	0	0	0	0	0	0	0	0	0	0	0	0	0	0	0	0	0	0	0	0	0	0	0	0	0	0	0	0	0	0	0	0	0	0	0	0	0	0	0	0	0	0	0	0	0	0	0	0	0	0	0	0	0	
0	0	0	0	0	0	0	0	0	0	0	0	0.0268965	-0.0144989	1.54251e-07	-8.2635e-08	-2.90985e-08	-3.45435e-08	0	0	0	0	0	0	0	0	0	0	0	0	0	0	0	0	0	0	0	0	0	0	0	0	0	0	0	0	0	0	0	0	0	0	0	0	0	0	0	0	0	0	0	0	0	0	0	0	0	0	0	
0	0	0	0	0	0	0	0	0	0	0	0	0	0.0251222	-0.0145832	0	0	-7.3839e-09	-3.24478e-08	-2.12807e-08	-5.21823e-09	0	0	0	0	0	0	0	0	0	0	0	0	0	0	0	0	0	0	0	0	0	0	0	0	0	0	0	0	0	0	0	0	0	0	0	0	0	0	0	0	0	0	0	0	0	0	0	0	
0	0	0	0	0	0	0	0	0	0	0	0	0	0	0.0238588	-0.0143244	0	0	0	0	0	0	0	0	0	0	0	0	0	0	0	0	0	0	0	0	0	0	0	0	0	0	0	0	0	0	0	0	0	0	0	0	0	0	0	0	0	0	0	0	0	0	0	0	0	0	0	0	0	
0	0	0	0	0	0	0	0	0	0	0	0	0	0	0	0.0250838	-0.0160556	0	0	0	0	0	0	0	0	0	0	0	0	0	0	0	0	0	0	0	0	0	0	0	0	0	0	0	0	0	0	0	0	0	0	0	0	0	0	0	0	0	0	0	0	0	0	0	0	0	0	0	0	
0	0	0	0	0	0	0	0	0	0	0	0	0	0	0	0	0.0256393	-0.0166906	0	0	0	0	0	0	0	0	0	0	0	0	0	0	0	0	0	0	0	0	0	0	0	0	0	0	0	0	0	0	0	0	0	0	0	0	0	0	0	0	0	0	0	0	0	0	0	0	0	0	0	
0	0	0	0	0	0	0	0	0	0	0	0	0	0	0	0	0	0.0245679	-0.0160468	0	0	0	0	0	0	0	0	0	0	0	0	0	0	0	0	0	0	0	0	0	0	0	0	0	0	0	0	0	0	0	0	0	0	0	0	0	0	0	0	0	0	0	0	0	0	0	0	0	0	
0	0	0	0	0	0	0	0	0	0	0	0	0	0	0	0	0	0	0.0240601	-0.015581	0	0	0	0	0	0	0	0	0	0	0	0	0	0	0	0	0	0	0	0	0	0	0	0	0	0	0	0	0	0	0	0	0	0	0	0	0	0	0	0	0	0	0	0	0	0	0	0	0	
0	0	0	0	0	0	0	0	0	0	0	0	0	0	0	0	0	0	0	0.0162457	-0.00800457	0	0	0	0	0	0	0	0	0	0	0	0	0	0	0	0	0	0	0	0	0	0	0	0	0	0	0	0	0	0	0	0	0	0	0	0	0	0	0	0	0	0	0	0	0	0	0	0	
0	0	0	0	0	0	0	0	0	0	0	0	0	0	0	0	0	0	0	0	0.0163021	-0.00797902	0	0	0	0	0	0	0	0	0	0	0	0	0	0	0	0	0	0	0	0	0	0	0	0	0	0	0	0	0	0	0	0	0	0	0	0	0	0	0	0	0	0	0	0	0	0	0	
0	0	0	0	0	0	0	0	0	0	0	0	0	0	0	0	0	0	0	0	0	0.0190273	-0.0106727	0	0	0	0	0	0	0	0	0	0	0	0	0	0	0	0	0	0	0	0	0	0	0	0	0	0	0	0	0	0	0	0	0	0	0	0	0	0	0	0	0	0	0	0	0	0	
0	0	0	0	0	0	0	0	0	0	0	0	0	0	0	0	0	0	0	0	0	0	0.0246914	-0.016468	0	0	0	0	0	0	0	0	0	0	0	0	0	0	0	0	0	0	0	0	0	0	0	0	0	0	0	0	0	0	0	0	0	0	0	0	0	0	0	0	0	0	0	0	0	
0	0	0	0	0	0	0	0	0	0	0	0	0	0	0	0	0	0	0	0	0	0	0	0.0217728	-0.0133995	0	0	0	0	0	0	0	0	0	0	0	0	0	0	0	0	0	0	0	0	0	0	0	0	0	0	0	0	0	0	0	0	0	0	0	0	0	0	0	0	0	0	0	0	
0	0	0	0	0	0	0	0	0	0	0	0	0	0	0	0	0	0	0	0	0	0	0	0	0.0211243	-0.0130702	0	0	0	0	0	0	0	0	0	0	0	0	0	0	0	0	0	0	0	0	0	0	0	0	0	0	0	0	0	0	0	0	0	0	0	0	0	0	0	0	0	0	0	
0	0	0	0	0	0	0	0	0	0	0	0	0	0	0	0	0	0	0	0	0	0	0	0	0	0.0227931	-0.0147417	0	0	0	0	0	0	0	0	0	0	0	0	0	0	0	0	0	0	0	0	0	0	0	0	0	0	0	0	0	0	0	0	0	0	0	0	0	0	0	0	0	0	
0	0	0	0	0	0	0	0	0	0	0	0	0	0	0	0	0	0	0	0	0	0	0	0	0	2.89702e-05	0.0165299	-0.0069459	-0.00166662	-2.03727e-07	0	0	0	0	0	0	0	0	0	0	0	0	0	0	0	0	0	0	0	0	0	0	0	0	0	0	0	0	0	0	0	0	0	0	0	0	0	0	0	
0	0	0	0	0	0	0	0	0	0	0	0	0	0	0	0	0	0	0	0	0	0	0	0	0	0	0.000162219	0.0368451	-0.026104	-0.0029856	-1.52601e-06	0	0	0	0	0	0	0	0	0	0	0	0	0	0	0	0	0	0	0	0	0	0	0	0	0	0	0	0	0	0	0	0	0	0	0	0	0	0	
0	0	0	0	0	0	0	0	0	0	0	0	0	0	0	0	0	0	0	0	0	0	0	0	0	0	0	0.000151031	0.0343398	-0.0220948	-0.00440465	-5.21021e-08	0	0	0	0	0	0	0	0	0	0	0	0	0	0	0	0	0	0	0	0	0	0	0	0	0	0	0	0	0	0	0	0	0	0	0	0	0	
0	0	0	0	0	0	0	0	0	0	0	0	0	0	0	0	0	0	0	0	0	0	0	0	0	0	0	0	0.000191816	0.0351252	-0.0268179	-0.000413312	-4.52344e-06	0	0	0	0	0	0	0	0	0	0	0	0	0	0	0	0	0	0	0	0	0	0	0	0	0	0	0	0	0	0	0	0	0	0	0	0	
0	0	0	0	0	0	0	0	0	0	0	0	0	0	0	0	0	0	0	0	0	0	0	0	0	0	0	0	0	0.000132663	0.0277992	-0.0113335	-0.00691179	-0.000599918	-0.000410002	-0.000292886	-0.000191575	-0.000117708	-6.99496e-05	-4.09553e-05	-2.18718e-05	-1.89113e-05	-7.23213e-06	-9.19965e-07	0	0	0	0	0	0	0	0	0	0	0	0	0	0	0	0	0	0	0	0	0	0	0	0	0	
0	0	0	0	0	0	0	0	0	0	0	0	0	0	0	0	0	0	0	0	0	0	0	0	0	0	0	0	0	0	0.000398528	0.0345392	-0.00648505	-0.00316609	-0.00314911	-0.00302883	-0.0027194	-0.00224147	-0.00175216	-0.00136575	-0.000953442	-0.00112565	-0.000697026	-0.000188547	-2.56216e-05	0	0	0	0	0	0	0	0	0	0	0	0	0	0	0	0	0	0	0	0	0	0	0	0	
0	0	0	0	0	0	0	0	0	0	0	0	0	0	0	0	0	0	0	0	0	0	0	0	0	0	0	0	0	0	-5.02538e-07	0.000483826	0.0336525	0.00072843	-0.000327635	-0.00067618	-0.00169068	-0.00252994	-0.00297586	-0.0031714	-0.0029139	-0.00472275	-0.00483027	-0.00240692	-0.000698482	-3.56443e-06	0	0	0	0	0	0	0	0	0	0	0	0	0	0	0	0	0	0	0	0	0	0	0	
0	0	0	0	0	0	0	0	0	0	0	0	0	0	0	0	0	0	0	0	0	0	0	0	0	0	0	0	0	0	0	-2.33079e-06	0.00273782	0.0283404	0.00359423	-0.00166449	0.00151666	0.00097498	-0.000610526	-0.00193638	-0.00264444	-0.00576526	-0.00833538	-0.00579676	-0.00241187	-2.76237e-05	0	0	0	0	0	0	0	0	0	0	0	0	0	0	0	0	0	0	0	0	0	0	0	
0	0	0	0	0	0	0	0	0	0	0	0	0	0	0	0	0	0	0	0	0	0	0	0	0	0	0	0	0	0	0	-1.01469e-06	-0.000217059	0.00302983	0.0283871	0.00349789	-0.0015228	0.00124714	0.00088629	-0.000702024	-0.00180763	-0.00515319	-0.00890448	-0.00720199	-0.00354372	-4.39562e-05	-3.60121e-07	0	0	0	0	0	0	0	0	0	0	0	0	0	0	0	0	0	0	0	0	0	0	
0	0	0	0	0	0	0	0	0	0	0	0	0	0	0	0	0	0	0	0	0	0	0	0	0	0	0	0	0	0	0	-2.60704e-06	9.91822e-05	-0.000359561	0.00335742	0.0281319	0.00341047	-0.00147278	0.00118575	0.000836798	-0.00064185	-0.00396038	-0.00887132	-0.00863249	-0.00509496	-8.51854e-05	0	0	0	0	0	0	0	0	0	0	0	0	0	0	0	0	0	0	0	0	0	0	0	
0	0	0	0	0	0	0	0	0	0	0	0	0	0	0	0	0	0	0	0	0	0	0	0	0	0	0	0	0	0	0	-5.28683e-07	2.59756e-05	5.74269e-05	-0.0003246	0.00300078	0.0281017	0.00354882	-0.0017582	0.00116506	0.000790843	-0.00184716	-0.00802328	-0.00989095	-0.0070025	-0.000170479	-5.33067e-07	0	0	0	0	0	0	0	0	0	0	0	0	0	0	0	0	0	0	0	0	0	0	
0	0	0	0	0	0	0	0	0	0	0	0	0	0	0	0	0	0	0	0	0	0	0	0	0	0	0	0	0	0	0	0	-9.52931e-06	1.96796e-05	4.74941e-05	-0.000284153	0.00309696	0.0280873	0.00367791	-0.00186382	0.00108516	0.000512734	-0.0063876	-0.0104975	-0.00920046	-0.000311069	-1.85614e-06	0	0	0	0	0	0	0	0	0	0	0	0	0	0	0	0	0	0	0	0	0	0	
0	0	0	0	0	0	0	0	0	0	0	0	0	0	0	0	0	0	0	0	0	0	0	0	0	0	0	0	0	0	0	0	-1.52607e-05	-1.31094e-06	3.21928e-05	7.81826e-05	-0.000430608	0.00334407	0.0280569	0.0038205	-0.00175918	0.00158951	-0.00365069	-0.0105638	-0.0117159	-0.000498369	-2.54163e-06	0	0	0	0	0	0	0	0	0	0	0	0	0	0	0	0	0	0	0	0	0	0	
0	0	0	0	0	0	0	0	0	0	0	0	0	0	0	0	0	0	0	0	0	0	0	0	0	0	0	0	0	0	0	0	-7.89703e-06	-6.60735e-06	-1.12509e-05	1.83434e-05	8.2101e-05	-0.000383582	0.00335917	0.0278184	0.00405225	-0.00134925	-0.000410563	-0.00969437	-0.0144161	-0.000818894	-7.13381e-06	0	0	0	0	0	0	0	0	0	0	0	0	0	0	0	0	0	0	0	0	0	0	
0	0	0	0	0	0	0	0	0	0	0	0	0	0	0	0	0	0	0	0	0	0	0	0	0	0	0	0	0	0	0	0	-2.57599e-06	-2.28526e-06	-5.7789e-06	4.14695e-06	3.8199e-05	5.36886e-05	-0.000485925	0.00340788	0.0275471	0.0022743	0.00103584	-0.00780114	-0.0168893	-0.00128341	-1.18658e-05	0	0	0	0	0	0	0	0	0	0	0	0	0	0	0	0	0	0	0	0	0	0	
0	0	0	0	0	0	0	0	0	0	0	0	0	0	0	0	0	0	0	0	0	0	0	0	0	0	0	0	0	0	0	0	-6.58109e-07	-1.51305e-06	-4.10747e-06	-6.65478e-06	-1.61539e-06	2.20648e-05	5.7185e-05	-0.000224115	0.00165566	0.0310051	0.000739524	-0.00357342	-0.0195596	-0.00223289	-3.31372e-05	0	0	0	0	0	0	0	0	0	0	0	0	0	0	0	0	0	0	0	0	0	0	
0	0	0	0	0	0	0	0	0	0	0	0	0	0	0	0	0	0	0	0	0	0	0	0	0	0	0	0	0	0	0	0	-9.00735e-08	-3.4588e-07	-3.52151e-07	-1.77018e-06	-5.55836e-06	-5.27164e-06	-7.11756e-06	1.69736e-05	1.57205e-05	0.000885998	0.0316485	0.000456839	-0.0200245	-0.00499265	-0.00014594	-4.42149e-07	0	0	0	0	0	0	0	0	0	0	0	0	0	0	0	0	0	0	0	0	0	
0	0	0	0	0	0	0	0	0	0	0	0	0	0	0	0	0	0	0	0	0	0	0	0	0	0	0	0	0	0	0	0	0	0	0	-1.57636e-07	-3.92186e-07	-1.01618e-06	-2.31058e-06	-6.12932e-06	-9.53184e-06	-9.77263e-07	0.000760503	0.0316952	-0.0124835	-0.0111908	-0.000717194	-1.10749e-05	-1.00313e-06	0	0	0	0	0	0	0	0	0	0	0	0	0	0	0	0	0	0	0	0	
0	0	0	0	0	0	0	0	0	0	0	0	0	0	0	0	0	0	0	0	0	0	0	0	0	0	0	0	0	0	0	0	0	0	0	-4.5079e-08	0	0	-1.54977e-07	-2.6466e-07	-7.20379e-07	-3.43446e-06	-2.02231e-05	0.000222971	0.0303659	-0.0152499	-0.00672773	-0.000464903	-5.19539e-05	-9.44608e-06	-2.56972e-06	-7.86331e-07	-1.4936e-07	0	0	0	0	0	0	0	0	0	0	0	0	0	0	0	0	
0	0	0	0	0	0	0	0	0	0	0	0	0	0	0	0	0	0	0	0	0	0	0	0	0	0	0	0	0	0	0	0	0	0	0	0	0	0	0	0	0	-2.5804e-08	-9.08503e-08	-1.98542e-06	9.44006e-05	0.0292568	-0.0136776	-0.00547473	-0.00144029	-0.000452638	-0.000216604	-0.000109404	-2.36871e-05	-2.92946e-06	-1.00676e-07	0	0	0	0	0	0	0	0	0	0	0	0	0	0	
0	0	0	0	0	0	0	0	0	0	0	0	0	0	0	0	0	0	0	0	0	0	0	0	0	0	0	0	0	0	0	0	0	0	0	0	0	0	0	0	0	0	0	0	-1.08001e-05	-0.000120661	0.0284025	-0.0067749	-0.00547229	-0.00311175	-0.00228113	-0.00189695	-0.000684091	-0.000187489	-1.48967e-05	-5.84105e-07	0	0	0	0	0	0	0	0	0	0	0	0	0	
0	0	0	0	0	0	0	0	0	0	0	0	0	0	0	0	0	0	0	0	0	0	0	0	0	0	0	0	0	0	0	0	0	0	0	0	0	0	0	0	0	0	0	0	-8.43301e-08	-5.35938e-05	-0.00046706	0.0294552	-0.00256651	-0.0031397	-0.0042208	-0.00579897	-0.00342611	-0.00148275	-0.000198471	-7.11723e-06	-1.32347e-07	0	0	0	0	0	0	0	0	0	0	0	0	
0	0	0	0	0	0	0	0	0	0	0	0	0	0	0	0	0	0	0	0	0	0	0	0	0	0	0	0	0	0	0	0	0	0	0	0	0	0	0	0	0	0	0	0	0	-5.53977e-06	-0.000493185	-0.000209505	0.0296935	-0.00139837	-0.00250515	-0.00613359	-0.00614889	-0.00393734	-0.00077166	-5.41554e-05	-4.99048e-07	0	0	0	0	0	0	0	0	0	0	0	0	
0	0	0	0	0	0	0	0	0	0	0	0	0	0	0	0	0	0	0	0	0	0	0	0	0	0	0	0	0	0	0	0	0	0	0	0	0	0	0	0	0	0	0	0	0	-1.24461e-06	-0.000210309	-0.000773301	0.000180015	0.0292059	-0.0010495	-0.0041608	-0.00694412	-0.00635125	-0.00167902	-0.000157319	-4.45023e-06	-3.35584e-07	0	0	0	0	0	0	0	0	0	0	0	
0	0	0	0	0	0	0	0	0	0	0	0	0	0	0	0	0	0	0	0	0	0	0	0	0	0	0	0	0	0	0	0	0	0	0	0	0	0	0	0	0	0	0	0	0	-5.47956e-07	-8.60574e-05	-0.000561838	-0.0008344	0.000406495	0.029334	-0.00268485	-0.00562773	-0.00842569	-0.00305009	-0.000377564	-1.10957e-05	-9.54077e-07	0	0	0	0	0	0	0	0	0	0	0	
0	0	0	0	0	0	0	0	0	0	0	0	0	0	0	0	0	0	0	0	0	0	0	0	0	0	0	0	0	0	0	0	0	0	0	0	0	0	0	0	0	0	0	0	0	0	-2.08687e-05	-0.000247387	-0.000537011	-0.000583315	-0.000154917	0.0289509	-0.00370233	-0.00902508	-0.00561326	-0.00104731	-4.38814e-05	-4.27052e-06	-6.2267e-07	0	0	0	0	0	0	0	0	0	0	
0	0	0	0	0	0	0	0	0	0	0	0	0	0	0	0	0	0	0	0	0	0	0	0	0	0	0	0	0	0	0	0	0	0	0	0	0	0	0	0	0	0	0	0	0	0	-2.04759e-06	-5.62435e-05	-0.000209313	-0.000336029	-0.000507377	-0.000834199	0.0286865	-0.00654367	-0.00897473	-0.00295219	-0.000199727	-2.69487e-05	-4.74621e-06	-7.76753e-07	-1.71495e-07	-1.57696e-07	0	0	0	0	0	0	0	
0	0	0	0	0	0	0	0	0	0	0	0	0	0	0	0	0	0	0	0	0	0	0	0	0	0	0	0	0	0	0	0	0	0	0	0	0	0	0	0	0	0	0	0	0	0	-1.45578e-07	-6.54587e-06	-3.38588e-05	-7.75854e-05	-0.000208876	-0.000746106	-0.00118714	0.0272137	-0.0082669	-0.00744841	-0.00101835	-0.000187321	-4.23519e-05	-1.36259e-05	-4.70009e-06	-3.5358e-07	-4.30714e-07	-6.24711e-08	0	0	0	0	0	
0	0	0	0	0	0	0	0	0	0	0	0	0	0	0	0	0	0	0	0	0	0	0	0	0	0	0	0	0	0	0	0	0	0	0	0	0	0	0	0	0	0	0	0	0	0	0	-1.82947e-07	-1.74379e-06	-5.86012e-06	-2.0604e-05	-0.000146498	-0.000604361	-0.00199414	0.0260743	-0.0095486	-0.003878	-0.00120032	-0.000377842	-0.000155492	-6.4401e-05	-2.06429e-05	-5.82257e-06	-2.44787e-06	-5.73115e-07	-2.12699e-07	-1.03404e-07	0	0	
0	0	0	0	0	0	0	0	0	0	0	0	0	0	0	0	0	0	0	0	0	0	0	0	0	0	0	0	0	0	0	0	0	0	0	0	0	0	0	0	0	0	0	0	0	0	0	0	-1.52731e-08	-2.16675e-07	-7.5401e-07	-7.81139e-06	-6.08955e-05	-0.000664002	-0.00268224	0.0244617	-0.00529399	-0.00360889	-0.00194448	-0.00114641	-0.00065437	-0.000281463	-9.77102e-05	-4.83461e-05	-2.04581e-05	-6.49063e-06	-1.48784e-06	-2.04413e-07	-1.61222e-08	
0	0	0	0	0	0	0	0	0	0	0	0	0	0	0	0	0	0	0	0	0	0	0	0	0	0	0	0	0	0	0	0	0	0	0	0	0	0	0	0	0	0	0	0	0	0	0	0	0	0	0	-2.56352e-07	-3.34967e-06	-7.94459e-05	-0.00105462	-0.00439792	0.0266724	-0.00337423	-0.00282231	-0.00259364	-0.00207388	-0.00118197	-0.000503413	-0.000289234	-0.000143893	-6.05763e-05	-1.80373e-05	-4.5008e-06	-3.41024e-07	
0	0	0	0	0	0	0	0	0	0	0	0	0	0	0	0	0	0	0	0	0	0	0	0	0	0	0	0	0	0	0	0	0	0	0	0	0	0	0	0	0	0	0	0	0	0	0	0	0	0	0	0	-4.09335e-07	-1.53671e-05	-0.000334405	-0.00324097	-0.00323531	0.0276	-0.0022433	-0.00273781	-0.00278726	-0.00219384	-0.0011444	-0.000766519	-0.000437693	-0.000211251	-7.69166e-05	-1.93519e-05	-1.7277e-06	
0	0	0	0	0	0	0	0	0	0	0	0	0	0	0	0	0	0	0	0	0	0	0	0	0	0	0	0	0	0	0	0	0	0	0	0	0	0	0	0	0	0	0	0	0	0	0	0	0	0	0	0	-1.19993e-07	-3.93167e-06	-0.000120434	-0.00200649	-0.00315111	-0.00229038	0.0275819	-0.00178244	-0.00299941	-0.00255975	-0.00173803	-0.00133571	-0.000868439	-0.000472589	-0.000198971	-5.68644e-05	-6.01326e-06	
0	0	0	0	0	0	0	0	0	0	0	0	0	0	0	0	0	0	0	0	0	0	0	0	0	0	0	0	0	0	0	0	0	0	0	0	0	0	0	0	0	0	0	0	0	0	0	0	0	0	0	0	0	-1.0883e-06	-4.69203e-05	-0.00111658	-0.00269751	-0.00285476	-0.00154749	0.0275183	-0.00197957	-0.00269987	-0.00191279	-0.0018147	-0.00140647	-0.000860475	-0.000410028	-0.00013226	-1.74434e-05	
0	0	0	0	0	0	0	0	0	0	0	0	0	0	0	0	0	0	0	0	0	0	0	0	0	0	0	0	0	0	0	0	0	0	0	0	0	0	0	0	0	0	0	0	0	0	0	0	0	0	0	0	0	-2.43209e-07	-1.64497e-05	-0.000559581	-0.00189911	-0.00253151	-0.00243418	-0.00161297	0.0274921	-0.00196976	-0.00214199	-0.00194965	-0.00190631	-0.00141705	-0.000785609	-0.000284772	-4.64053e-05	
0	0	0	0	0	0	0	0	0	0	0	0	0	0	0	0	0	0	0	0	0	0	0	0	0	0	0	0	0	0	0	0	0	0	0	0	0	0	0	0	0	0	0	0	0	0	0	0	0	0	0	0	0	-9.67082e-08	-5.11258e-06	-0.000255803	-0.00111483	-0.00202113	-0.002132	-0.00239649	-0.00176892	0.0273556	-0.00102602	-0.0026863	-0.00201249	-0.00193598	-0.00132761	-0.000571241	-0.00011063	
0	0	0	0	0	0	0	0	0	0	0	0	0	0	0	0	0	0	0	0	0	0	0	0	0	0	0	0	0	0	0	0	0	0	0	0	0	0	0	0	0	0	0	0	0	0	0	0	0	0	0	0	0	-8.96819e-08	-2.16275e-06	-0.000115627	-0.000622824	-0.0014003	-0.00187084	-0.00219241	-0.00289031	-0.00111918	0.0266293	-0.000459375	-0.00277685	-0.00211421	-0.00184845	-0.000981628	-0.000210389	
0	0	0	0	0	0	0	0	0	0	0	0	0	0	0	0	0	0	0	0	0	0	0	0	0	0	0	0	0	0	0	0	0	0	0	0	0	0	0	0	0	0	0	0	0	0	0	0	0	0	0	0	0	0	-6.58748e-07	-5.39761e-05	-0.000350178	-0.00091565	-0.00142017	-0.00207561	-0.00254778	-0.00345738	-0.00027501	0.0269495	-0.00120024	-0.00263254	-0.00215988	-0.00147354	-0.000384124	
0	0	0	0	0	0	0	0	0	0	0	0	0	0	0	0	0	0	0	0	0	0	0	0	0	0	0	0	0	0	0	0	0	0	0	0	0	0	0	0	0	0	0	0	0	0	0	0	0	0	0	0	0	0	-1.76017e-07	-2.20451e-05	-0.00017891	-0.000532567	-0.00093786	-0.00161419	-0.00251614	-0.00259304	-0.00274253	-0.00111749	0.0273664	-0.00191148	-0.00249032	-0.00196959	-0.000662902	
0	0	0	0	0	0	0	0	0	0	0	0	0	0	0	0	0	0	0	0	0	0	0	0	0	0	0	0	0	0	0	0	0	0	0	0	0	0	0	0	0	0	0	0	0	0	0	0	0	0	0	0	0	0	-1.14092e-07	-8.19032e-06	-7.58922e-05	-0.000267368	-0.000534303	-0.00105006	-0.00199624	-0.00269898	-0.0022061	-0.00281897	-0.00190893	0.0272966	-0.00251336	-0.00234629	-0.00109182	
0	0	0	0	0	0	0	0	0	0	0	0	0	0	0	0	0	0	0	0	0	0	0	0	0	0	0	0	0	0	0	0	0	0	0	0	0	0	0	0	0	0	0	0	0	0	0	0	0	0	0	0	0	0	-6.09727e-08	-2.3418e-06	-2.78816e-05	-0.000114317	-0.000271138	-0.000567644	-0.00126328	-0.00210437	-0.0022447	-0.0026601	-0.00307751	-0.00274816	0.0270982	-0.00287589	-0.00152593	
0	0	0	0	0	0	0	0	0	0	0	0	0	0	0	0	0	0	0	0	0	0	0	0	0	0	0	0	0	0	0	0	0	0	0	0	0	0	0	0	0	0	0	0	0	0	0	0	0	0	0	0	0	0	0	-2.20033e-07	-8.35273e-06	-4.24088e-05	-0.000103694	-0.000261548	-0.00066689	-0.00128592	-0.00166087	-0.00253527	-0.00336278	-0.00372332	-0.00354488	0.0261988	-0.00210189	
0	0	0	0	0	0	0	0	0	0	0	0	0	0	0	0	0	0	0	0	0	0	0	0	0	0	0	0	0	0	0	0	0	0	0	0	0	0	0	0	0	0	0	0	0	0	0	0	0	0	0	0	0	0	0	0	-1.45491e-06	-9.22093e-06	-3.06713e-05	-9.44363e-05	-0.000258232	-0.000617396	-0.000941671	-0.00171198	-0.00285759	-0.00439947	-0.00511643	-0.00498317	0.0255507	  ); 
scatteringMultiplicity ( 
1	1.00001	1.02187	1.07364	1.16082	1.2815	1.40558	1.51224	1.60475	1.68079	1.72887	1.73653	1.73329	1.76374	1.72864	1.74836	1.7297	1.68085	1.71444	1.85696	1.66636	2	1	1.50062	2	1	1	1	1	1	1	1	1	1	1	1	1	1	1	1	1	1	1	1	1	1	1	1	1	1	1	1	1	1	1	1	1	1	1	1	1	1	1	1	1	1	1	1	1	
1	1	1	1	1	1.00001	1.0001	1.00021	1.00036	1.00053	1.00083	1.00091	1.0009	1.00097	1.00147	1.00104	1	1.00435	1	1.0098	1	1	1	1	1	1	1	1	1	1	1	1	1	1	1	1	1	1	1	1	1	1	1	1	1	1	1	1	1	1	1	1	1	1	1	1	1	1	1	1	1	1	1	1	1	1	1	1	1	
1	1	1	1	1	1	1	1	1	1	1	1	1	1	1	1	1	1	1	1	1	1	1	1	1	1	1	1	1	1	1	1	1	1	1	1	1	1	1	1	1	1	1	1	1	1	1	1	1	1	1	1	1	1	1	1	1	1	1	1	1	1	1	1	1	1	1	1	1	
1	1	1	1	1	1	1	1	1	1	1	1	1	1	1	1	1	1	1	1	1	1	1	1	1	1	1	1	1	1	1	1	1	1	1	1	1	1	1	1	1	1	1	1	1	1	1	1	1	1	1	1	1	1	1	1	1	1	1	1	1	1	1	1	1	1	1	1	1	
1	1	1	1	1	1	1	1	1	1	1	1	1	1	1	1	1	1	1	1	1	1	1	1	1	1	1	1	1	1	1	1	1	1	1	1	1	1	1	1	1	1	1	1	1	1	1	1	1	1	1	1	1	1	1	1	1	1	1	1	1	1	1	1	1	1	1	1	1	
1	1	1	1	1	1	1	1	1	1	1	1	1	1	1	1	1	1	1	1	1	1	1	1	1	1	1	1	1	1	1	1	1	1	1	1	1	1	1	1	1	1	1	1	1	1	1	1	1	1	1	1	1	1	1	1	1	1	1	1	1	1	1	1	1	1	1	1	1	
1	1	1	1	1	1	1	1	1	1	1	1	1	1	1	1	1	1	1	1	1	1	1	1	1	1	1	1	1	1	1	1	1	1	1	1	1	1	1	1	1	1	1	1	1	1	1	1	1	1	1	1	1	1	1	1	1	1	1	1	1	1	1	1	1	1	1	1	1	
1	1	1	1	1	1	1	1	1	1	1	1	1	1	1	1	1	1	1	1	1	1	1	1	1	1	1	1	1	1	1	1	1	1	1	1	1	1	1	1	1	1	1	1	1	1	1	1	1	1	1	1	1	1	1	1	1	1	1	1	1	1	1	1	1	1	1	1	1	
1	1	1	1	1	1	1	1	1	1	1	1	1	1	1	1	1	1	1	1	1	1	1	1	1	1	1	1	1	1	1	1	1	1	1	1	1	1	1	1	1	1	1	1	1	1	1	1	1	1	1	1	1	1	1	1	1	1	1	1	1	1	1	1	1	1	1	1	1	
1	1	1	1	1	1	1	1	1	1	1	1	1	1	1	1	1	1	1	1	1	1	1	1	1	1	1	1	1	1	1	1	1	1	1	1	1	1	1	1	1	1	1	1	1	1	1	1	1	1	1	1	1	1	1	1	1	1	1	1	1	1	1	1	1	1	1	1	1	
1	1	1	1	1	1	1	1	1	1	1	1	1	1	1	1	1	1	1	1	1	1	1	1	1	1	1	1	1	1	1	1	1	1	1	1	1	1	1	1	1	1	1	1	1	1	1	1	1	1	1	1	1	1	1	1	1	1	1	1	1	1	1	1	1	1	1	1	1	
1	1	1	1	1	1	1	1	1	1	1	1	1	1	1	1	1	1	1	1	1	1	1	1	1	1	1	1	1	1	1	1	1	1	1	1	1	1	1	1	1	1	1	1	1	1	1	1	1	1	1	1	1	1	1	1	1	1	1	1	1	1	1	1	1	1	1	1	1	
1	1	1	1	1	1	1	1	1	1	1	1	1	1	1	1	1	1	1	1	1	1	1	1	1	1	1	1	1	1	1	1	1	1	1	1	1	1	1	1	1	1	1	1	1	1	1	1	1	1	1	1	1	1	1	1	1	1	1	1	1	1	1	1	1	1	1	1	1	
1	1	1	1	1	1	1	1	1	1	1	1	1	1	1	1	1	1	1	1	1	1	1	1	1	1	1	1	1	1	1	1	1	1	1	1	1	1	1	1	1	1	1	1	1	1	1	1	1	1	1	1	1	1	1	1	1	1	1	1	1	1	1	1	1	1	1	1	1	
1	1	1	1	1	1	1	1	1	1	1	1	1	1	1	1	1	1	1	1	1	1	1	1	1	1	1	1	1	1	1	1	1	1	1	1	1	1	1	1	1	1	1	1	1	1	1	1	1	1	1	1	1	1	1	1	1	1	1	1	1	1	1	1	1	1	1	1	1	
1	1	1	1	1	1	1	1	1	1	1	1	1	1	1	1	1	1	1	1	1	1	1	1	1	1	1	1	1	1	1	1	1	1	1	1	1	1	1	1	1	1	1	1	1	1	1	1	1	1	1	1	1	1	1	1	1	1	1	1	1	1	1	1	1	1	1	1	1	
1	1	1	1	1	1	1	1	1	1	1	1	1	1	1	1	1	1	1	1	1	1	1	1	1	1	1	1	1	1	1	1	1	1	1	1	1	1	1	1	1	1	1	1	1	1	1	1	1	1	1	1	1	1	1	1	1	1	1	1	1	1	1	1	1	1	1	1	1	
1	1	1	1	1	1	1	1	1	1	1	1	1	1	1	1	1	1	1	1	1	1	1	1	1	1	1	1	1	1	1	1	1	1	1	1	1	1	1	1	1	1	1	1	1	1	1	1	1	1	1	1	1	1	1	1	1	1	1	1	1	1	1	1	1	1	1	1	1	
1	1	1	1	1	1	1	1	1	1	1	1	1	1	1	1	1	1	1	1	1	1	1	1	1	1	1	1	1	1	1	1	1	1	1	1	1	1	1	1	1	1	1	1	1	1	1	1	1	1	1	1	1	1	1	1	1	1	1	1	1	1	1	1	1	1	1	1	1	
1	1	1	1	1	1	1	1	1	1	1	1	1	1	1	1	1	1	1	1	1	1	1	1	1	1	1	1	1	1	1	1	1	1	1	1	1	1	1	1	1	1	1	1	1	1	1	1	1	1	1	1	1	1	1	1	1	1	1	1	1	1	1	1	1	1	1	1	1	
1	1	1	1	1	1	1	1	1	1	1	1	1	1	1	1	1	1	1	1	1	1	1	1	1	1	1	1	1	1	1	1	1	1	1	1	1	1	1	1	1	1	1	1	1	1	1	1	1	1	1	1	1	1	1	1	1	1	1	1	1	1	1	1	1	1	1	1	1	
1	1	1	1	1	1	1	1	1	1	1	1	1	1	1	1	1	1	1	1	1	1	1	1	1	1	1	1	1	1	1	1	1	1	1	1	1	1	1	1	1	1	1	1	1	1	1	1	1	1	1	1	1	1	1	1	1	1	1	1	1	1	1	1	1	1	1	1	1	
1	1	1	1	1	1	1	1	1	1	1	1	1	1	1	1	1	1	1	1	1	1	1	1	1	1	1	1	1	1	1	1	1	1	1	1	1	1	1	1	1	1	1	1	1	1	1	1	1	1	1	1	1	1	1	1	1	1	1	1	1	1	1	1	1	1	1	1	1	
1	1	1	1	1	1	1	1	1	1	1	1	1	1	1	1	1	1	1	1	1	1	1	1	1	1	1	1	1	1	1	1	1	1	1	1	1	1	1	1	1	1	1	1	1	1	1	1	1	1	1	1	1	1	1	1	1	1	1	1	1	1	1	1	1	1	1	1	1	
1	1	1	1	1	1	1	1	1	1	1	1	1	1	1	1	1	1	1	1	1	1	1	1	1	1	1	1	1	1	1	1	1	1	1	1	1	1	1	1	1	1	1	1	1	1	1	1	1	1	1	1	1	1	1	1	1	1	1	1	1	1	1	1	1	1	1	1	1	
1	1	1	1	1	1	1	1	1	1	1	1	1	1	1	1	1	1	1	1	1	1	1	1	1	1	1	1	1	1	1	1	1	1	1	1	1	1	1	1	1	1	1	1	1	1	1	1	1	1	1	1	1	1	1	1	1	1	1	1	1	1	1	1	1	1	1	1	1	
1	1	1	1	1	1	1	1	1	1	1	1	1	1	1	1	1	1	1	1	1	1	1	1	1	1	1	1	1	1	1	1	1	1	1	1	1	1	1	1	1	1	1	1	1	1	1	1	1	1	1	1	1	1	1	1	1	1	1	1	1	1	1	1	1	1	1	1	1	
1	1	1	1	1	1	1	1	1	1	1	1	1	1	1	1	1	1	1	1	1	1	1	1	1	1	1	1	1	1	1	1	1	1	1	1	1	1	1	1	1	1	1	1	1	1	1	1	1	1	1	1	1	1	1	1	1	1	1	1	1	1	1	1	1	1	1	1	1	
1	1	1	1	1	1	1	1	1	1	1	1	1	1	1	1	1	1	1	1	1	1	1	1	1	1	1	1	1	1	1	1	1	1	1	1	1	1	1	1	1	1	1	1	1	1	1	1	1	1	1	1	1	1	1	1	1	1	1	1	1	1	1	1	1	1	1	1	1	
1	1	1	1	1	1	1	1	1	1	1	1	1	1	1	1	1	1	1	1	1	1	1	1	1	1	1	1	1	1	1	1	1	1	1	1	1	1	1	1	1	1	1	1	1	1	1	1	1	1	1	1	1	1	1	1	1	1	1	1	1	1	1	1	1	1	1	1	1	
1	1	1	1	1	1	1	1	1	1	1	1	1	1	1	1	1	1	1	1	1	1	1	1	1	1	1	1	1	1	1	1	1	1	1	1	1	1	1	1	1	1	1	1	1	1	1	1	1	1	1	1	1	1	1	1	1	1	1	1	1	1	1	1	1	1	1	1	1	
1	1	1	1	1	1	1	1	1	1	1	1	1	1	1	1	1	1	1	1	1	1	1	1	1	1	1	1	1	1	1	1	1	1	1	1	1	1	1	1	1	1	1	1	1	1	1	1	1	1	1	1	1	1	1	1	1	1	1	1	1	1	1	1	1	1	1	1	1	
1	1	1	1	1	1	1	1	1	1	1	1	1	1	1	1	1	1	1	1	1	1	1	1	1	1	1	1	1	1	1	1	1	1	1	1	1	1	1	1	1	1	1	1	1	1	1	1	1	1	1	1	1	1	1	1	1	1	1	1	1	1	1	1	1	1	1	1	1	
1	1	1	1	1	1	1	1	1	1	1	1	1	1	1	1	1	1	1	1	1	1	1	1	1	1	1	1	1	1	1	1	1	1	1	1	1	1	1	1	1	1	1	1	1	1	1	1	1	1	1	1	1	1	1	1	1	1	1	1	1	1	1	1	1	1	1	1	1	
1	1	1	1	1	1	1	1	1	1	1	1	1	1	1	1	1	1	1	1	1	1	1	1	1	1	1	1	1	1	1	1	1	1	1	1	1	1	1	1	1	1	1	1	1	1	1	1	1	1	1	1	1	1	1	1	1	1	1	1	1	1	1	1	1	1	1	1	1	
1	1	1	1	1	1	1	1	1	1	1	1	1	1	1	1	1	1	1	1	1	1	1	1	1	1	1	1	1	1	1	1	1	1	1	1	1	1	1	1	1	1	1	1	1	1	1	1	1	1	1	1	1	1	1	1	1	1	1	1	1	1	1	1	1	1	1	1	1	
1	1	1	1	1	1	1	1	1	1	1	1	1	1	1	1	1	1	1	1	1	1	1	1	1	1	1	1	1	1	1	1	1	1	1	1	1	1	1	1	1	1	1	1	1	1	1	1	1	1	1	1	1	1	1	1	1	1	1	1	1	1	1	1	1	1	1	1	1	
1	1	1	1	1	1	1	1	1	1	1	1	1	1	1	1	1	1	1	1	1	1	1	1	1	1	1	1	1	1	1	1	1	1	1	1	1	1	1	1	1	1	1	1	1	1	1	1	1	1	1	1	1	1	1	1	1	1	1	1	1	1	1	1	1	1	1	1	1	
1	1	1	1	1	1	1	1	1	1	1	1	1	1	1	1	1	1	1	1	1	1	1	1	1	1	1	1	1	1	1	1	1	1	1	1	1	1	1	1	1	1	1	1	1	1	1	1	1	1	1	1	1	1	1	1	1	1	1	1	1	1	1	1	1	1	1	1	1	
1	1	1	1	1	1	1	1	1	1	1	1	1	1	1	1	1	1	1	1	1	1	1	1	1	1	1	1	1	1	1	1	1	1	1	1	1	1	1	1	1	1	1	1	1	1	1	1	1	1	1	1	1	1	1	1	1	1	1	1	1	1	1	1	1	1	1	1	1	
1	1	1	1	1	1	1	1	1	1	1	1	1	1	1	1	1	1	1	1	1	1	1	1	1	1	1	1	1	1	1	1	1	1	1	1	1	1	1	1	1	1	1	1	1	1	1	1	1	1	1	1	1	1	1	1	1	1	1	1	1	1	1	1	1	1	1	1	1	
1	1	1	1	1	1	1	1	1	1	1	1	1	1	1	1	1	1	1	1	1	1	1	1	1	1	1	1	1	1	1	1	1	1	1	1	1	1	1	1	1	1	1	1	1	1	1	1	1	1	1	1	1	1	1	1	1	1	1	1	1	1	1	1	1	1	1	1	1	
1	1	1	1	1	1	1	1	1	1	1	1	1	1	1	1	1	1	1	1	1	1	1	1	1	1	1	1	1	1	1	1	1	1	1	1	1	1	1	1	1	1	1	1	1	1	1	1	1	1	1	1	1	1	1	1	1	1	1	1	1	1	1	1	1	1	1	1	1	
1	1	1	1	1	1	1	1	1	1	1	1	1	1	1	1	1	1	1	1	1	1	1	1	1	1	1	1	1	1	1	1	1	1	1	1	1	1	1	1	1	1	1	1	1	1	1	1	1	1	1	1	1	1	1	1	1	1	1	1	1	1	1	1	1	1	1	1	1	
1	1	1	1	1	1	1	1	1	1	1	1	1	1	1	1	1	1	1	1	1	1	1	1	1	1	1	1	1	1	1	1	1	1	1	1	1	1	1	1	1	1	1	1	1	1	1	1	1	1	1	1	1	1	1	1	1	1	1	1	1	1	1	1	1	1	1	1	1	
1	1	1	1	1	1	1	1	1	1	1	1	1	1	1	1	1	1	1	1	1	1	1	1	1	1	1	1	1	1	1	1	1	1	1	1	1	1	1	1	1	1	1	1	1	1	1	1	1	1	1	1	1	1	1	1	1	1	1	1	1	1	1	1	1	1	1	1	1	
1	1	1	1	1	1	1	1	1	1	1	1	1	1	1	1	1	1	1	1	1	1	1	1	1	1	1	1	1	1	1	1	1	1	1	1	1	1	1	1	1	1	1	1	1	1	1	1	1	1	1	1	1	1	1	1	1	1	1	1	1	1	1	1	1	1	1	1	1	
1	1	1	1	1	1	1	1	1	1	1	1	1	1	1	1	1	1	1	1	1	1	1	1	1	1	1	1	1	1	1	1	1	1	1	1	1	1	1	1	1	1	1	1	1	1	1	1	1	1	1	1	1	1	1	1	1	1	1	1	1	1	1	1	1	1	1	1	1	
1	1	1	1	1	1	1	1	1	1	1	1	1	1	1	1	1	1	1	1	1	1	1	1	1	1	1	1	1	1	1	1	1	1	1	1	1	1	1	1	1	1	1	1	1	1	1	1	1	1	1	1	1	1	1	1	1	1	1	1	1	1	1	1	1	1	1	1	1	
1	1	1	1	1	1	1	1	1	1	1	1	1	1	1	1	1	1	1	1	1	1	1	1	1	1	1	1	1	1	1	1	1	1	1	1	1	1	1	1	1	1	1	1	1	1	1	1	1	1	1	1	1	1	1	1	1	1	1	1	1	1	1	1	1	1	1	1	1	
1	1	1	1	1	1	1	1	1	1	1	1	1	1	1	1	1	1	1	1	1	1	1	1	1	1	1	1	1	1	1	1	1	1	1	1	1	1	1	1	1	1	1	1	1	1	1	1	1	1	1	1	1	1	1	1	1	1	1	1	1	1	1	1	1	1	1	1	1	
1	1	1	1	1	1	1	1	1	1	1	1	1	1	1	1	1	1	1	1	1	1	1	1	1	1	1	1	1	1	1	1	1	1	1	1	1	1	1	1	1	1	1	1	1	1	1	1	1	1	1	1	1	1	1	1	1	1	1	1	1	1	1	1	1	1	1	1	1	
1	1	1	1	1	1	1	1	1	1	1	1	1	1	1	1	1	1	1	1	1	1	1	1	1	1	1	1	1	1	1	1	1	1	1	1	1	1	1	1	1	1	1	1	1	1	1	1	1	1	1	1	1	1	1	1	1	1	1	1	1	1	1	1	1	1	1	1	1	
1	1	1	1	1	1	1	1	1	1	1	1	1	1	1	1	1	1	1	1	1	1	1	1	1	1	1	1	1	1	1	1	1	1	1	1	1	1	1	1	1	1	1	1	1	1	1	1	1	1	1	1	1	1	1	1	1	1	1	1	1	1	1	1	1	1	1	1	1	
1	1	1	1	1	1	1	1	1	1	1	1	1	1	1	1	1	1	1	1	1	1	1	1	1	1	1	1	1	1	1	1	1	1	1	1	1	1	1	1	1	1	1	1	1	1	1	1	1	1	1	1	1	1	1	1	1	1	1	1	1	1	1	1	1	1	1	1	1	
1	1	1	1	1	1	1	1	1	1	1	1	1	1	1	1	1	1	1	1	1	1	1	1	1	1	1	1	1	1	1	1	1	1	1	1	1	1	1	1	1	1	1	1	1	1	1	1	1	1	1	1	1	1	1	1	1	1	1	1	1	1	1	1	1	1	1	1	1	
1	1	1	1	1	1	1	1	1	1	1	1	1	1	1	1	1	1	1	1	1	1	1	1	1	1	1	1	1	1	1	1	1	1	1	1	1	1	1	1	1	1	1	1	1	1	1	1	1	1	1	1	1	1	1	1	1	1	1	1	1	1	1	1	1	1	1	1	1	
1	1	1	1	1	1	1	1	1	1	1	1	1	1	1	1	1	1	1	1	1	1	1	1	1	1	1	1	1	1	1	1	1	1	1	1	1	1	1	1	1	1	1	1	1	1	1	1	1	1	1	1	1	1	1	1	1	1	1	1	1	1	1	1	1	1	1	1	1	
1	1	1	1	1	1	1	1	1	1	1	1	1	1	1	1	1	1	1	1	1	1	1	1	1	1	1	1	1	1	1	1	1	1	1	1	1	1	1	1	1	1	1	1	1	1	1	1	1	1	1	1	1	1	1	1	1	1	1	1	1	1	1	1	1	1	1	1	1	
1	1	1	1	1	1	1	1	1	1	1	1	1	1	1	1	1	1	1	1	1	1	1	1	1	1	1	1	1	1	1	1	1	1	1	1	1	1	1	1	1	1	1	1	1	1	1	1	1	1	1	1	1	1	1	1	1	1	1	1	1	1	1	1	1	1	1	1	1	
1	1	1	1	1	1	1	1	1	1	1	1	1	1	1	1	1	1	1	1	1	1	1	1	1	1	1	1	1	1	1	1	1	1	1	1	1	1	1	1	1	1	1	1	1	1	1	1	1	1	1	1	1	1	1	1	1	1	1	1	1	1	1	1	1	1	1	1	1	
1	1	1	1	1	1	1	1	1	1	1	1	1	1	1	1	1	1	1	1	1	1	1	1	1	1	1	1	1	1	1	1	1	1	1	1	1	1	1	1	1	1	1	1	1	1	1	1	1	1	1	1	1	1	1	1	1	1	1	1	1	1	1	1	1	1	1	1	1	
1	1	1	1	1	1	1	1	1	1	1	1	1	1	1	1	1	1	1	1	1	1	1	1	1	1	1	1	1	1	1	1	1	1	1	1	1	1	1	1	1	1	1	1	1	1	1	1	1	1	1	1	1	1	1	1	1	1	1	1	1	1	1	1	1	1	1	1	1	
1	1	1	1	1	1	1	1	1	1	1	1	1	1	1	1	1	1	1	1	1	1	1	1	1	1	1	1	1	1	1	1	1	1	1	1	1	1	1	1	1	1	1	1	1	1	1	1	1	1	1	1	1	1	1	1	1	1	1	1	1	1	1	1	1	1	1	1	1	
1	1	1	1	1	1	1	1	1	1	1	1	1	1	1	1	1	1	1	1	1	1	1	1	1	1	1	1	1	1	1	1	1	1	1	1	1	1	1	1	1	1	1	1	1	1	1	1	1	1	1	1	1	1	1	1	1	1	1	1	1	1	1	1	1	1	1	1	1	
1	1	1	1	1	1	1	1	1	1	1	1	1	1	1	1	1	1	1	1	1	1	1	1	1	1	1	1	1	1	1	1	1	1	1	1	1	1	1	1	1	1	1	1	1	1	1	1	1	1	1	1	1	1	1	1	1	1	1	1	1	1	1	1	1	1	1	1	1	
1	1	1	1	1	1	1	1	1	1	1	1	1	1	1	1	1	1	1	1	1	1	1	1	1	1	1	1	1	1	1	1	1	1	1	1	1	1	1	1	1	1	1	1	1	1	1	1	1	1	1	1	1	1	1	1	1	1	1	1	1	1	1	1	1	1	1	1	1	
1	1	1	1	1	1	1	1	1	1	1	1	1	1	1	1	1	1	1	1	1	1	1	1	1	1	1	1	1	1	1	1	1	1	1	1	1	1	1	1	1	1	1	1	1	1	1	1	1	1	1	1	1	1	1	1	1	1	1	1	1	1	1	1	1	1	1	1	1	
1	1	1	1	1	1	1	1	1	1	1	1	1	1	1	1	1	1	1	1	1	1	1	1	1	1	1	1	1	1	1	1	1	1	1	1	1	1	1	1	1	1	1	1	1	1	1	1	1	1	1	1	1	1	1	1	1	1	1	1	1	1	1	1	1	1	1	1	1	  ); 
