numberOfGroups 69; 
capture ( 0.0063825   0.0022275  0.00040158   0.0012719   0.0025381   0.0029207   0.0026653   0.0028146    0.003511   0.0048114    0.007113     0.00975     0.01187    0.014209     0.01632    0.017197    0.022014    0.021367     0.02873    0.032643     0.03915    0.060157    0.056601     0.11527     0.15185    0.031844     0.18727    0.023536     0.01523    0.012245    0.015928    0.013621    0.021928    0.027908    0.025668    0.022799    0.020332    0.018605    0.017449    0.016714    0.016227    0.015838     0.01559     0.01571    0.016636    0.018992    0.023194    0.029599    0.036089      0.0409    0.043956    0.045235    0.044166    0.043065    0.044647     0.05031    0.057539    0.063879    0.069694    0.075608    0.082652    0.091248     0.10047     0.11052     0.12398     0.14286     0.17247     0.22556     0.36005); 
fission ( 0.019943    0.012486    0.013106   0.0099685   0.0013836  0.00068157  0.00068767   0.0007399  0.00082024  0.00091489   0.0010312   0.0011656    0.001346   0.0016151    0.001869   0.0024508   0.0029578   0.0035017    0.004541    0.006763    0.010612    0.012468    0.023068     0.02378    0.026349    0.020402    0.021921    0.015126    0.013166   0.0064139   0.0090106    0.010858    0.030136    0.060374    0.059706    0.054558    0.048469    0.043418    0.039655    0.036955    0.034988    0.033202    0.031694    0.031317    0.033587    0.041081     0.05539    0.075674    0.093444     0.10453     0.10956     0.10844     0.10235     0.09969     0.10763     0.12904      0.1545     0.17606      0.1952     0.21414     0.23602     0.26213      0.2891     0.31761     0.35472      0.4056     0.48507     0.62903      1.0022); 
nu ( 3.4733      3.0142      2.7597      2.6336      2.5455      2.4952      2.4696      2.4548      2.4421       2.429      2.4228      2.4242      2.4282       2.432      2.4333      2.4333      2.4333      2.4333      2.4332      2.4333      2.4333      2.4333      2.4333      2.4333      2.4333      2.4333      2.4333      2.4333      2.4333      2.4333      2.4339      2.4351      2.4356      2.4358      2.4359       2.436       2.436      2.4361      2.4362      2.4362      2.4362      2.4362      2.4362      2.4362      2.4362      2.4362      2.4362      2.4362      2.4362      2.4362      2.4362      2.4362      2.4362      2.4362      2.4362      2.4362      2.4362      2.4362      2.4362      2.4362      2.4362      2.4362      2.4362      2.4362      2.4362      2.4362      2.4362      2.4362      2.4362); 
chi ( 0.024103     0.11048      0.2145     0.23376     0.17773     0.11226     0.06367    0.032579    0.015984   0.0077782   0.0037106   0.0017461  0.00088644  0.00042847  0.00019763   8.793e-05  4.7568e-05  2.3999e-05  1.0522e-05  9.2956e-06  2.7387e-06  5.7699e-07  2.1625e-07  1.4401e-07  7.2065e-08  1.4413e-07           0           0           0           0           0           0           0           0           0           0           0           0           0           0           0           0           0           0           0           0           0           0           0           0           0           0           0           0           0           0           0           0           0           0           0           0           0           0           0           0           0           0           0); 
P0 ( 
0.108836	0.0189017	0.00407074	0.0104073	0.0131912	0.0099615	0.00593285	0.00318894	0.00158109	0.0006771	0.000320912	0.000118398	7.30399e-05	2.76574e-05	8.85289e-06	4.42731e-06	1.10702e-06	1.10949e-06	3.31847e-06	1.10701e-06	1.10668e-06	0	0	0	0	0	0	0	0	0	0	0	0	0	0	0	0	0	0	0	0	0	0	0	0	0	0	0	0	0	0	0	0	0	0	0	0	0	0	0	0	0	0	0	0	0	0	0	0	
0	0.164034	0.025459	0.00567909	0.0119157	0.0137222	0.0111442	0.00647972	0.00300975	0.00123771	0.000506049	0.000192847	9.1838e-05	4.04525e-05	2.13679e-05	1.04273e-05	3.30709e-06	2.2901e-06	1.52593e-06	1.27207e-06	1.0173e-06	2.54236e-07	0	0	0	0	0	0	0	0	0	0	0	0	0	0	0	0	0	0	0	0	0	0	0	0	0	0	0	0	0	0	0	0	0	0	0	0	0	0	0	0	0	0	0	0	0	0	0	
0	0	0.161338	0.0187195	0.015435	0.0144028	0.0105908	0.00589142	0.00266861	0.00113276	0.000434638	0.000172495	8.07692e-05	3.6645e-05	1.79486e-05	7.22929e-06	2.7424e-06	1.86927e-06	8.7334e-07	6.22771e-07	3.74106e-07	1.24432e-07	0	0	0	0	0	0	0	0	0	0	0	0	0	0	0	0	0	0	0	0	0	0	0	0	0	0	0	0	0	0	0	0	0	0	0	0	0	0	0	0	0	0	0	0	0	0	0	
0	0	0	0.163144	0.0363376	0.0187869	0.0145255	0.00587895	0.00216337	0.000873132	0.00034446	0.00013727	6.21803e-05	2.86255e-05	1.52513e-05	5.74859e-06	3.05079e-06	9.38618e-07	1.17256e-06	7.03893e-07	1.172e-07	1.1744e-07	1.17438e-07	0	0	0	0	0	0	0	0	0	0	0	0	0	0	0	0	0	0	0	0	0	0	0	0	0	0	0	0	0	0	0	0	0	0	0	0	0	0	0	0	0	0	0	0	0	0	
0	0	0	0	0.257099	0.0581674	0.00695859	0.00865411	0.00533731	0.00195884	0.000775299	0.000306286	0.000133122	6.21851e-05	2.90386e-05	1.21999e-05	5.03895e-06	2.25388e-06	1.32658e-06	7.95839e-07	0	0	0	0	0	0	0	0	0	0	0	0	0	0	0	0	0	0	0	0	0	0	0	0	0	0	0	0	0	0	0	0	0	0	0	0	0	0	0	0	0	0	0	0	0	0	0	0	0	
0	0	0	0	0	0.280403	0.0336966	0.00012936	0.000520581	0.000821206	0.000435933	0.000229652	9.59133e-05	4.37805e-05	2.06966e-05	8.22705e-06	2.12321e-06	1.32606e-06	3.98183e-07	6.62939e-07	0	0	0	0	0	0	0	0	0	0	0	0	0	0	0	0	0	0	0	0	0	0	0	0	0	0	0	0	0	0	0	0	0	0	0	0	0	0	0	0	0	0	0	0	0	0	0	0	0	
0	0	0	0	0	0	0.431861	0.0651814	0.000271758	2.5707e-05	1.06455e-05	6.22623e-06	1.80762e-06	2.00767e-06	8.02803e-07	4.0179e-07	2.00492e-07	0	0	0	0	0	0	0	0	0	0	0	0	0	0	0	0	0	0	0	0	0	0	0	0	0	0	0	0	0	0	0	0	0	0	0	0	0	0	0	0	0	0	0	0	0	0	0	0	0	0	0	0	
0	0	0	0	0	0	0	0.345575	0.0479849	0.000194639	6.50341e-05	1.99328e-05	6.16983e-06	1.42413e-06	4.74282e-07	0	0	0	0	0	0	0	0	0	0	0	0	0	0	0	0	0	0	0	0	0	0	0	0	0	0	0	0	0	0	0	0	0	0	0	0	0	0	0	0	0	0	0	0	0	0	0	0	0	0	0	0	0	0	
0	0	0	0	0	0	0	0	0.3707	0.0512995	0.000440042	2.97621e-05	9.06012e-06	6.148e-06	3.88007e-06	9.70725e-07	3.23392e-07	0	3.23642e-07	0	0	0	0	0	0	0	0	0	0	0	0	0	0	0	0	0	0	0	0	0	0	0	0	0	0	0	0	0	0	0	0	0	0	0	0	0	0	0	0	0	0	0	0	0	0	0	0	0	0	
0	0	0	0	0	0	0	0	0	0.392038	0.050048	0.00287631	0.000425349	3.22872e-06	1.21059e-06	8.0793e-07	0	0	0	0	0	0	0	0	0	0	0	0	0	0	0	0	0	0	0	0	0	0	0	0	0	0	0	0	0	0	0	0	0	0	0	0	0	0	0	0	0	0	0	0	0	0	0	0	0	0	0	0	0	
0	0	0	0	0	0	0	0	0	0	0.41595	0.0441322	0.00101062	0.000636876	0.000256004	8.20049e-05	4.19461e-05	1.76367e-05	3.33637e-06	2.38144e-06	4.77174e-07	0	0	0	0	0	0	0	0	0	0	0	0	0	0	0	0	0	0	0	0	0	0	0	0	0	0	0	0	0	0	0	0	0	0	0	0	0	0	0	0	0	0	0	0	0	0	0	0	
0	0	0	0	0	0	0	0	0	0	0	0.429923	0.0471084	1.61471e-06	0	0	0	0	0	0	0	0	0	0	0	0	0	0	0	0	0	0	0	0	0	0	0	0	0	0	0	0	0	0	0	0	0	0	0	0	0	0	0	0	0	0	0	0	0	0	0	0	0	0	0	0	0	0	0	
0	0	0	0	0	0	0	0	0	0	0	0	0.439023	0.0467306	1.15455e-06	1.73226e-06	5.77636e-07	0	0	0	0	0	0	0	0	0	0	0	0	0	0	0	0	0	0	0	0	0	0	0	0	0	0	0	0	0	0	0	0	0	0	0	0	0	0	0	0	0	0	0	0	0	0	0	0	0	0	0	0	
0	0	0	0	0	0	0	0	0	0	0	0	0	0.434873	0.0468078	0	0	0	0	0	0	0	0	0	0	0	0	0	0	0	0	0	0	0	0	0	0	0	0	0	0	0	0	0	0	0	0	0	0	0	0	0	0	0	0	0	0	0	0	0	0	0	0	0	0	0	0	0	0	
0	0	0	0	0	0	0	0	0	0	0	0	0	0	0.444093	0.0469481	0	0	0	0	0	0	0	0	0	0	0	0	0	0	0	0	0	0	0	0	0	0	0	0	0	0	0	0	0	0	0	0	0	0	0	0	0	0	0	0	0	0	0	0	0	0	0	0	0	0	0	0	0	
0	0	0	0	0	0	0	0	0	0	0	0	0	0	0	0.447616	0.0519308	0	0	0	0	0	0	0	0	0	0	0	0	0	0	0	0	0	0	0	0	0	0	0	0	0	0	0	0	0	0	0	0	0	0	0	0	0	0	0	0	0	0	0	0	0	0	0	0	0	0	0	0	
0	0	0	0	0	0	0	0	0	0	0	0	0	0	0	0	0.468761	0.0530269	0	0	0	0	0	0	0	0	0	0	0	0	0	0	0	0	0	0	0	0	0	0	0	0	0	0	0	0	0	0	0	0	0	0	0	0	0	0	0	0	0	0	0	0	0	0	0	0	0	0	0	
0	0	0	0	0	0	0	0	0	0	0	0	0	0	0	0	0	0.446891	0.0526689	0	0	0	0	0	0	0	0	0	0	0	0	0	0	0	0	0	0	0	0	0	0	0	0	0	0	0	0	0	0	0	0	0	0	0	0	0	0	0	0	0	0	0	0	0	0	0	0	0	0	
0	0	0	0	0	0	0	0	0	0	0	0	0	0	0	0	0	0	0.446797	0.0513657	0	0	0	0	0	0	0	0	0	0	0	0	0	0	0	0	0	0	0	0	0	0	0	0	0	0	0	0	0	0	0	0	0	0	0	0	0	0	0	0	0	0	0	0	0	0	0	0	0	
0	0	0	0	0	0	0	0	0	0	0	0	0	0	0	0	0	0	0	0.432329	0.0262164	0	0	0	0	0	0	0	0	0	0	0	0	0	0	0	0	0	0	0	0	0	0	0	0	0	0	0	0	0	0	0	0	0	0	0	0	0	0	0	0	0	0	0	0	0	0	0	0	
0	0	0	0	0	0	0	0	0	0	0	0	0	0	0	0	0	0	0	0	0.4842	0.0259916	0	0	0	0	0	0	0	0	0	0	0	0	0	0	0	0	0	0	0	0	0	0	0	0	0	0	0	0	0	0	0	0	0	0	0	0	0	0	0	0	0	0	0	0	0	0	0	
0	0	0	0	0	0	0	0	0	0	0	0	0	0	0	0	0	0	0	0	0	0.462222	0.0348973	0	0	0	0	0	0	0	0	0	0	0	0	0	0	0	0	0	0	0	0	0	0	0	0	0	0	0	0	0	0	0	0	0	0	0	0	0	0	0	0	0	0	0	0	0	0	
0	0	0	0	0	0	0	0	0	0	0	0	0	0	0	0	0	0	0	0	0	0	0.413882	0.0537779	0	0	0	0	0	0	0	0	0	0	0	0	0	0	0	0	0	0	0	0	0	0	0	0	0	0	0	0	0	0	0	0	0	0	0	0	0	0	0	0	0	0	0	0	0	
0	0	0	0	0	0	0	0	0	0	0	0	0	0	0	0	0	0	0	0	0	0	0	0.505344	0.0446727	0	0	0	0	0	0	0	0	0	0	0	0	0	0	0	0	0	0	0	0	0	0	0	0	0	0	0	0	0	0	0	0	0	0	0	0	0	0	0	0	0	0	0	0	
0	0	0	0	0	0	0	0	0	0	0	0	0	0	0	0	0	0	0	0	0	0	0	0	0.389257	0.0440344	0	0	0	0	0	0	0	0	0	0	0	0	0	0	0	0	0	0	0	0	0	0	0	0	0	0	0	0	0	0	0	0	0	0	0	0	0	0	0	0	0	0	0	
0	0	0	0	0	0	0	0	0	0	0	0	0	0	0	0	0	0	0	0	0	0	0	0	0	0.329062	0.0482087	0	0	0	0	0	0	0	0	0	0	0	0	0	0	0	0	0	0	0	0	0	0	0	0	0	0	0	0	0	0	0	0	0	0	0	0	0	0	0	0	0	0	
0	0	0	0	0	0	0	0	0	0	0	0	0	0	0	0	0	0	0	0	0	0	0	0	0	0.000112305	0.363642	0.026668	0.00236939	0	0	0	0	0	0	0	0	0	0	0	0	0	0	0	0	0	0	0	0	0	0	0	0	0	0	0	0	0	0	0	0	0	0	0	0	0	0	0	0	
0	0	0	0	0	0	0	0	0	0	0	0	0	0	0	0	0	0	0	0	0	0	0	0	0	0	0.00137089	0.262643	0.106202	0.00386398	1.97049e-06	0	0	0	0	0	0	0	0	0	0	0	0	0	0	0	0	0	0	0	0	0	0	0	0	0	0	0	0	0	0	0	0	0	0	0	0	0	0	
0	0	0	0	0	0	0	0	0	0	0	0	0	0	0	0	0	0	0	0	0	0	0	0	0	0	0	0.00138984	0.283434	0.088325	0.00610008	0	0	0	0	0	0	0	0	0	0	0	0	0	0	0	0	0	0	0	0	0	0	0	0	0	0	0	0	0	0	0	0	0	0	0	0	0	0	
0	0	0	0	0	0	0	0	0	0	0	0	0	0	0	0	0	0	0	0	0	0	0	0	0	0	0	0	0.00223419	0.279754	0.100342	0.000551237	5.15146e-06	0	0	0	0	0	0	0	0	0	0	0	0	0	0	0	0	0	0	0	0	0	0	0	0	0	0	0	0	0	0	0	0	0	0	0	0	
0	0	0	0	0	0	0	0	0	0	0	0	0	0	0	0	0	0	0	0	0	0	0	0	0	0	0	0	0	0.00171718	0.314575	0.0539939	0.0129215	0.000884644	0.000590142	0.000405381	0.000295628	0.000161944	8.25948e-05	3.69573e-05	2.71742e-05	2.93435e-05	6.51678e-06	1.08763e-06	0	0	0	0	0	0	0	0	0	0	0	0	0	0	0	0	0	0	0	0	0	0	0	0	0	
0	0	0	0	0	0	0	0	0	0	0	0	0	0	0	0	0	0	0	0	0	0	0	0	0	0	0	0	0	0	0.00624393	0.2545	0.0864438	0.00913271	0.00750691	0.00605856	0.0049635	0.00368333	0.00278124	0.00218746	0.00138805	0.00154085	0.000894445	0.000255563	3.75864e-05	0	0	0	0	0	0	0	0	0	0	0	0	0	0	0	0	0	0	0	0	0	0	0	0	
0	0	0	0	0	0	0	0	0	0	0	0	0	0	0	0	0	0	0	0	0	0	0	0	0	0	0	0	0	0	5.93043e-06	0.00888525	0.244464	0.0315636	0.018559	0.0147446	0.0133723	0.011176	0.00970021	0.00827477	0.00660315	0.00896813	0.0079015	0.00335178	0.000909764	2.96422e-06	0	0	0	0	0	0	0	0	0	0	0	0	0	0	0	0	0	0	0	0	0	0	0	
0	0	0	0	0	0	0	0	0	0	0	0	0	0	0	0	0	0	0	0	0	0	0	0	0	0	0	0	0	0	0	1.55795e-05	0.0443358	0.111818	0.0785136	0.0357063	0.0196476	0.0166203	0.0139205	0.0129059	0.0101752	0.0159805	0.0166976	0.00937988	0.00301218	3.1224e-05	0	0	0	0	0	0	0	0	0	0	0	0	0	0	0	0	0	0	0	0	0	0	0	
0	0	0	0	0	0	0	0	0	0	0	0	0	0	0	0	0	0	0	0	0	0	0	0	0	0	0	0	0	0	0	0	0.00762214	0.0365318	0.11065	0.0804344	0.0350021	0.0194232	0.0156748	0.0145427	0.0119911	0.0184337	0.0217025	0.0116891	0.00507049	3.18724e-05	0	0	0	0	0	0	0	0	0	0	0	0	0	0	0	0	0	0	0	0	0	0	0	
0	0	0	0	0	0	0	0	0	0	0	0	0	0	0	0	0	0	0	0	0	0	0	0	0	0	0	0	0	0	0	0	0.00167455	0.00586133	0.0353292	0.113694	0.081408	0.0348892	0.0194696	0.0147511	0.0129999	0.021722	0.0243711	0.0156937	0.00685003	0.000152238	0	0	0	0	0	0	0	0	0	0	0	0	0	0	0	0	0	0	0	0	0	0	0	
0	0	0	0	0	0	0	0	0	0	0	0	0	0	0	0	0	0	0	0	0	0	0	0	0	0	0	0	0	0	0	0	0.000433468	0.00128623	0.00592148	0.0371265	0.112115	0.0812674	0.0350631	0.0192127	0.0141754	0.0235209	0.0280809	0.0197673	0.0108095	0.000179239	0	0	0	0	0	0	0	0	0	0	0	0	0	0	0	0	0	0	0	0	0	0	0	
0	0	0	0	0	0	0	0	0	0	0	0	0	0	0	0	0	0	0	0	0	0	0	0	0	0	0	0	0	0	0	0	0.000179426	0.000373849	0.0010915	0.00636991	0.0379485	0.111891	0.0784545	0.0358403	0.0197387	0.0259874	0.0316851	0.0246719	0.0145344	0.000299159	0	0	0	0	0	0	0	0	0	0	0	0	0	0	0	0	0	0	0	0	0	0	0	
0	0	0	0	0	0	0	0	0	0	0	0	0	0	0	0	0	0	0	0	0	0	0	0	0	0	0	0	0	0	0	0	0.000105851	0.000211728	0.00052923	0.00119462	0.00672791	0.0381932	0.110225	0.0801523	0.0333843	0.0322375	0.036999	0.0291501	0.019264	0.000786335	1.51132e-05	0	0	0	0	0	0	0	0	0	0	0	0	0	0	0	0	0	0	0	0	0	0	
0	0	0	0	0	0	0	0	0	0	0	0	0	0	0	0	0	0	0	0	0	0	0	0	0	0	0	0	0	0	0	0	0	4.37657e-05	0.000102077	0.000422902	0.00126864	0.00753888	0.0372695	0.112409	0.0751972	0.0539675	0.0401592	0.0335819	0.0262197	0.00110828	0	0	0	0	0	0	0	0	0	0	0	0	0	0	0	0	0	0	0	0	0	0	0	
0	0	0	0	0	0	0	0	0	0	0	0	0	0	0	0	0	0	0	0	0	0	0	0	0	0	0	0	0	0	0	0	3.13924e-05	1.56561e-05	4.69821e-05	0.00010982	0.000627437	0.00175663	0.00744907	0.0404915	0.106182	0.108909	0.0499784	0.0393314	0.0331197	0.00133291	1.56801e-05	0	0	0	0	0	0	0	0	0	0	0	0	0	0	0	0	0	0	0	0	0	0	
0	0	0	0	0	0	0	0	0	0	0	0	0	0	0	0	0	0	0	0	0	0	0	0	0	0	0	0	0	0	0	0	0	0	1.64763e-05	6.59781e-05	0.000173228	0.000346476	0.00144357	0.00579896	0.0252574	0.156791	0.105436	0.0459042	0.0450294	0.00321722	6.59754e-05	0	0	0	0	0	0	0	0	0	0	0	0	0	0	0	0	0	0	0	0	0	0	
0	0	0	0	0	0	0	0	0	0	0	0	0	0	0	0	0	0	0	0	0	0	0	0	0	0	0	0	0	0	0	0	0	0	0	5.23377e-06	1.57057e-05	7.85136e-05	0.000183287	0.000466022	0.00129327	0.0214627	0.196207	0.0951607	0.0671575	0.00760829	0.000146608	0	0	0	0	0	0	0	0	0	0	0	0	0	0	0	0	0	0	0	0	0	0	
0	0	0	0	0	0	0	0	0	0	0	0	0	0	0	0	0	0	0	0	0	0	0	0	0	0	0	0	0	0	0	0	0	0	0	0	0	4.08418e-06	8.16174e-06	3.6771e-05	7.35604e-05	0.000535355	0.0196222	0.21358	0.135176	0.0200762	0.00096438	1.63608e-05	0	0	0	0	0	0	0	0	0	0	0	0	0	0	0	0	0	0	0	0	0	
0	0	0	0	0	0	0	0	0	0	0	0	0	0	0	0	0	0	0	0	0	0	0	0	0	0	0	0	0	0	0	0	0	0	0	0	0	0	1.55968e-06	1.5614e-06	1.55726e-06	7.80553e-06	0.000195018	0.00835838	0.285462	0.0841035	0.0117484	0.000658319	7.95602e-05	1.4028e-05	1.56047e-06	0	0	0	0	0	0	0	0	0	0	0	0	0	0	0	0	0	0	
0	0	0	0	0	0	0	0	0	0	0	0	0	0	0	0	0	0	0	0	0	0	0	0	0	0	0	0	0	0	0	0	0	0	0	0	0	0	0	0	0	0	0	4.55295e-06	0.0115611	0.284344	0.0813495	0.0107031	0.00221992	0.000679307	0.000285082	0.00013193	2.72942e-05	1.51773e-06	0	0	0	0	0	0	0	0	0	0	0	0	0	0	0	
0	0	0	0	0	0	0	0	0	0	0	0	0	0	0	0	0	0	0	0	0	0	0	0	0	0	0	0	0	0	0	0	0	0	0	0	0	0	0	0	0	0	0	0	2.09896e-05	0.0145089	0.281543	0.0635486	0.0167272	0.00677877	0.00431338	0.00309553	0.00105135	0.00028047	2.25007e-05	0	0	0	0	0	0	0	0	0	0	0	0	0	0	
0	0	0	0	0	0	0	0	0	0	0	0	0	0	0	0	0	0	0	0	0	0	0	0	0	0	0	0	0	0	0	0	0	0	0	0	0	0	0	0	0	0	0	0	0	9.28748e-05	0.029987	0.236451	0.0673074	0.0206207	0.0153664	0.0138576	0.00600761	0.00230949	0.000278639	2.00794e-05	0	0	0	0	0	0	0	0	0	0	0	0	0	
0	0	0	0	0	0	0	0	0	0	0	0	0	0	0	0	0	0	0	0	0	0	0	0	0	0	0	0	0	0	0	0	0	0	0	0	0	0	0	0	0	0	0	0	0	1.11717e-05	0.00206141	0.0439121	0.197603	0.0700431	0.0294116	0.0272048	0.0140195	0.00704896	0.00108852	9.69592e-05	3.73126e-06	3.72242e-06	0	0	0	0	0	0	0	0	0	0	0	
0	0	0	0	0	0	0	0	0	0	0	0	0	0	0	0	0	0	0	0	0	0	0	0	0	0	0	0	0	0	0	0	0	0	0	0	0	0	0	0	0	0	0	0	0	0	0.000514045	0.00668386	0.0556053	0.161032	0.0852117	0.0431555	0.0242282	0.0133989	0.00252873	0.00025699	0	5.24152e-06	0	0	0	0	0	0	0	0	0	0	0	
0	0	0	0	0	0	0	0	0	0	0	0	0	0	0	0	0	0	0	0	0	0	0	0	0	0	0	0	0	0	0	0	0	0	0	0	0	0	0	0	0	0	0	0	0	0	0.000177296	0.00243867	0.0109042	0.049213	0.16434	0.104046	0.0346336	0.0214063	0.00493006	0.000584526	3.35486e-05	4.7847e-06	0	0	0	0	0	0	0	0	0	0	0	
0	0	0	0	0	0	0	0	0	0	0	0	0	0	0	0	0	0	0	0	0	0	0	0	0	0	0	0	0	0	0	0	0	0	0	0	0	0	0	0	0	0	0	0	0	0	4.88075e-05	0.000643184	0.00273637	0.00693996	0.0363992	0.210517	0.0856998	0.0367124	0.011468	0.00160785	7.4668e-05	0	0	0	0	0	0	0	0	0	0	0	0	
0	0	0	0	0	0	0	0	0	0	0	0	0	0	0	0	0	0	0	0	0	0	0	0	0	0	0	0	0	0	0	0	0	0	0	0	0	0	0	0	0	0	0	0	0	0	2.36888e-06	0.000116059	0.000535211	0.00137132	0.00373252	0.0405575	0.217832	0.0977132	0.0259303	0.00492181	0.000284202	3.55402e-05	7.11171e-06	0	0	0	0	0	0	0	0	0	0	
0	0	0	0	0	0	0	0	0	0	0	0	0	0	0	0	0	0	0	0	0	0	0	0	0	0	0	0	0	0	0	0	0	0	0	0	0	0	0	0	0	0	0	0	0	0	0	6.51866e-06	5.99582e-05	0.000159028	0.000533187	0.00363827	0.0305247	0.252818	0.0850581	0.018431	0.00168692	0.000299867	7.30123e-05	2.2157e-05	7.82119e-06	0	0	0	0	0	0	0	0	
0	0	0	0	0	0	0	0	0	0	0	0	0	0	0	0	0	0	0	0	0	0	0	0	0	0	0	0	0	0	0	0	0	0	0	0	0	0	0	0	0	0	0	0	0	0	0	0	3.95703e-06	1.18608e-05	3.16314e-05	0.000273617	0.00184564	0.0313836	0.26545	0.0822954	0.00928807	0.00217078	0.000621577	0.000238038	9.09404e-05	2.53084e-05	3.16454e-06	1.57972e-06	3.16412e-06	0	0	0	0	
0	0	0	0	0	0	0	0	0	0	0	0	0	0	0	0	0	0	0	0	0	0	0	0	0	0	0	0	0	0	0	0	0	0	0	0	0	0	0	0	0	0	0	0	0	0	0	0	0	4.00384e-07	1.60258e-06	1.08143e-05	0.000100913	0.00167717	0.0295912	0.281822	0.0587786	0.0131249	0.0048997	0.00230505	0.00121217	0.000490578	0.000164589	7.72851e-05	3.20391e-05	1.24105e-05	2.80327e-06	0	0	
0	0	0	0	0	0	0	0	0	0	0	0	0	0	0	0	0	0	0	0	0	0	0	0	0	0	0	0	0	0	0	0	0	0	0	0	0	0	0	0	0	0	0	0	0	0	0	0	0	0	0	4.52904e-07	4.9886e-06	0.000121547	0.00259677	0.0567909	0.233134	0.0663263	0.0169639	0.00919407	0.00539175	0.00254594	0.000942991	0.000503021	0.000241319	9.66136e-05	2.53976e-05	8.16709e-06	4.53165e-07	
0	0	0	0	0	0	0	0	0	0	0	0	0	0	0	0	0	0	0	0	0	0	0	0	0	0	0	0	0	0	0	0	0	0	0	0	0	0	0	0	0	0	0	0	0	0	0	0	0	0	0	0	5.27574e-07	2.43229e-05	0.000601725	0.0122443	0.0683868	0.200417	0.066884	0.0221733	0.0127418	0.00639727	0.00260575	0.00156247	0.000806859	0.000366935	0.000126369	1.90378e-05	3.17219e-06	
0	0	0	0	0	0	0	0	0	0	0	0	0	0	0	0	0	0	0	0	0	0	0	0	0	0	0	0	0	0	0	0	0	0	0	0	0	0	0	0	0	0	0	0	0	0	0	0	0	0	0	0	0	4.36836e-06	0.000187183	0.00516199	0.0193601	0.0759862	0.170205	0.0746973	0.0258987	0.0122289	0.00545773	0.00337509	0.00190117	0.000909749	0.000355668	0.000103584	1.18582e-05	
0	0	0	0	0	0	0	0	0	0	0	0	0	0	0	0	0	0	0	0	0	0	0	0	0	0	0	0	0	0	0	0	0	0	0	0	0	0	0	0	0	0	0	0	0	0	0	0	0	0	0	0	0	6.22725e-07	7.29985e-05	0.00238645	0.00973435	0.02338	0.0706102	0.16641	0.0786389	0.0226398	0.00958835	0.00619102	0.00365424	0.00186976	0.000804826	0.000235203	3.05674e-05	
0	0	0	0	0	0	0	0	0	0	0	0	0	0	0	0	0	0	0	0	0	0	0	0	0	0	0	0	0	0	0	0	0	0	0	0	0	0	0	0	0	0	0	0	0	0	0	0	0	0	0	0	0	0	2.36962e-05	0.00103404	0.00486504	0.011327	0.0207777	0.0680638	0.175406	0.0724563	0.0188361	0.011082	0.00681579	0.00376044	0.00170974	0.000544499	8.61217e-05	
0	0	0	0	0	0	0	0	0	0	0	0	0	0	0	0	0	0	0	0	0	0	0	0	0	0	0	0	0	0	0	0	0	0	0	0	0	0	0	0	0	0	0	0	0	0	0	0	0	0	0	0	0	0	6.8848e-06	0.000386198	0.00234226	0.00606471	0.0101783	0.0202638	0.075203	0.170995	0.063325	0.023909	0.0125774	0.00716634	0.00355656	0.00130133	0.000204682	
0	0	0	0	0	0	0	0	0	0	0	0	0	0	0	0	0	0	0	0	0	0	0	0	0	0	0	0	0	0	0	0	0	0	0	0	0	0	0	0	0	0	0	0	0	0	0	0	0	0	0	0	0	0	2.6168e-06	0.000193528	0.00112879	0.0033281	0.00601557	0.0111698	0.0252025	0.0846277	0.14512	0.0744659	0.0253519	0.0123989	0.00646171	0.00241896	0.000488174	
0	0	0	0	0	0	0	0	0	0	0	0	0	0	0	0	0	0	0	0	0	0	0	0	0	0	0	0	0	0	0	0	0	0	0	0	0	0	0	0	0	0	0	0	0	0	0	0	0	0	0	0	0	0	8.93335e-07	9.74269e-05	0.000597105	0.00192798	0.00365128	0.00698538	0.0148099	0.0315343	0.0732226	0.153898	0.0735179	0.0229204	0.0106501	0.00447446	0.00092956	
0	0	0	0	0	0	0	0	0	0	0	0	0	0	0	0	0	0	0	0	0	0	0	0	0	0	0	0	0	0	0	0	0	0	0	0	0	0	0	0	0	0	0	0	0	0	0	0	0	0	0	0	0	0	0	2.82619e-05	0.000272888	0.000983325	0.00199386	0.00414191	0.00907821	0.0164234	0.0250189	0.0745122	0.164838	0.0721799	0.020566	0.0083598	0.00206217	
0	0	0	0	0	0	0	0	0	0	0	0	0	0	0	0	0	0	0	0	0	0	0	0	0	0	0	0	0	0	0	0	0	0	0	0	0	0	0	0	0	0	0	0	0	0	0	0	0	0	0	0	0	0	0	7.79769e-06	0.000127006	0.000426673	0.000996003	0.0022883	0.00537215	0.0099877	0.0131002	0.0249352	0.0773151	0.178457	0.068307	0.0170797	0.00411308	
0	0	0	0	0	0	0	0	0	0	0	0	0	0	0	0	0	0	0	0	0	0	0	0	0	0	0	0	0	0	0	0	0	0	0	0	0	0	0	0	0	0	0	0	0	0	0	0	0	0	0	0	0	0	0	7.03213e-06	4.49615e-05	0.000198181	0.000459579	0.00102889	0.00275637	0.00556596	0.0077897	0.0135889	0.025397	0.0804751	0.196587	0.0619584	0.0102252	
0	0	0	0	0	0	0	0	0	0	0	0	0	0	0	0	0	0	0	0	0	0	0	0	0	0	0	0	0	0	0	0	0	0	0	0	0	0	0	0	0	0	0	0	0	0	0	0	0	0	0	0	0	0	0	0	1.12997e-05	7.46244e-05	0.000162804	0.000411625	0.00137269	0.00283793	0.00405477	0.0078899	0.014161	0.0274403	0.0903644	0.221536	0.0440298	
0	0	0	0	0	0	0	0	0	0	0	0	0	0	0	0	0	0	0	0	0	0	0	0	0	0	0	0	0	0	0	0	0	0	0	0	0	0	0	0	0	0	0	0	0	0	0	0	0	0	0	0	0	0	0	0	7.59919e-06	0	4.56096e-05	0.000136816	0.00047879	0.00133	0.00205189	0.00415693	0.00845857	0.0183612	0.0359307	0.122696	0.251891	  ); 
P1 ( 
0.0798627	-0.00278755	0.000418868	0.000435114	0.00023812	6.0847e-05	4.2694e-05	-2.79505e-05	-1.57137e-05	3.00919e-06	-1.22033e-05	-6.21359e-07	1.07227e-06	-2.52862e-06	1.40382e-06	-1.98576e-07	-6.7566e-07	2.4054e-08	1.91994e-06	1.0464e-06	-1.53236e-07	0	0	0	0	0	0	0	0	0	0	0	0	0	0	0	0	0	0	0	0	0	0	0	0	0	0	0	0	0	0	0	0	0	0	0	0	0	0	0	0	0	0	0	0	0	0	0	0	
0	0.113423	-0.00238978	0.000121792	0.00026383	0.000131826	5.21688e-05	-3.76126e-05	-8.95695e-06	-1.55715e-07	-4.39641e-06	-1.88973e-06	-6.07514e-06	7.16357e-07	-2.70622e-06	-2.67459e-07	-4.44432e-07	3.52182e-07	1.1168e-07	-2.12566e-07	4.66265e-07	2.05439e-07	0	0	0	0	0	0	0	0	0	0	0	0	0	0	0	0	0	0	0	0	0	0	0	0	0	0	0	0	0	0	0	0	0	0	0	0	0	0	0	0	0	0	0	0	0	0	0	
0	0	0.0883571	-0.0022939	0.000122153	6.62207e-05	8.43631e-05	6.43368e-06	4.34494e-06	-2.28977e-06	-2.8613e-06	5.53441e-06	-3.6518e-07	6.8438e-07	-5.15069e-07	9.9258e-07	-4.30961e-08	-4.47141e-07	-4.92274e-07	-2.22777e-08	1.97362e-07	4.76184e-08	0	0	0	0	0	0	0	0	0	0	0	0	0	0	0	0	0	0	0	0	0	0	0	0	0	0	0	0	0	0	0	0	0	0	0	0	0	0	0	0	0	0	0	0	0	0	0	
0	0	0	0.0703995	-0.00507652	0.000121498	5.76103e-05	-1.68756e-05	-4.36665e-07	-1.52942e-06	1.51711e-07	-7.6796e-07	1.69668e-06	-4.63541e-08	1.34367e-07	-2.78552e-07	1.56898e-07	-1.88319e-07	1.08584e-07	-9.84998e-08	-1.11609e-07	8.49205e-08	4.5002e-09	0	0	0	0	0	0	0	0	0	0	0	0	0	0	0	0	0	0	0	0	0	0	0	0	0	0	0	0	0	0	0	0	0	0	0	0	0	0	0	0	0	0	0	0	0	0	
0	0	0	0	0.0821194	-0.0196884	4.15565e-05	3.19944e-05	-3.5092e-05	-9.4602e-06	4.77081e-06	-1.887e-06	9.53135e-08	-9.47067e-07	8.77681e-07	-1.22251e-06	-3.03798e-07	-2.46728e-07	2.96998e-07	-3.9247e-08	0	0	0	0	0	0	0	0	0	0	0	0	0	0	0	0	0	0	0	0	0	0	0	0	0	0	0	0	0	0	0	0	0	0	0	0	0	0	0	0	0	0	0	0	0	0	0	0	0	
0	0	0	0	0	0.0860283	-0.000264429	-3.71879e-06	2.45945e-05	-1.24391e-05	-6.14242e-06	2.5157e-06	-6.36473e-07	-1.15982e-07	7.6474e-09	1.21167e-07	1.2641e-07	-2.66122e-07	-4.35941e-08	-7.01509e-08	0	0	0	0	0	0	0	0	0	0	0	0	0	0	0	0	0	0	0	0	0	0	0	0	0	0	0	0	0	0	0	0	0	0	0	0	0	0	0	0	0	0	0	0	0	0	0	0	0	
0	0	0	0	0	0	0.108766	-0.0242329	3.61896e-07	1.15946e-06	-4.61001e-08	3.39287e-07	2.71633e-07	-4.54814e-08	-2.80785e-07	2.91338e-07	-7.25386e-08	0	0	0	0	0	0	0	0	0	0	0	0	0	0	0	0	0	0	0	0	0	0	0	0	0	0	0	0	0	0	0	0	0	0	0	0	0	0	0	0	0	0	0	0	0	0	0	0	0	0	0	0	
0	0	0	0	0	0	0	0.0461328	-0.0139668	9.26559e-06	2.75831e-06	-1.27439e-06	-1.17965e-06	-3.56884e-07	-2.84364e-07	0	0	0	0	0	0	0	0	0	0	0	0	0	0	0	0	0	0	0	0	0	0	0	0	0	0	0	0	0	0	0	0	0	0	0	0	0	0	0	0	0	0	0	0	0	0	0	0	0	0	0	0	0	0	
0	0	0	0	0	0	0	0	0.0450163	-0.0140671	-3.86319e-05	3.91781e-07	4.53573e-07	6.33846e-08	-4.71213e-07	-1.4167e-07	5.20659e-08	0	-1.94044e-07	0	0	0	0	0	0	0	0	0	0	0	0	0	0	0	0	0	0	0	0	0	0	0	0	0	0	0	0	0	0	0	0	0	0	0	0	0	0	0	0	0	0	0	0	0	0	0	0	0	0	
0	0	0	0	0	0	0	0	0	0.0392447	-0.0144005	1.31104e-05	-7.71829e-06	3.27413e-07	-2.63359e-07	-2.26233e-07	0	0	0	0	0	0	0	0	0	0	0	0	0	0	0	0	0	0	0	0	0	0	0	0	0	0	0	0	0	0	0	0	0	0	0	0	0	0	0	0	0	0	0	0	0	0	0	0	0	0	0	0	0	
0	0	0	0	0	0	0	0	0	0	0.0334429	-0.0139505	2.40976e-05	8.2998e-06	8.24743e-07	-3.88492e-06	2.28541e-06	-1.84144e-09	-1.42778e-07	1.30981e-06	2.3377e-07	0	0	0	0	0	0	0	0	0	0	0	0	0	0	0	0	0	0	0	0	0	0	0	0	0	0	0	0	0	0	0	0	0	0	0	0	0	0	0	0	0	0	0	0	0	0	0	0	
0	0	0	0	0	0	0	0	0	0	0	0.0303265	-0.0148294	-7.86241e-07	0	0	0	0	0	0	0	0	0	0	0	0	0	0	0	0	0	0	0	0	0	0	0	0	0	0	0	0	0	0	0	0	0	0	0	0	0	0	0	0	0	0	0	0	0	0	0	0	0	0	0	0	0	0	0	
0	0	0	0	0	0	0	0	0	0	0	0	0.0269701	-0.0145456	-2.96137e-07	-2.90645e-07	-4.81755e-07	0	0	0	0	0	0	0	0	0	0	0	0	0	0	0	0	0	0	0	0	0	0	0	0	0	0	0	0	0	0	0	0	0	0	0	0	0	0	0	0	0	0	0	0	0	0	0	0	0	0	0	0	
0	0	0	0	0	0	0	0	0	0	0	0	0	0.0253255	-0.0144917	0	0	0	0	0	0	0	0	0	0	0	0	0	0	0	0	0	0	0	0	0	0	0	0	0	0	0	0	0	0	0	0	0	0	0	0	0	0	0	0	0	0	0	0	0	0	0	0	0	0	0	0	0	0	
0	0	0	0	0	0	0	0	0	0	0	0	0	0	0.0241548	-0.0144675	0	0	0	0	0	0	0	0	0	0	0	0	0	0	0	0	0	0	0	0	0	0	0	0	0	0	0	0	0	0	0	0	0	0	0	0	0	0	0	0	0	0	0	0	0	0	0	0	0	0	0	0	0	
0	0	0	0	0	0	0	0	0	0	0	0	0	0	0	0.0250826	-0.0160638	0	0	0	0	0	0	0	0	0	0	0	0	0	0	0	0	0	0	0	0	0	0	0	0	0	0	0	0	0	0	0	0	0	0	0	0	0	0	0	0	0	0	0	0	0	0	0	0	0	0	0	0	
0	0	0	0	0	0	0	0	0	0	0	0	0	0	0	0	0.0256347	-0.0169194	0	0	0	0	0	0	0	0	0	0	0	0	0	0	0	0	0	0	0	0	0	0	0	0	0	0	0	0	0	0	0	0	0	0	0	0	0	0	0	0	0	0	0	0	0	0	0	0	0	0	0	
0	0	0	0	0	0	0	0	0	0	0	0	0	0	0	0	0	0.0247409	-0.0161694	0	0	0	0	0	0	0	0	0	0	0	0	0	0	0	0	0	0	0	0	0	0	0	0	0	0	0	0	0	0	0	0	0	0	0	0	0	0	0	0	0	0	0	0	0	0	0	0	0	0	
0	0	0	0	0	0	0	0	0	0	0	0	0	0	0	0	0	0	0.023935	-0.0156475	0	0	0	0	0	0	0	0	0	0	0	0	0	0	0	0	0	0	0	0	0	0	0	0	0	0	0	0	0	0	0	0	0	0	0	0	0	0	0	0	0	0	0	0	0	0	0	0	0	
0	0	0	0	0	0	0	0	0	0	0	0	0	0	0	0	0	0	0	0.0159013	-0.00798656	0	0	0	0	0	0	0	0	0	0	0	0	0	0	0	0	0	0	0	0	0	0	0	0	0	0	0	0	0	0	0	0	0	0	0	0	0	0	0	0	0	0	0	0	0	0	0	0	
0	0	0	0	0	0	0	0	0	0	0	0	0	0	0	0	0	0	0	0	0.016492	-0.00797068	0	0	0	0	0	0	0	0	0	0	0	0	0	0	0	0	0	0	0	0	0	0	0	0	0	0	0	0	0	0	0	0	0	0	0	0	0	0	0	0	0	0	0	0	0	0	0	
0	0	0	0	0	0	0	0	0	0	0	0	0	0	0	0	0	0	0	0	0	0.0189856	-0.0107343	0	0	0	0	0	0	0	0	0	0	0	0	0	0	0	0	0	0	0	0	0	0	0	0	0	0	0	0	0	0	0	0	0	0	0	0	0	0	0	0	0	0	0	0	0	0	
0	0	0	0	0	0	0	0	0	0	0	0	0	0	0	0	0	0	0	0	0	0	0.0247912	-0.0165512	0	0	0	0	0	0	0	0	0	0	0	0	0	0	0	0	0	0	0	0	0	0	0	0	0	0	0	0	0	0	0	0	0	0	0	0	0	0	0	0	0	0	0	0	0	
0	0	0	0	0	0	0	0	0	0	0	0	0	0	0	0	0	0	0	0	0	0	0	0.0214433	-0.0134498	0	0	0	0	0	0	0	0	0	0	0	0	0	0	0	0	0	0	0	0	0	0	0	0	0	0	0	0	0	0	0	0	0	0	0	0	0	0	0	0	0	0	0	0	
0	0	0	0	0	0	0	0	0	0	0	0	0	0	0	0	0	0	0	0	0	0	0	0	0.0209739	-0.0132213	0	0	0	0	0	0	0	0	0	0	0	0	0	0	0	0	0	0	0	0	0	0	0	0	0	0	0	0	0	0	0	0	0	0	0	0	0	0	0	0	0	0	0	
0	0	0	0	0	0	0	0	0	0	0	0	0	0	0	0	0	0	0	0	0	0	0	0	0	0.0222589	-0.0147005	0	0	0	0	0	0	0	0	0	0	0	0	0	0	0	0	0	0	0	0	0	0	0	0	0	0	0	0	0	0	0	0	0	0	0	0	0	0	0	0	0	0	
0	0	0	0	0	0	0	0	0	0	0	0	0	0	0	0	0	0	0	0	0	0	0	0	0	2.95372e-05	0.0164929	-0.00698515	-0.00170364	0	0	0	0	0	0	0	0	0	0	0	0	0	0	0	0	0	0	0	0	0	0	0	0	0	0	0	0	0	0	0	0	0	0	0	0	0	0	0	0	
0	0	0	0	0	0	0	0	0	0	0	0	0	0	0	0	0	0	0	0	0	0	0	0	0	0	0.000155159	0.0366319	-0.0262483	-0.00294196	-1.93893e-06	0	0	0	0	0	0	0	0	0	0	0	0	0	0	0	0	0	0	0	0	0	0	0	0	0	0	0	0	0	0	0	0	0	0	0	0	0	0	
0	0	0	0	0	0	0	0	0	0	0	0	0	0	0	0	0	0	0	0	0	0	0	0	0	0	0	0.000114608	0.0339288	-0.0228222	-0.00432741	0	0	0	0	0	0	0	0	0	0	0	0	0	0	0	0	0	0	0	0	0	0	0	0	0	0	0	0	0	0	0	0	0	0	0	0	0	0	
0	0	0	0	0	0	0	0	0	0	0	0	0	0	0	0	0	0	0	0	0	0	0	0	0	0	0	0	0.000190263	0.0355184	-0.0267222	-0.000447152	-4.3154e-06	0	0	0	0	0	0	0	0	0	0	0	0	0	0	0	0	0	0	0	0	0	0	0	0	0	0	0	0	0	0	0	0	0	0	0	0	
0	0	0	0	0	0	0	0	0	0	0	0	0	0	0	0	0	0	0	0	0	0	0	0	0	0	0	0	0	0.000132395	0.0276646	-0.0115173	-0.0070087	-0.000607537	-0.000415958	-0.000295241	-0.00022571	-0.000127425	-6.38229e-05	-2.95614e-05	-2.37906e-05	-2.40844e-05	-5.08531e-06	-1.08573e-06	0	0	0	0	0	0	0	0	0	0	0	0	0	0	0	0	0	0	0	0	0	0	0	0	0	
0	0	0	0	0	0	0	0	0	0	0	0	0	0	0	0	0	0	0	0	0	0	0	0	0	0	0	0	0	0	0.000457743	0.0348703	-0.00674187	-0.0031014	-0.00315507	-0.00293337	-0.00264541	-0.00212534	-0.00176369	-0.00142226	-0.00096685	-0.0011403	-0.000670788	-0.000203327	-3.18021e-05	0	0	0	0	0	0	0	0	0	0	0	0	0	0	0	0	0	0	0	0	0	0	0	0	
0	0	0	0	0	0	0	0	0	0	0	0	0	0	0	0	0	0	0	0	0	0	0	0	0	0	0	0	0	0	-8.04373e-08	0.000555077	0.0337618	0.000541932	-0.000359278	-0.000655784	-0.00179662	-0.00245442	-0.00294507	-0.0031767	-0.00289646	-0.00464397	-0.00476406	-0.00235161	-0.000702897	-2.94867e-06	0	0	0	0	0	0	0	0	0	0	0	0	0	0	0	0	0	0	0	0	0	0	0	
0	0	0	0	0	0	0	0	0	0	0	0	0	0	0	0	0	0	0	0	0	0	0	0	0	0	0	0	0	0	0	9.03843e-06	0.00305315	0.0278353	0.00429178	-0.00235333	0.00105547	0.000891911	-0.00037331	-0.00208971	-0.00227877	-0.00589897	-0.00807169	-0.00588934	-0.00224958	-2.61877e-05	0	0	0	0	0	0	0	0	0	0	0	0	0	0	0	0	0	0	0	0	0	0	0	
0	0	0	0	0	0	0	0	0	0	0	0	0	0	0	0	0	0	0	0	0	0	0	0	0	0	0	0	0	0	0	0	-0.000259904	0.00318322	0.0293873	0.00272706	-0.00142694	0.00108039	0.000531575	-0.000943066	-0.00206384	-0.00501853	-0.00915111	-0.00676507	-0.00363182	-2.54792e-05	0	0	0	0	0	0	0	0	0	0	0	0	0	0	0	0	0	0	0	0	0	0	0	
0	0	0	0	0	0	0	0	0	0	0	0	0	0	0	0	0	0	0	0	0	0	0	0	0	0	0	0	0	0	0	0	2.29508e-05	-0.000425441	0.00289905	0.0285727	0.0032194	-0.0012051	0.00172807	0.00102202	-0.00065501	-0.00402322	-0.00874395	-0.00837566	-0.00481783	-0.00012171	0	0	0	0	0	0	0	0	0	0	0	0	0	0	0	0	0	0	0	0	0	0	0	
0	0	0	0	0	0	0	0	0	0	0	0	0	0	0	0	0	0	0	0	0	0	0	0	0	0	0	0	0	0	0	0	5.20329e-05	4.42912e-05	-0.000255908	0.003242	0.0292324	0.00309776	-0.00144868	0.000798933	0.000718865	-0.00199698	-0.00768328	-0.00935942	-0.00715794	-0.000131719	0	0	0	0	0	0	0	0	0	0	0	0	0	0	0	0	0	0	0	0	0	0	0	
0	0	0	0	0	0	0	0	0	0	0	0	0	0	0	0	0	0	0	0	0	0	0	0	0	0	0	0	0	0	0	0	8.27384e-06	0.000135709	-1.62782e-05	-0.000187248	0.00253397	0.0289733	0.00391583	-0.00128267	0.000714498	0.000603483	-0.00640466	-0.0106125	-0.00928185	-0.000241445	0	0	0	0	0	0	0	0	0	0	0	0	0	0	0	0	0	0	0	0	0	0	0	
0	0	0	0	0	0	0	0	0	0	0	0	0	0	0	0	0	0	0	0	0	0	0	0	0	0	0	0	0	0	0	0	-2.95711e-05	9.02379e-07	2.3407e-05	1.00256e-05	-0.000490284	0.00263401	0.0279105	0.00302508	-0.00184741	0.00114562	-0.00384309	-0.0103282	-0.0112652	-0.000626076	-1.32066e-05	0	0	0	0	0	0	0	0	0	0	0	0	0	0	0	0	0	0	0	0	0	0	
0	0	0	0	0	0	0	0	0	0	0	0	0	0	0	0	0	0	0	0	0	0	0	0	0	0	0	0	0	0	0	0	0	-4.81955e-06	2.88785e-06	3.90269e-05	0.000255763	-0.000474046	0.00289758	0.0285603	0.00377809	-0.00130317	-0.000500778	-0.00956113	-0.0148089	-0.000895689	0	0	0	0	0	0	0	0	0	0	0	0	0	0	0	0	0	0	0	0	0	0	0	
0	0	0	0	0	0	0	0	0	0	0	0	0	0	0	0	0	0	0	0	0	0	0	0	0	0	0	0	0	0	0	0	-1.6495e-05	3.42128e-06	-2.9045e-05	-3.26643e-05	0.000122675	9.52015e-05	-0.000590848	0.00430284	0.0257432	0.00247962	0.00151253	-0.00771734	-0.0169702	-0.00104586	-1.3062e-05	0	0	0	0	0	0	0	0	0	0	0	0	0	0	0	0	0	0	0	0	0	0	
0	0	0	0	0	0	0	0	0	0	0	0	0	0	0	0	0	0	0	0	0	0	0	0	0	0	0	0	0	0	0	0	0	0	-9.46506e-06	-1.35715e-06	3.52672e-06	-5.87083e-06	9.12115e-05	-0.000267331	0.00163638	0.0311662	0.00127491	-0.00373216	-0.0199971	-0.00234921	-6.00911e-05	0	0	0	0	0	0	0	0	0	0	0	0	0	0	0	0	0	0	0	0	0	0	
0	0	0	0	0	0	0	0	0	0	0	0	0	0	0	0	0	0	0	0	0	0	0	0	0	0	0	0	0	0	0	0	0	0	0	-5.16345e-06	-3.80119e-06	-2.07491e-05	-1.17597e-05	2.8787e-05	1.92982e-05	0.00080478	0.0321195	0.00123168	-0.0199782	-0.0050843	-0.000124435	0	0	0	0	0	0	0	0	0	0	0	0	0	0	0	0	0	0	0	0	0	0	
0	0	0	0	0	0	0	0	0	0	0	0	0	0	0	0	0	0	0	0	0	0	0	0	0	0	0	0	0	0	0	0	0	0	0	0	0	-3.45338e-06	-4.37275e-06	-4.55983e-06	2.47201e-06	-4.03171e-05	0.000463988	0.0297899	-0.0131064	-0.0113035	-0.000738086	-1.51898e-05	0	0	0	0	0	0	0	0	0	0	0	0	0	0	0	0	0	0	0	0	0	
0	0	0	0	0	0	0	0	0	0	0	0	0	0	0	0	0	0	0	0	0	0	0	0	0	0	0	0	0	0	0	0	0	0	0	0	0	0	-6.73678e-07	-5.68918e-07	-1.43758e-06	-1.56329e-06	-2.11261e-05	0.000272606	0.030169	-0.0151834	-0.00663942	-0.000479763	-6.38327e-05	-1.16128e-05	-1.39798e-06	0	0	0	0	0	0	0	0	0	0	0	0	0	0	0	0	0	0	
0	0	0	0	0	0	0	0	0	0	0	0	0	0	0	0	0	0	0	0	0	0	0	0	0	0	0	0	0	0	0	0	0	0	0	0	0	0	0	0	0	0	0	-1.46628e-06	-8.50954e-05	0.0294184	-0.0136401	-0.00542781	-0.00141183	-0.00045895	-0.000206641	-9.85777e-05	-2.19402e-05	-1.17812e-06	0	0	0	0	0	0	0	0	0	0	0	0	0	0	0	
0	0	0	0	0	0	0	0	0	0	0	0	0	0	0	0	0	0	0	0	0	0	0	0	0	0	0	0	0	0	0	0	0	0	0	0	0	0	0	0	0	0	0	0	-8.80983e-06	-0.000235047	0.028825	-0.00716731	-0.00525395	-0.0030355	-0.00229389	-0.00187756	-0.000723298	-0.00021003	-1.88412e-05	0	0	0	0	0	0	0	0	0	0	0	0	0	0	
0	0	0	0	0	0	0	0	0	0	0	0	0	0	0	0	0	0	0	0	0	0	0	0	0	0	0	0	0	0	0	0	0	0	0	0	0	0	0	0	0	0	0	0	0	-4.25145e-05	-0.000612601	0.0307532	-0.00225042	-0.00299686	-0.00431064	-0.005677	-0.00340768	-0.00152265	-0.000212142	-1.4891e-05	0	0	0	0	0	0	0	0	0	0	0	0	0	
0	0	0	0	0	0	0	0	0	0	0	0	0	0	0	0	0	0	0	0	0	0	0	0	0	0	0	0	0	0	0	0	0	0	0	0	0	0	0	0	0	0	0	0	0	-9.32949e-06	-0.00047294	-8.65049e-05	0.0310865	-0.0013702	-0.00206839	-0.00612882	-0.00581248	-0.00403588	-0.000757636	-7.83003e-05	-2.96751e-06	-2.61357e-06	0	0	0	0	0	0	0	0	0	0	0	
0	0	0	0	0	0	0	0	0	0	0	0	0	0	0	0	0	0	0	0	0	0	0	0	0	0	0	0	0	0	0	0	0	0	0	0	0	0	0	0	0	0	0	0	0	0	-0.000195047	-0.000870683	0.000197889	0.0298318	-0.000783606	-0.00390522	-0.00692375	-0.00647486	-0.00167857	-0.000200906	0	-4.5819e-06	0	0	0	0	0	0	0	0	0	0	0	
0	0	0	0	0	0	0	0	0	0	0	0	0	0	0	0	0	0	0	0	0	0	0	0	0	0	0	0	0	0	0	0	0	0	0	0	0	0	0	0	0	0	0	0	0	0	-9.49459e-05	-0.000624038	-0.000801009	0.000266447	0.0299674	-0.00238385	-0.00572131	-0.00837178	-0.00296594	-0.000433248	-2.87903e-05	-3.78725e-06	0	0	0	0	0	0	0	0	0	0	0	
0	0	0	0	0	0	0	0	0	0	0	0	0	0	0	0	0	0	0	0	0	0	0	0	0	0	0	0	0	0	0	0	0	0	0	0	0	0	0	0	0	0	0	0	0	0	-3.01175e-05	-0.000192854	-0.000548963	-0.000567664	-0.000196808	0.0282674	-0.00384165	-0.00887644	-0.00573303	-0.00106879	-5.60759e-05	0	0	0	0	0	0	0	0	0	0	0	0	
0	0	0	0	0	0	0	0	0	0	0	0	0	0	0	0	0	0	0	0	0	0	0	0	0	0	0	0	0	0	0	0	0	0	0	0	0	0	0	0	0	0	0	0	0	0	-1.72501e-06	-5.76023e-05	-0.000228134	-0.000328824	-0.00050666	-0.000724509	0.0284274	-0.00704637	-0.00906452	-0.00287668	-0.000208376	-2.63626e-05	-6.06508e-06	0	0	0	0	0	0	0	0	0	0	
0	0	0	0	0	0	0	0	0	0	0	0	0	0	0	0	0	0	0	0	0	0	0	0	0	0	0	0	0	0	0	0	0	0	0	0	0	0	0	0	0	0	0	0	0	0	0	-4.299e-06	-3.46491e-05	-7.14575e-05	-0.000181513	-0.000763212	-0.00118932	0.0271332	-0.00826509	-0.00754063	-0.00104415	-0.000204523	-5.24308e-05	-1.67502e-05	-6.63326e-06	0	0	0	0	0	0	0	0	
0	0	0	0	0	0	0	0	0	0	0	0	0	0	0	0	0	0	0	0	0	0	0	0	0	0	0	0	0	0	0	0	0	0	0	0	0	0	0	0	0	0	0	0	0	0	0	0	-2.93918e-06	-7.33294e-06	-1.74236e-05	-0.000132984	-0.000605572	-0.00197287	0.0259757	-0.00948701	-0.0039565	-0.00121805	-0.000393767	-0.000159799	-6.38735e-05	-1.69118e-05	-2.76254e-06	-7.33143e-07	-2.54353e-06	0	0	0	0	
0	0	0	0	0	0	0	0	0	0	0	0	0	0	0	0	0	0	0	0	0	0	0	0	0	0	0	0	0	0	0	0	0	0	0	0	0	0	0	0	0	0	0	0	0	0	0	0	0	-3.92714e-07	-1.14519e-06	-6.67532e-06	-5.86174e-05	-0.000652117	-0.00271423	0.0246236	-0.00523787	-0.00361114	-0.00196339	-0.00112263	-0.000665409	-0.000302362	-0.000105256	-5.24549e-05	-2.18779e-05	-8.3685e-06	-1.51032e-06	0	0	
0	0	0	0	0	0	0	0	0	0	0	0	0	0	0	0	0	0	0	0	0	0	0	0	0	0	0	0	0	0	0	0	0	0	0	0	0	0	0	0	0	0	0	0	0	0	0	0	0	0	0	-2.53583e-07	-2.93766e-06	-7.4092e-05	-0.00108684	-0.00450071	0.0267587	-0.00318712	-0.0028041	-0.00265157	-0.00208138	-0.00119444	-0.000501215	-0.000298973	-0.000149398	-6.29973e-05	-1.4963e-05	-5.72158e-06	-4.16259e-07	
0	0	0	0	0	0	0	0	0	0	0	0	0	0	0	0	0	0	0	0	0	0	0	0	0	0	0	0	0	0	0	0	0	0	0	0	0	0	0	0	0	0	0	0	0	0	0	0	0	0	0	0	-4.47067e-07	-1.67719e-05	-0.000331423	-0.0031633	-0.00310902	0.0276919	-0.00198469	-0.00274092	-0.00283851	-0.00216306	-0.00111598	-0.000740628	-0.000438421	-0.000217643	-8.08651e-05	-1.39972e-05	-2.1579e-06	
0	0	0	0	0	0	0	0	0	0	0	0	0	0	0	0	0	0	0	0	0	0	0	0	0	0	0	0	0	0	0	0	0	0	0	0	0	0	0	0	0	0	0	0	0	0	0	0	0	0	0	0	0	-3.16671e-06	-0.000120958	-0.00204681	-0.0031802	-0.00228135	0.0277846	-0.00168709	-0.00305313	-0.00257945	-0.00173214	-0.00134385	-0.000908033	-0.000487783	-0.000210339	-5.78136e-05	-6.8964e-06	
0	0	0	0	0	0	0	0	0	0	0	0	0	0	0	0	0	0	0	0	0	0	0	0	0	0	0	0	0	0	0	0	0	0	0	0	0	0	0	0	0	0	0	0	0	0	0	0	0	0	0	0	0	-6.02578e-07	-4.87937e-05	-0.00113719	-0.00266769	-0.00292183	-0.00146983	0.0274971	-0.00184203	-0.00263019	-0.00191835	-0.0017754	-0.00136631	-0.000839897	-0.00042611	-0.000133818	-1.84333e-05	
0	0	0	0	0	0	0	0	0	0	0	0	0	0	0	0	0	0	0	0	0	0	0	0	0	0	0	0	0	0	0	0	0	0	0	0	0	0	0	0	0	0	0	0	0	0	0	0	0	0	0	0	0	0	-1.6138e-05	-0.000565144	-0.00185967	-0.00248459	-0.00244873	-0.00168446	0.0277281	-0.00186156	-0.00216777	-0.00188841	-0.00188392	-0.00144963	-0.000768267	-0.000278068	-4.37549e-05	
0	0	0	0	0	0	0	0	0	0	0	0	0	0	0	0	0	0	0	0	0	0	0	0	0	0	0	0	0	0	0	0	0	0	0	0	0	0	0	0	0	0	0	0	0	0	0	0	0	0	0	0	0	0	-5.31277e-06	-0.000236919	-0.0010721	-0.00207285	-0.00207518	-0.00249759	-0.00180224	0.0276253	-0.00112584	-0.00271745	-0.00199934	-0.00189313	-0.00133238	-0.000615205	-0.000104544	
0	0	0	0	0	0	0	0	0	0	0	0	0	0	0	0	0	0	0	0	0	0	0	0	0	0	0	0	0	0	0	0	0	0	0	0	0	0	0	0	0	0	0	0	0	0	0	0	0	0	0	0	0	0	-1.55523e-06	-0.000131754	-0.000614784	-0.00141999	-0.00191218	-0.00224974	-0.00290932	-0.0012133	0.0267981	-0.000490203	-0.00274497	-0.00211014	-0.00192867	-0.00097541	-0.000214063	
0	0	0	0	0	0	0	0	0	0	0	0	0	0	0	0	0	0	0	0	0	0	0	0	0	0	0	0	0	0	0	0	0	0	0	0	0	0	0	0	0	0	0	0	0	0	0	0	0	0	0	0	0	0	-7.3496e-07	-6.54489e-05	-0.000348927	-0.000967537	-0.00141577	-0.00205604	-0.00259105	-0.00358991	-0.000357871	0.026851	-0.00109712	-0.0026083	-0.00205525	-0.00145665	-0.000359392	
0	0	0	0	0	0	0	0	0	0	0	0	0	0	0	0	0	0	0	0	0	0	0	0	0	0	0	0	0	0	0	0	0	0	0	0	0	0	0	0	0	0	0	0	0	0	0	0	0	0	0	0	0	0	0	-1.94181e-05	-0.000175508	-0.000526272	-0.000894914	-0.00156438	-0.00250049	-0.00274597	-0.00275539	-0.00117431	0.0273448	-0.00198296	-0.00245785	-0.0019528	-0.00066158	
0	0	0	0	0	0	0	0	0	0	0	0	0	0	0	0	0	0	0	0	0	0	0	0	0	0	0	0	0	0	0	0	0	0	0	0	0	0	0	0	0	0	0	0	0	0	0	0	0	0	0	0	0	0	0	-5.41288e-06	-8.27421e-05	-0.000253923	-0.000513471	-0.00105288	-0.00199681	-0.00273795	-0.00222992	-0.00277545	-0.00179703	0.0271616	-0.00262417	-0.00229397	-0.00100637	
0	0	0	0	0	0	0	0	0	0	0	0	0	0	0	0	0	0	0	0	0	0	0	0	0	0	0	0	0	0	0	0	0	0	0	0	0	0	0	0	0	0	0	0	0	0	0	0	0	0	0	0	0	0	0	-5.54274e-06	-2.6584e-05	-0.000122559	-0.000257265	-0.00052514	-0.00126001	-0.0021034	-0.00219552	-0.0026084	-0.00303269	-0.00267589	0.0266251	-0.00300361	-0.00156224	
0	0	0	0	0	0	0	0	0	0	0	0	0	0	0	0	0	0	0	0	0	0	0	0	0	0	0	0	0	0	0	0	0	0	0	0	0	0	0	0	0	0	0	0	0	0	0	0	0	0	0	0	0	0	0	0	-5.57418e-06	-5.16443e-05	-0.000103053	-0.000235425	-0.000716716	-0.00133382	-0.0016093	-0.00255105	-0.00325248	-0.00374	-0.00353127	0.0260629	-0.00204671	
0	0	0	0	0	0	0	0	0	0	0	0	0	0	0	0	0	0	0	0	0	0	0	0	0	0	0	0	0	0	0	0	0	0	0	0	0	0	0	0	0	0	0	0	0	0	0	0	0	0	0	0	0	0	0	0	-2.09556e-06	0	-2.97623e-05	-9.28973e-05	-0.00028387	-0.000603337	-0.000856359	-0.00164961	-0.00272924	-0.00428835	-0.00569251	-0.00417194	0.027463	  ); 
P2 ( 
0.0645258	-0.00101127	7.05428e-05	0.000115846	5.11738e-05	-1.92553e-05	6.75492e-05	-2.13522e-05	1.79394e-05	-1.53029e-05	-1.56485e-06	-6.00931e-06	5.82841e-06	-2.35118e-06	1.36962e-06	-6.6692e-07	6.50659e-08	-5.53964e-07	1.2354e-06	9.30157e-07	-5.21516e-07	0	0	0	0	0	0	0	0	0	0	0	0	0	0	0	0	0	0	0	0	0	0	0	0	0	0	0	0	0	0	0	0	0	0	0	0	0	0	0	0	0	0	0	0	0	0	0	0	
0	0.0860986	0.000151122	2.42935e-05	2.77758e-05	2.86605e-05	5.54345e-05	7.11278e-06	-4.73234e-06	1.45443e-05	2.20831e-06	8.29202e-07	-2.42153e-06	2.79895e-06	1.90816e-06	9.74466e-07	1.92525e-07	-3.45055e-07	-1.29627e-07	1.05696e-07	-4.9124e-09	1.21893e-07	0	0	0	0	0	0	0	0	0	0	0	0	0	0	0	0	0	0	0	0	0	0	0	0	0	0	0	0	0	0	0	0	0	0	0	0	0	0	0	0	0	0	0	0	0	0	0	
0	0	0.0670363	0.000184728	7.24822e-05	5.07693e-05	1.40964e-05	2.55171e-05	1.36947e-06	7.59932e-06	-1.45196e-06	1.26805e-06	1.141e-06	-1.21124e-06	9.6417e-07	5.21172e-08	-1.48765e-08	1.31363e-08	1.26661e-07	-1.95035e-07	6.17555e-08	-3.48815e-08	0	0	0	0	0	0	0	0	0	0	0	0	0	0	0	0	0	0	0	0	0	0	0	0	0	0	0	0	0	0	0	0	0	0	0	0	0	0	0	0	0	0	0	0	0	0	0	
0	0	0	0.046137	0.00102977	6.01987e-05	2.60452e-05	2.68983e-05	1.83772e-05	-1.82224e-06	-5.85271e-07	6.92731e-07	-3.70298e-07	2.52963e-07	3.3185e-07	8.97539e-08	-3.3294e-08	-1.00449e-07	-7.77718e-08	-5.3276e-08	1.00828e-07	3.33887e-08	-5.84605e-08	0	0	0	0	0	0	0	0	0	0	0	0	0	0	0	0	0	0	0	0	0	0	0	0	0	0	0	0	0	0	0	0	0	0	0	0	0	0	0	0	0	0	0	0	0	0	
0	0	0	0	0.0577835	0.00591098	9.64401e-06	-2.27087e-05	-8.38993e-06	-1.57855e-05	1.94517e-06	-1.49229e-06	-2.46218e-06	-6.88037e-08	-2.89281e-07	-8.50722e-07	2.1291e-07	-3.05778e-07	2.27816e-07	2.6051e-08	0	0	0	0	0	0	0	0	0	0	0	0	0	0	0	0	0	0	0	0	0	0	0	0	0	0	0	0	0	0	0	0	0	0	0	0	0	0	0	0	0	0	0	0	0	0	0	0	0	
0	0	0	0	0	0.0239784	-0.00283749	4.31256e-06	3.8554e-06	-3.16523e-06	8.31225e-07	-3.1921e-06	-4.09966e-07	-1.24138e-06	-1.1484e-06	3.58865e-07	-8.00154e-08	1.5908e-07	-1.81957e-07	-5.38532e-08	0	0	0	0	0	0	0	0	0	0	0	0	0	0	0	0	0	0	0	0	0	0	0	0	0	0	0	0	0	0	0	0	0	0	0	0	0	0	0	0	0	0	0	0	0	0	0	0	0	
0	0	0	0	0	0	0.0402592	0.00371364	-4.58189e-06	1.31512e-07	-5.38372e-07	-5.64692e-07	2.66878e-07	6.352e-07	2.17269e-08	1.58598e-07	-6.08789e-08	0	0	0	0	0	0	0	0	0	0	0	0	0	0	0	0	0	0	0	0	0	0	0	0	0	0	0	0	0	0	0	0	0	0	0	0	0	0	0	0	0	0	0	0	0	0	0	0	0	0	0	0	
0	0	0	0	0	0	0	0.00697316	0.000464382	4.93451e-06	2.62174e-06	-1.07308e-06	-1.73947e-07	-9.35385e-08	7.49939e-08	0	0	0	0	0	0	0	0	0	0	0	0	0	0	0	0	0	0	0	0	0	0	0	0	0	0	0	0	0	0	0	0	0	0	0	0	0	0	0	0	0	0	0	0	0	0	0	0	0	0	0	0	0	0	
0	0	0	0	0	0	0	0	0.00368796	0.000183544	-1.23492e-06	1.62847e-06	-1.6272e-06	-3.63898e-07	1.49122e-07	1.60944e-07	-1.49122e-07	0	1.26917e-08	0	0	0	0	0	0	0	0	0	0	0	0	0	0	0	0	0	0	0	0	0	0	0	0	0	0	0	0	0	0	0	0	0	0	0	0	0	0	0	0	0	0	0	0	0	0	0	0	0	0	
0	0	0	0	0	0	0	0	0	0.00214108	-0.000314461	4.14208e-06	-3.87715e-06	1.01332e-06	-3.31537e-07	-4.2415e-08	0	0	0	0	0	0	0	0	0	0	0	0	0	0	0	0	0	0	0	0	0	0	0	0	0	0	0	0	0	0	0	0	0	0	0	0	0	0	0	0	0	0	0	0	0	0	0	0	0	0	0	0	0	
0	0	0	0	0	0	0	0	0	0	0.00148621	-0.000463501	7.17371e-06	3.26451e-07	-8.4549e-06	7.38465e-07	-3.13265e-06	1.30729e-07	-7.02912e-07	1.55531e-07	-6.67994e-08	0	0	0	0	0	0	0	0	0	0	0	0	0	0	0	0	0	0	0	0	0	0	0	0	0	0	0	0	0	0	0	0	0	0	0	0	0	0	0	0	0	0	0	0	0	0	0	0	
0	0	0	0	0	0	0	0	0	0	0	0.000631244	-0.000426957	-9.73438e-08	0	0	0	0	0	0	0	0	0	0	0	0	0	0	0	0	0	0	0	0	0	0	0	0	0	0	0	0	0	0	0	0	0	0	0	0	0	0	0	0	0	0	0	0	0	0	0	0	0	0	0	0	0	0	0	
0	0	0	0	0	0	0	0	0	0	0	0	0.000728026	-0.000583033	-4.2488e-07	-2.01813e-07	3.13866e-07	0	0	0	0	0	0	0	0	0	0	0	0	0	0	0	0	0	0	0	0	0	0	0	0	0	0	0	0	0	0	0	0	0	0	0	0	0	0	0	0	0	0	0	0	0	0	0	0	0	0	0	0	
0	0	0	0	0	0	0	0	0	0	0	0	0	0.000448359	-0.000648464	0	0	0	0	0	0	0	0	0	0	0	0	0	0	0	0	0	0	0	0	0	0	0	0	0	0	0	0	0	0	0	0	0	0	0	0	0	0	0	0	0	0	0	0	0	0	0	0	0	0	0	0	0	0	
0	0	0	0	0	0	0	0	0	0	0	0	0	0	0.000391798	-0.000646574	0	0	0	0	0	0	0	0	0	0	0	0	0	0	0	0	0	0	0	0	0	0	0	0	0	0	0	0	0	0	0	0	0	0	0	0	0	0	0	0	0	0	0	0	0	0	0	0	0	0	0	0	0	
0	0	0	0	0	0	0	0	0	0	0	0	0	0	0	0.000512268	-0.000550309	0	0	0	0	0	0	0	0	0	0	0	0	0	0	0	0	0	0	0	0	0	0	0	0	0	0	0	0	0	0	0	0	0	0	0	0	0	0	0	0	0	0	0	0	0	0	0	0	0	0	0	0	
0	0	0	0	0	0	0	0	0	0	0	0	0	0	0	0	0.000181518	-0.000335036	0	0	0	0	0	0	0	0	0	0	0	0	0	0	0	0	0	0	0	0	0	0	0	0	0	0	0	0	0	0	0	0	0	0	0	0	0	0	0	0	0	0	0	0	0	0	0	0	0	0	0	
0	0	0	0	0	0	0	0	0	0	0	0	0	0	0	0	0	0.000995278	-0.00077375	0	0	0	0	0	0	0	0	0	0	0	0	0	0	0	0	0	0	0	0	0	0	0	0	0	0	0	0	0	0	0	0	0	0	0	0	0	0	0	0	0	0	0	0	0	0	0	0	0	0	
0	0	0	0	0	0	0	0	0	0	0	0	0	0	0	0	0	0	0.00118789	-0.000889131	0	0	0	0	0	0	0	0	0	0	0	0	0	0	0	0	0	0	0	0	0	0	0	0	0	0	0	0	0	0	0	0	0	0	0	0	0	0	0	0	0	0	0	0	0	0	0	0	0	
0	0	0	0	0	0	0	0	0	0	0	0	0	0	0	0	0	0	0	0.000584625	-0.000431527	0	0	0	0	0	0	0	0	0	0	0	0	0	0	0	0	0	0	0	0	0	0	0	0	0	0	0	0	0	0	0	0	0	0	0	0	0	0	0	0	0	0	0	0	0	0	0	0	
0	0	0	0	0	0	0	0	0	0	0	0	0	0	0	0	0	0	0	0	0.00019845	-0.000382835	0	0	0	0	0	0	0	0	0	0	0	0	0	0	0	0	0	0	0	0	0	0	0	0	0	0	0	0	0	0	0	0	0	0	0	0	0	0	0	0	0	0	0	0	0	0	0	
0	0	0	0	0	0	0	0	0	0	0	0	0	0	0	0	0	0	0	0	0	0.000748056	-0.000446171	0	0	0	0	0	0	0	0	0	0	0	0	0	0	0	0	0	0	0	0	0	0	0	0	0	0	0	0	0	0	0	0	0	0	0	0	0	0	0	0	0	0	0	0	0	0	
0	0	0	0	0	0	0	0	0	0	0	0	0	0	0	0	0	0	0	0	0	0	0.00126751	-0.000800196	0	0	0	0	0	0	0	0	0	0	0	0	0	0	0	0	0	0	0	0	0	0	0	0	0	0	0	0	0	0	0	0	0	0	0	0	0	0	0	0	0	0	0	0	0	
0	0	0	0	0	0	0	0	0	0	0	0	0	0	0	0	0	0	0	0	0	0	0	0.00136774	-0.000895391	0	0	0	0	0	0	0	0	0	0	0	0	0	0	0	0	0	0	0	0	0	0	0	0	0	0	0	0	0	0	0	0	0	0	0	0	0	0	0	0	0	0	0	0	
0	0	0	0	0	0	0	0	0	0	0	0	0	0	0	0	0	0	0	0	0	0	0	0	0.000952641	-0.000983542	0	0	0	0	0	0	0	0	0	0	0	0	0	0	0	0	0	0	0	0	0	0	0	0	0	0	0	0	0	0	0	0	0	0	0	0	0	0	0	0	0	0	0	
0	0	0	0	0	0	0	0	0	0	0	0	0	0	0	0	0	0	0	0	0	0	0	0	0	0.000991943	-0.000962104	0	0	0	0	0	0	0	0	0	0	0	0	0	0	0	0	0	0	0	0	0	0	0	0	0	0	0	0	0	0	0	0	0	0	0	0	0	0	0	0	0	0	
0	0	0	0	0	0	0	0	0	0	0	0	0	0	0	0	0	0	0	0	0	0	0	0	0	3.27406e-06	0.000800296	-0.00131285	0.000828886	0	0	0	0	0	0	0	0	0	0	0	0	0	0	0	0	0	0	0	0	0	0	0	0	0	0	0	0	0	0	0	0	0	0	0	0	0	0	0	0	
0	0	0	0	0	0	0	0	0	0	0	0	0	0	0	0	0	0	0	0	0	0	0	0	0	0	2.17235e-05	0.00531436	-0.00674422	0.00163922	1.87657e-06	0	0	0	0	0	0	0	0	0	0	0	0	0	0	0	0	0	0	0	0	0	0	0	0	0	0	0	0	0	0	0	0	0	0	0	0	0	0	
0	0	0	0	0	0	0	0	0	0	0	0	0	0	0	0	0	0	0	0	0	0	0	0	0	0	0	2.58785e-05	0.00296055	-0.00460462	0.00203917	0	0	0	0	0	0	0	0	0	0	0	0	0	0	0	0	0	0	0	0	0	0	0	0	0	0	0	0	0	0	0	0	0	0	0	0	0	0	
0	0	0	0	0	0	0	0	0	0	0	0	0	0	0	0	0	0	0	0	0	0	0	0	0	0	0	0	1.95812e-05	0.00399288	-0.00406251	0.000289325	2.87948e-06	0	0	0	0	0	0	0	0	0	0	0	0	0	0	0	0	0	0	0	0	0	0	0	0	0	0	0	0	0	0	0	0	0	0	0	0	
0	0	0	0	0	0	0	0	0	0	0	0	0	0	0	0	0	0	0	0	0	0	0	0	0	0	0	0	0	2.28391e-05	0.00156575	-0.00325255	0.00137847	0.000263639	0.000190295	0.000151177	0.000126129	7.63494e-05	3.63873e-05	1.86681e-05	1.81113e-05	1.56848e-05	3.18346e-06	1.08194e-06	0	0	0	0	0	0	0	0	0	0	0	0	0	0	0	0	0	0	0	0	0	0	0	0	0	
0	0	0	0	0	0	0	0	0	0	0	0	0	0	0	0	0	0	0	0	0	0	0	0	0	0	0	0	0	0	1.69916e-05	0.00755569	-0.00992581	-0.000828291	-0.000289728	0.000118042	0.000369007	0.000491302	0.000603027	0.000526671	0.000432114	0.000584735	0.000358781	0.000125627	2.3698e-05	0	0	0	0	0	0	0	0	0	0	0	0	0	0	0	0	0	0	0	0	0	0	0	0	
0	0	0	0	0	0	0	0	0	0	0	0	0	0	0	0	0	0	0	0	0	0	0	0	0	0	0	0	0	0	-2.47894e-06	0.000119496	0.00871796	-0.00169774	-0.00201927	-0.00231222	-0.00221234	-0.00176721	-0.00116988	-0.000462566	-0.000137498	0.000567573	0.0013604	0.0010735	0.000411059	2.91769e-06	0	0	0	0	0	0	0	0	0	0	0	0	0	0	0	0	0	0	0	0	0	0	0	
0	0	0	0	0	0	0	0	0	0	0	0	0	0	0	0	0	0	0	0	0	0	0	0	0	0	0	0	0	0	0	7.56807e-08	0.000101193	0.0105851	-0.000922939	0.000232379	-0.00128941	-0.00271599	-0.00271101	-0.00248945	-0.00190156	-0.00141513	5.18105e-05	0.00192437	0.00121189	1.74706e-05	0	0	0	0	0	0	0	0	0	0	0	0	0	0	0	0	0	0	0	0	0	0	0	
0	0	0	0	0	0	0	0	0	0	0	0	0	0	0	0	0	0	0	0	0	0	0	0	0	0	0	0	0	0	0	0	-0.000235424	0.000138118	0.0103475	-0.00111514	-0.000180668	-0.00141926	-0.00277397	-0.0027477	-0.00215004	-0.00266826	-0.000957511	0.00151755	0.00175275	1.55706e-05	0	0	0	0	0	0	0	0	0	0	0	0	0	0	0	0	0	0	0	0	0	0	0	
0	0	0	0	0	0	0	0	0	0	0	0	0	0	0	0	0	0	0	0	0	0	0	0	0	0	0	0	0	0	0	0	-0.000223326	-2.36828e-05	4.91337e-06	0.0100467	-0.00140192	0.000531147	-0.00123114	-0.00258673	-0.00258798	-0.00375417	-0.00194685	0.00120498	0.00220449	7.27503e-05	0	0	0	0	0	0	0	0	0	0	0	0	0	0	0	0	0	0	0	0	0	0	0	
0	0	0	0	0	0	0	0	0	0	0	0	0	0	0	0	0	0	0	0	0	0	0	0	0	0	0	0	0	0	0	0	-7.44134e-05	-0.00014519	-6.77659e-05	-3.05024e-05	0.0109634	-0.00156318	-0.000386047	-0.00128968	-0.00206974	-0.00460316	-0.00387658	0.000110299	0.00278951	7.16903e-05	0	0	0	0	0	0	0	0	0	0	0	0	0	0	0	0	0	0	0	0	0	0	0	
0	0	0	0	0	0	0	0	0	0	0	0	0	0	0	0	0	0	0	0	0	0	0	0	0	0	0	0	0	0	0	0	-3.89609e-05	-4.41286e-05	-5.27922e-05	9.1132e-05	0.000167168	0.00972159	-0.000698666	4.63076e-05	-0.00126267	-0.00452578	-0.00520535	-0.000691937	0.00322224	0.00015174	0	0	0	0	0	0	0	0	0	0	0	0	0	0	0	0	0	0	0	0	0	0	0	
0	0	0	0	0	0	0	0	0	0	0	0	0	0	0	0	0	0	0	0	0	0	0	0	0	0	0	0	0	0	0	0	-3.56438e-05	-4.13607e-05	-9.30579e-05	2.10538e-05	9.11237e-05	-5.13834e-05	0.0109978	-0.00123032	-0.000482331	-0.0028513	-0.00659801	-0.00292617	0.00291279	0.000386256	9.7541e-06	0	0	0	0	0	0	0	0	0	0	0	0	0	0	0	0	0	0	0	0	0	0	
0	0	0	0	0	0	0	0	0	0	0	0	0	0	0	0	0	0	0	0	0	0	0	0	0	0	0	0	0	0	0	0	0	-3.61264e-07	-3.85259e-05	-0.000125274	-0.000160371	-0.000162677	-0.000493099	0.0106625	-0.000274786	-0.00122933	-0.00696166	-0.00413389	0.00348144	0.000573469	0	0	0	0	0	0	0	0	0	0	0	0	0	0	0	0	0	0	0	0	0	0	0	
0	0	0	0	0	0	0	0	0	0	0	0	0	0	0	0	0	0	0	0	0	0	0	0	0	0	0	0	0	0	0	0	3.4647e-06	-6.70658e-06	5.67346e-06	-2.09254e-05	-6.03306e-05	-5.57694e-05	-0.000160959	-0.000443501	0.010468	-0.00173424	-0.00468534	-0.0062517	0.00209374	0.000646406	8.48167e-06	0	0	0	0	0	0	0	0	0	0	0	0	0	0	0	0	0	0	0	0	0	0	
0	0	0	0	0	0	0	0	0	0	0	0	0	0	0	0	0	0	0	0	0	0	0	0	0	0	0	0	0	0	0	0	0	0	2.11363e-07	-2.46963e-05	-4.16451e-05	-2.98419e-05	-6.28904e-05	-0.000143433	-0.000285654	0.00970579	-0.00247413	-0.00808502	7.26156e-05	0.00119931	4.94659e-05	0	0	0	0	0	0	0	0	0	0	0	0	0	0	0	0	0	0	0	0	0	0	
0	0	0	0	0	0	0	0	0	0	0	0	0	0	0	0	0	0	0	0	0	0	0	0	0	0	0	0	0	0	0	0	0	0	0	5.02422e-06	-1.26529e-06	-8.23803e-06	-4.57706e-05	-5.42798e-05	-4.641e-05	-0.000331512	0.00884374	-0.00451574	-0.00581688	0.00204255	9.14437e-05	0	0	0	0	0	0	0	0	0	0	0	0	0	0	0	0	0	0	0	0	0	0	
0	0	0	0	0	0	0	0	0	0	0	0	0	0	0	0	0	0	0	0	0	0	0	0	0	0	0	0	0	0	0	0	0	0	0	0	0	2.33792e-06	-4.68772e-07	-1.02254e-05	-2.68698e-05	-8.43656e-05	-9.97834e-05	0.00878174	-0.0113524	0.00255671	0.000434641	1.30305e-05	0	0	0	0	0	0	0	0	0	0	0	0	0	0	0	0	0	0	0	0	0	
0	0	0	0	0	0	0	0	0	0	0	0	0	0	0	0	0	0	0	0	0	0	0	0	0	0	0	0	0	0	0	0	0	0	0	0	0	0	-3.43362e-07	-4.69762e-07	1.21201e-06	-8.04441e-07	-2.90937e-05	-0.000257957	0.00439589	-0.00590814	0.00158411	0.000244221	4.05389e-05	7.92352e-06	1.09838e-06	0	0	0	0	0	0	0	0	0	0	0	0	0	0	0	0	0	0	
0	0	0	0	0	0	0	0	0	0	0	0	0	0	0	0	0	0	0	0	0	0	0	0	0	0	0	0	0	0	0	0	0	0	0	0	0	0	0	0	0	0	0	-1.19875e-06	-0.000507689	0.00475366	-0.00590787	0.000710073	0.000493465	0.000192299	0.000103283	5.27452e-05	1.3774e-05	6.12902e-07	0	0	0	0	0	0	0	0	0	0	0	0	0	0	0	
0	0	0	0	0	0	0	0	0	0	0	0	0	0	0	0	0	0	0	0	0	0	0	0	0	0	0	0	0	0	0	0	0	0	0	0	0	0	0	0	0	0	0	0	-1.62112e-06	-0.000646413	0.00465042	-0.00470881	-0.00120738	7.17426e-05	0.000398733	0.000564227	0.000311285	0.000115771	1.3224e-05	0	0	0	0	0	0	0	0	0	0	0	0	0	0	
0	0	0	0	0	0	0	0	0	0	0	0	0	0	0	0	0	0	0	0	0	0	0	0	0	0	0	0	0	0	0	0	0	0	0	0	0	0	0	0	0	0	0	0	0	-2.28064e-06	-0.0012056	0.00676089	-0.00332778	-0.00230271	-0.00146811	-0.000316045	0.000798811	0.000590635	0.000120847	7.33389e-06	0	0	0	0	0	0	0	0	0	0	0	0	0	
0	0	0	0	0	0	0	0	0	0	0	0	0	0	0	0	0	0	0	0	0	0	0	0	0	0	0	0	0	0	0	0	0	0	0	0	0	0	0	0	0	0	0	0	0	6.29442e-06	-0.0002209	-0.00126371	0.00805619	-0.00191828	-0.00251802	-0.00287744	-0.000185403	0.00098944	0.00035637	5.22484e-05	1.67451e-06	8.91338e-07	0	0	0	0	0	0	0	0	0	0	0	
0	0	0	0	0	0	0	0	0	0	0	0	0	0	0	0	0	0	0	0	0	0	0	0	0	0	0	0	0	0	0	0	0	0	0	0	0	0	0	0	0	0	0	0	0	0	5.25287e-07	-0.000729798	-0.00113794	0.00923692	-0.00192379	-0.00410894	-0.00202154	0.000633297	0.000661942	0.00012091	0	3.38719e-06	0	0	0	0	0	0	0	0	0	0	0	
0	0	0	0	0	0	0	0	0	0	0	0	0	0	0	0	0	0	0	0	0	0	0	0	0	0	0	0	0	0	0	0	0	0	0	0	0	0	0	0	0	0	0	0	0	0	7.35439e-06	-0.000242815	-0.000810761	-0.000887481	0.00952488	-0.00297484	-0.00402103	-0.000688753	0.0008428	0.000234389	2.0802e-05	2.10425e-06	0	0	0	0	0	0	0	0	0	0	0	
0	0	0	0	0	0	0	0	0	0	0	0	0	0	0	0	0	0	0	0	0	0	0	0	0	0	0	0	0	0	0	0	0	0	0	0	0	0	0	0	0	0	0	0	0	0	1.0907e-05	-7.30177e-05	-0.000347385	-0.000564067	-0.000878766	0.00767814	-0.00338279	-0.0033121	0.000713713	0.000406978	3.02914e-05	0	0	0	0	0	0	0	0	0	0	0	0	
0	0	0	0	0	0	0	0	0	0	0	0	0	0	0	0	0	0	0	0	0	0	0	0	0	0	0	0	0	0	0	0	0	0	0	0	0	0	0	0	0	0	0	0	0	0	6.9979e-07	6.13104e-06	7.89965e-06	-0.00014496	-0.000379694	-0.00148849	0.00805098	-0.00533634	-0.00124401	0.000778215	0.000105912	1.38962e-05	4.21619e-06	0	0	0	0	0	0	0	0	0	0	
0	0	0	0	0	0	0	0	0	0	0	0	0	0	0	0	0	0	0	0	0	0	0	0	0	0	0	0	0	0	0	0	0	0	0	0	0	0	0	0	0	0	0	0	0	0	0	1.75557e-06	8.27394e-06	1.48249e-06	-3.69617e-05	-0.000353897	-0.0012108	0.00692408	-0.00503648	-0.000107849	0.000336732	8.77589e-05	2.66844e-05	9.81141e-06	4.59201e-06	0	0	0	0	0	0	0	0	
0	0	0	0	0	0	0	0	0	0	0	0	0	0	0	0	0	0	0	0	0	0	0	0	0	0	0	0	0	0	0	0	0	0	0	0	0	0	0	0	0	0	0	0	0	0	0	0	1.41685e-06	2.10885e-06	3.94342e-06	1.01203e-05	-0.00011648	-0.00155855	0.0060881	-0.00475602	-3.01935e-05	0.000274526	0.000136201	6.55313e-05	2.95643e-05	6.888e-06	2.06011e-06	-2.25838e-07	1.58608e-06	0	0	0	0	
0	0	0	0	0	0	0	0	0	0	0	0	0	0	0	0	0	0	0	0	0	0	0	0	0	0	0	0	0	0	0	0	0	0	0	0	0	0	0	0	0	0	0	0	0	0	0	0	0	3.77596e-07	5.51777e-07	1.9619e-06	1.62319e-05	-3.71446e-05	-0.00155581	0.00522976	-0.00288256	-0.000922425	-6.38746e-05	0.000126803	0.000139013	9.8577e-05	3.93015e-05	2.27935e-05	9.47166e-06	3.14305e-06	-9.05261e-09	0	0	
0	0	0	0	0	0	0	0	0	0	0	0	0	0	0	0	0	0	0	0	0	0	0	0	0	0	0	0	0	0	0	0	0	0	0	0	0	0	0	0	0	0	0	0	0	0	0	0	0	0	0	-1.34777e-08	1.24255e-06	2.39365e-05	-1.26949e-05	-0.00270481	0.00720543	-0.00243488	-0.00144633	-0.000690634	-0.000122195	9.66232e-05	8.5973e-05	8.47829e-05	5.12121e-05	2.33864e-05	4.49445e-06	2.5997e-06	3.46955e-07	
0	0	0	0	0	0	0	0	0	0	0	0	0	0	0	0	0	0	0	0	0	0	0	0	0	0	0	0	0	0	0	0	0	0	0	0	0	0	0	0	0	0	0	0	0	0	0	0	0	0	0	0	3.04482e-07	7.65211e-06	7.38268e-05	-0.00100272	-0.00246802	0.00796787	-0.001885	-0.00149979	-0.00116004	-0.000333474	-2.63704e-06	6.2664e-05	8.54597e-05	6.15007e-05	2.8391e-05	6.80378e-06	1.37732e-06	
0	0	0	0	0	0	0	0	0	0	0	0	0	0	0	0	0	0	0	0	0	0	0	0	0	0	0	0	0	0	0	0	0	0	0	0	0	0	0	0	0	0	0	0	0	0	0	0	0	0	0	0	0	1.51567e-06	4.52751e-05	-6.33698e-05	-0.00167509	-0.00207007	0.00869351	-0.00190898	-0.00154789	-0.00113308	-0.000385553	-6.96046e-05	8.84497e-05	9.86825e-05	6.378e-05	1.05961e-05	1.34393e-06	
0	0	0	0	0	0	0	0	0	0	0	0	0	0	0	0	0	0	0	0	0	0	0	0	0	0	0	0	0	0	0	0	0	0	0	0	0	0	0	0	0	0	0	0	0	0	0	0	0	0	0	0	0	5.63263e-07	1.98531e-05	0.000105546	-0.000762592	-0.00162822	-0.00184456	0.00926886	-0.00192181	-0.00141418	-0.000851382	-0.000453113	-0.000144709	3.12732e-05	8.81624e-05	3.46176e-05	5.48603e-06	
0	0	0	0	0	0	0	0	0	0	0	0	0	0	0	0	0	0	0	0	0	0	0	0	0	0	0	0	0	0	0	0	0	0	0	0	0	0	0	0	0	0	0	0	0	0	0	0	0	0	0	0	0	0	6.38086e-06	0.000116714	-0.000134047	-0.00103402	-0.00124689	-0.0017159	0.00841615	-0.0018034	-0.00101431	-0.00100199	-0.000531569	-5.78849e-05	3.90966e-05	4.55049e-05	1.12394e-05	
0	0	0	0	0	0	0	0	0	0	0	0	0	0	0	0	0	0	0	0	0	0	0	0	0	0	0	0	0	0	0	0	0	0	0	0	0	0	0	0	0	0	0	0	0	0	0	0	0	0	0	0	0	0	3.05259e-06	7.56178e-05	5.97992e-05	-0.000295744	-0.000951836	-0.00125066	-0.00192503	0.00856372	-0.00150493	-0.0010488	-0.00111049	-0.000538399	-6.78458e-05	6.99861e-05	2.45744e-05	
0	0	0	0	0	0	0	0	0	0	0	0	0	0	0	0	0	0	0	0	0	0	0	0	0	0	0	0	0	0	0	0	0	0	0	0	0	0	0	0	0	0	0	0	0	0	0	0	0	0	0	0	0	0	1.07398e-07	5.83156e-05	0.000124936	-1.54561e-05	-0.00035661	-0.00110298	-0.00135812	-0.00205686	0.00920505	-0.0016786	-0.00110378	-0.00105899	-0.000402032	2.36873e-05	2.36845e-05	
0	0	0	0	0	0	0	0	0	0	0	0	0	0	0	0	0	0	0	0	0	0	0	0	0	0	0	0	0	0	0	0	0	0	0	0	0	0	0	0	0	0	0	0	0	0	0	0	0	0	0	0	0	0	4.60326e-07	2.89605e-05	8.88603e-05	0.000127421	-6.64746e-05	-0.000471705	-0.00130143	-0.00135638	-0.00161499	0.00917388	-0.00179578	-0.00119684	-0.000925079	-0.000181303	1.45484e-05	
0	0	0	0	0	0	0	0	0	0	0	0	0	0	0	0	0	0	0	0	0	0	0	0	0	0	0	0	0	0	0	0	0	0	0	0	0	0	0	0	0	0	0	0	0	0	0	0	0	0	0	0	0	0	0	8.59593e-06	6.70268e-05	9.49533e-05	3.87397e-05	-0.000132732	-0.000694565	-0.00134409	-0.00113687	-0.00186066	0.00912191	-0.00180825	-0.00140797	-0.000607823	-2.6216e-05	
0	0	0	0	0	0	0	0	0	0	0	0	0	0	0	0	0	0	0	0	0	0	0	0	0	0	0	0	0	0	0	0	0	0	0	0	0	0	0	0	0	0	0	0	0	0	0	0	0	0	0	0	0	0	0	1.98198e-06	3.22005e-05	7.33576e-05	7.55752e-05	7.20931e-05	-0.000166954	-0.000772035	-0.00109272	-0.00126759	-0.00186652	0.00834598	-0.00152126	-0.00129793	-0.000195249	
0	0	0	0	0	0	0	0	0	0	0	0	0	0	0	0	0	0	0	0	0	0	0	0	0	0	0	0	0	0	0	0	0	0	0	0	0	0	0	0	0	0	0	0	0	0	0	0	0	0	0	0	0	0	0	3.12976e-06	8.43308e-06	3.84236e-05	6.44398e-05	7.74441e-05	0.000101452	-0.000119098	-0.000571244	-0.00120618	-0.00156366	-0.00176424	0.00784238	-0.00175945	-0.000580707	
0	0	0	0	0	0	0	0	0	0	0	0	0	0	0	0	0	0	0	0	0	0	0	0	0	0	0	0	0	0	0	0	0	0	0	0	0	0	0	0	0	0	0	0	0	0	0	0	0	0	0	0	0	0	0	0	6.69208e-07	2.31835e-05	3.95359e-05	5.87217e-05	0.000119923	0.000158819	-2.3142e-06	-0.000359237	-0.00101982	-0.00179128	-0.00242633	0.00822748	-0.00125372	
0	0	0	0	0	0	0	0	0	0	0	0	0	0	0	0	0	0	0	0	0	0	0	0	0	0	0	0	0	0	0	0	0	0	0	0	0	0	0	0	0	0	0	0	0	0	0	0	0	0	0	0	0	0	0	0	-2.93279e-06	0	9.85494e-06	3.99248e-05	9.45188e-05	3.85647e-05	9.98829e-05	2.03656e-05	-0.000288706	-0.00103402	-0.0022438	-0.00223821	0.00802249	  ); 
P3 ( 
0.0557926	0.00184408	2.40829e-05	3.55357e-05	-5.59535e-05	-2.74661e-05	-5.6593e-06	4.81955e-06	1.94309e-05	3.86433e-06	-2.15224e-06	2.86318e-07	-3.70611e-07	-3.21296e-06	-4.48641e-07	-7.22483e-07	3.84253e-07	-3.60527e-08	1.57239e-06	7.67781e-07	2.22509e-07	0	0	0	0	0	0	0	0	0	0	0	0	0	0	0	0	0	0	0	0	0	0	0	0	0	0	0	0	0	0	0	0	0	0	0	0	0	0	0	0	0	0	0	0	0	0	0	0	
0	0.0686567	0.00012732	1.7388e-05	-1.77288e-05	5.82403e-06	2.24972e-05	-2.20453e-05	1.71129e-05	-4.05789e-06	-1.3073e-08	-1.80578e-06	8.65654e-07	1.84148e-06	-8.4724e-07	6.68075e-07	5.44317e-08	6.12426e-09	-5.16889e-07	-7.04006e-08	-4.73375e-08	2.72035e-08	0	0	0	0	0	0	0	0	0	0	0	0	0	0	0	0	0	0	0	0	0	0	0	0	0	0	0	0	0	0	0	0	0	0	0	0	0	0	0	0	0	0	0	0	0	0	0	
0	0	0.0479538	-3.14302e-05	2.5354e-05	9.60515e-06	-4.01854e-06	-5.37966e-07	8.39679e-06	4.58316e-06	1.1841e-06	-2.89149e-06	-1.53795e-06	1.86098e-07	-3.19701e-07	6.15494e-08	1.27375e-08	-2.19838e-07	-1.44303e-08	-9.20624e-09	4.78258e-08	-5.39934e-08	0	0	0	0	0	0	0	0	0	0	0	0	0	0	0	0	0	0	0	0	0	0	0	0	0	0	0	0	0	0	0	0	0	0	0	0	0	0	0	0	0	0	0	0	0	0	0	
0	0	0	0.0323478	-0.00044554	1.37714e-05	-3.85756e-05	-1.08031e-05	-3.33914e-06	-1.22868e-06	-5.03257e-08	6.0591e-07	5.65384e-08	1.54544e-07	5.33615e-07	4.46177e-08	-1.46834e-07	2.52228e-07	-5.51803e-08	4.52876e-08	-8.56249e-08	-1.63749e-08	-6.73378e-09	0	0	0	0	0	0	0	0	0	0	0	0	0	0	0	0	0	0	0	0	0	0	0	0	0	0	0	0	0	0	0	0	0	0	0	0	0	0	0	0	0	0	0	0	0	0	
0	0	0	0	0.0231836	-0.00408312	-1.6486e-05	8.35392e-06	1.2616e-05	-5.16142e-06	7.5254e-06	-1.73579e-06	-3.11143e-06	-1.64844e-07	-6.1789e-07	3.22932e-07	5.05594e-07	2.35277e-08	-1.44467e-07	-9.27941e-08	0	0	0	0	0	0	0	0	0	0	0	0	0	0	0	0	0	0	0	0	0	0	0	0	0	0	0	0	0	0	0	0	0	0	0	0	0	0	0	0	0	0	0	0	0	0	0	0	0	
0	0	0	0	0	0.00825948	-0.00137774	1.40901e-06	-3.16622e-06	-2.33771e-06	1.07742e-07	-2.23851e-06	4.63831e-07	-2.32463e-06	4.7026e-07	-1.37672e-07	5.21694e-08	5.59924e-08	5.71194e-08	-1.16337e-07	0	0	0	0	0	0	0	0	0	0	0	0	0	0	0	0	0	0	0	0	0	0	0	0	0	0	0	0	0	0	0	0	0	0	0	0	0	0	0	0	0	0	0	0	0	0	0	0	0	
0	0	0	0	0	0	0.0065175	-0.000302077	2.54802e-06	-1.2163e-06	-7.00731e-07	-1.29743e-07	4.47458e-07	1.78826e-07	-6.30717e-08	1.0049e-07	8.50694e-08	0	0	0	0	0	0	0	0	0	0	0	0	0	0	0	0	0	0	0	0	0	0	0	0	0	0	0	0	0	0	0	0	0	0	0	0	0	0	0	0	0	0	0	0	0	0	0	0	0	0	0	0	
0	0	0	0	0	0	0	0.00104106	-6.25814e-05	3.20402e-06	7.47183e-07	-4.77348e-07	6.73599e-07	2.79381e-07	2.0316e-09	0	0	0	0	0	0	0	0	0	0	0	0	0	0	0	0	0	0	0	0	0	0	0	0	0	0	0	0	0	0	0	0	0	0	0	0	0	0	0	0	0	0	0	0	0	0	0	0	0	0	0	0	0	0	
0	0	0	0	0	0	0	0	0.000195307	-1.67937e-05	-2.82141e-06	-1.11473e-06	-4.25443e-07	1.30346e-06	-7.99507e-08	-2.71375e-08	-7.47248e-08	0	1.1668e-07	0	0	0	0	0	0	0	0	0	0	0	0	0	0	0	0	0	0	0	0	0	0	0	0	0	0	0	0	0	0	0	0	0	0	0	0	0	0	0	0	0	0	0	0	0	0	0	0	0	0	
0	0	0	0	0	0	0	0	0	0.000156281	3.84369e-05	-3.54385e-07	2.84661e-06	9.32953e-09	1.33861e-07	-7.86153e-08	0	0	0	0	0	0	0	0	0	0	0	0	0	0	0	0	0	0	0	0	0	0	0	0	0	0	0	0	0	0	0	0	0	0	0	0	0	0	0	0	0	0	0	0	0	0	0	0	0	0	0	0	0	
0	0	0	0	0	0	0	0	0	0	-0.000211268	-8.13421e-06	7.61304e-06	7.85244e-06	7.36218e-06	-2.49125e-06	-2.72014e-06	1.28139e-06	1.39416e-07	-3.0584e-07	-2.10389e-07	0	0	0	0	0	0	0	0	0	0	0	0	0	0	0	0	0	0	0	0	0	0	0	0	0	0	0	0	0	0	0	0	0	0	0	0	0	0	0	0	0	0	0	0	0	0	0	0	
0	0	0	0	0	0	0	0	0	0	0	2.29561e-05	-8.90772e-05	3.83986e-07	0	0	0	0	0	0	0	0	0	0	0	0	0	0	0	0	0	0	0	0	0	0	0	0	0	0	0	0	0	0	0	0	0	0	0	0	0	0	0	0	0	0	0	0	0	0	0	0	0	0	0	0	0	0	0	
0	0	0	0	0	0	0	0	0	0	0	0	-1.32983e-06	-1.72832e-05	3.46175e-07	1.8928e-07	-1.15109e-07	0	0	0	0	0	0	0	0	0	0	0	0	0	0	0	0	0	0	0	0	0	0	0	0	0	0	0	0	0	0	0	0	0	0	0	0	0	0	0	0	0	0	0	0	0	0	0	0	0	0	0	0	
0	0	0	0	0	0	0	0	0	0	0	0	0	0.000121291	-6.20813e-05	0	0	0	0	0	0	0	0	0	0	0	0	0	0	0	0	0	0	0	0	0	0	0	0	0	0	0	0	0	0	0	0	0	0	0	0	0	0	0	0	0	0	0	0	0	0	0	0	0	0	0	0	0	0	
0	0	0	0	0	0	0	0	0	0	0	0	0	0	0.00012174	0.00010593	0	0	0	0	0	0	0	0	0	0	0	0	0	0	0	0	0	0	0	0	0	0	0	0	0	0	0	0	0	0	0	0	0	0	0	0	0	0	0	0	0	0	0	0	0	0	0	0	0	0	0	0	0	
0	0	0	0	0	0	0	0	0	0	0	0	0	0	0	-0.000112874	-0.000112013	0	0	0	0	0	0	0	0	0	0	0	0	0	0	0	0	0	0	0	0	0	0	0	0	0	0	0	0	0	0	0	0	0	0	0	0	0	0	0	0	0	0	0	0	0	0	0	0	0	0	0	0	
0	0	0	0	0	0	0	0	0	0	0	0	0	0	0	0	-7.49671e-05	-6.78164e-05	0	0	0	0	0	0	0	0	0	0	0	0	0	0	0	0	0	0	0	0	0	0	0	0	0	0	0	0	0	0	0	0	0	0	0	0	0	0	0	0	0	0	0	0	0	0	0	0	0	0	0	
0	0	0	0	0	0	0	0	0	0	0	0	0	0	0	0	0	-0.000225779	-0.000190069	0	0	0	0	0	0	0	0	0	0	0	0	0	0	0	0	0	0	0	0	0	0	0	0	0	0	0	0	0	0	0	0	0	0	0	0	0	0	0	0	0	0	0	0	0	0	0	0	0	0	
0	0	0	0	0	0	0	0	0	0	0	0	0	0	0	0	0	0	-5.65798e-05	-7.99328e-05	0	0	0	0	0	0	0	0	0	0	0	0	0	0	0	0	0	0	0	0	0	0	0	0	0	0	0	0	0	0	0	0	0	0	0	0	0	0	0	0	0	0	0	0	0	0	0	0	0	
0	0	0	0	0	0	0	0	0	0	0	0	0	0	0	0	0	0	0	0.000144706	-1.36083e-05	0	0	0	0	0	0	0	0	0	0	0	0	0	0	0	0	0	0	0	0	0	0	0	0	0	0	0	0	0	0	0	0	0	0	0	0	0	0	0	0	0	0	0	0	0	0	0	0	
0	0	0	0	0	0	0	0	0	0	0	0	0	0	0	0	0	0	0	0	0.0004337	-4.89359e-05	0	0	0	0	0	0	0	0	0	0	0	0	0	0	0	0	0	0	0	0	0	0	0	0	0	0	0	0	0	0	0	0	0	0	0	0	0	0	0	0	0	0	0	0	0	0	0	
0	0	0	0	0	0	0	0	0	0	0	0	0	0	0	0	0	0	0	0	0	-0.00012901	-2.88889e-05	0	0	0	0	0	0	0	0	0	0	0	0	0	0	0	0	0	0	0	0	0	0	0	0	0	0	0	0	0	0	0	0	0	0	0	0	0	0	0	0	0	0	0	0	0	0	
0	0	0	0	0	0	0	0	0	0	0	0	0	0	0	0	0	0	0	0	0	0	1.30527e-05	-9.51205e-06	0	0	0	0	0	0	0	0	0	0	0	0	0	0	0	0	0	0	0	0	0	0	0	0	0	0	0	0	0	0	0	0	0	0	0	0	0	0	0	0	0	0	0	0	0	
0	0	0	0	0	0	0	0	0	0	0	0	0	0	0	0	0	0	0	0	0	0	0	0.00023167	3.97758e-05	0	0	0	0	0	0	0	0	0	0	0	0	0	0	0	0	0	0	0	0	0	0	0	0	0	0	0	0	0	0	0	0	0	0	0	0	0	0	0	0	0	0	0	0	
0	0	0	0	0	0	0	0	0	0	0	0	0	0	0	0	0	0	0	0	0	0	0	0	-9.04061e-05	0.000123848	0	0	0	0	0	0	0	0	0	0	0	0	0	0	0	0	0	0	0	0	0	0	0	0	0	0	0	0	0	0	0	0	0	0	0	0	0	0	0	0	0	0	0	
0	0	0	0	0	0	0	0	0	0	0	0	0	0	0	0	0	0	0	0	0	0	0	0	0	-3.0913e-05	0.000167435	0	0	0	0	0	0	0	0	0	0	0	0	0	0	0	0	0	0	0	0	0	0	0	0	0	0	0	0	0	0	0	0	0	0	0	0	0	0	0	0	0	0	
0	0	0	0	0	0	0	0	0	0	0	0	0	0	0	0	0	0	0	0	0	0	0	0	0	6.02913e-07	0.000168241	0.000207945	-0.00021615	0	0	0	0	0	0	0	0	0	0	0	0	0	0	0	0	0	0	0	0	0	0	0	0	0	0	0	0	0	0	0	0	0	0	0	0	0	0	0	0	
0	0	0	0	0	0	0	0	0	0	0	0	0	0	0	0	0	0	0	0	0	0	0	0	0	0	4.98192e-06	-0.000502095	0.00153218	-0.000577553	-1.78489e-06	0	0	0	0	0	0	0	0	0	0	0	0	0	0	0	0	0	0	0	0	0	0	0	0	0	0	0	0	0	0	0	0	0	0	0	0	0	0	
0	0	0	0	0	0	0	0	0	0	0	0	0	0	0	0	0	0	0	0	0	0	0	0	0	0	0	-1.90253e-05	-0.00020692	0.000900579	-0.000492421	0	0	0	0	0	0	0	0	0	0	0	0	0	0	0	0	0	0	0	0	0	0	0	0	0	0	0	0	0	0	0	0	0	0	0	0	0	0	
0	0	0	0	0	0	0	0	0	0	0	0	0	0	0	0	0	0	0	0	0	0	0	0	0	0	0	0	-2.94972e-05	5.96438e-05	0.00049723	-0.000142893	-1.23706e-06	0	0	0	0	0	0	0	0	0	0	0	0	0	0	0	0	0	0	0	0	0	0	0	0	0	0	0	0	0	0	0	0	0	0	0	0	
0	0	0	0	0	0	0	0	0	0	0	0	0	0	0	0	0	0	0	0	0	0	0	0	0	0	0	0	0	3.19849e-06	0.000350441	-0.000213887	0.000392105	-4.87745e-05	-3.70679e-05	-4.87856e-05	-4.46048e-05	-3.11801e-05	-1.27502e-05	-8.92264e-06	-1.17801e-05	-7.1741e-06	-1.8234e-06	-1.07627e-06	0	0	0	0	0	0	0	0	0	0	0	0	0	0	0	0	0	0	0	0	0	0	0	0	0	
0	0	0	0	0	0	0	0	0	0	0	0	0	0	0	0	0	0	0	0	0	0	0	0	0	0	0	0	0	0	-3.74746e-05	0.000848909	-0.00219594	0.000472534	0.000580451	0.000504779	0.000371074	0.000164775	-2.6865e-07	-4.36078e-05	-7.78526e-05	-0.000152133	-0.000111782	-5.5874e-05	-1.73579e-05	0	0	0	0	0	0	0	0	0	0	0	0	0	0	0	0	0	0	0	0	0	0	0	0	
0	0	0	0	0	0	0	0	0	0	0	0	0	0	0	0	0	0	0	0	0	0	0	0	0	0	0	0	0	0	8.78286e-08	-9.21872e-05	0.00193657	-0.00106916	-0.000941805	-0.000909404	-0.000388209	0.000221445	0.000507246	0.000467876	0.00053184	0.000637013	0.00013638	-0.000223629	-0.000173547	-2.87152e-06	0	0	0	0	0	0	0	0	0	0	0	0	0	0	0	0	0	0	0	0	0	0	0	
0	0	0	0	0	0	0	0	0	0	0	0	0	0	0	0	0	0	0	0	0	0	0	0	0	0	0	0	0	0	0	-5.95244e-06	-0.000242375	0.00489161	-0.00123043	-0.00112874	-0.00180087	-0.00207105	-0.00100341	-7.25578e-05	0.000473731	0.00134099	0.00182883	8.28719e-05	-0.000416464	-7.34554e-06	0	0	0	0	0	0	0	0	0	0	0	0	0	0	0	0	0	0	0	0	0	0	0	
0	0	0	0	0	0	0	0	0	0	0	0	0	0	0	0	0	0	0	0	0	0	0	0	0	0	0	0	0	0	0	0	-0.000367505	0.000145051	0.00493044	-0.00114599	-0.000846806	-0.00198466	-0.00155893	-0.000748194	-0.000166443	0.00064658	0.00184921	0.00071147	-0.000449478	-6.30168e-06	0	0	0	0	0	0	0	0	0	0	0	0	0	0	0	0	0	0	0	0	0	0	0	
0	0	0	0	0	0	0	0	0	0	0	0	0	0	0	0	0	0	0	0	0	0	0	0	0	0	0	0	0	0	0	0	-9.56337e-05	-0.000183876	-0.0004064	0.00444169	-0.000608683	-0.00158825	-0.00226265	-0.00171469	-0.000835737	-1.29115e-05	0.00113849	0.00108242	-0.000483455	-2.36593e-05	0	0	0	0	0	0	0	0	0	0	0	0	0	0	0	0	0	0	0	0	0	0	0	
0	0	0	0	0	0	0	0	0	0	0	0	0	0	0	0	0	0	0	0	0	0	0	0	0	0	0	0	0	0	0	0	-5.9163e-05	-0.00012756	-0.000224541	-0.00051026	0.00516891	-0.000865129	-0.000794346	-0.00202362	-0.00159759	-0.000908529	0.00104784	0.00166556	-0.000315662	-3.38156e-05	0	0	0	0	0	0	0	0	0	0	0	0	0	0	0	0	0	0	0	0	0	0	0	
0	0	0	0	0	0	0	0	0	0	0	0	0	0	0	0	0	0	0	0	0	0	0	0	0	0	0	0	0	0	0	0	-1.23167e-05	-7.14616e-05	-0.000141286	-0.000184895	-0.000895216	0.0052502	-0.0014665	-0.000735479	-0.00184867	-0.00232298	8.98082e-05	0.00172276	-2.37241e-05	-6.57341e-05	0	0	0	0	0	0	0	0	0	0	0	0	0	0	0	0	0	0	0	0	0	0	0	
0	0	0	0	0	0	0	0	0	0	0	0	0	0	0	0	0	0	0	0	0	0	0	0	0	0	0	0	0	0	0	0	3.19519e-05	-3.03854e-05	-7.50337e-05	-6.64983e-05	-9.7303e-05	-0.000143609	0.0047987	-0.000299671	-0.00123669	-0.00315473	-0.00154054	0.00218872	0.000495047	-0.000168078	-5.40151e-06	0	0	0	0	0	0	0	0	0	0	0	0	0	0	0	0	0	0	0	0	0	0	
0	0	0	0	0	0	0	0	0	0	0	0	0	0	0	0	0	0	0	0	0	0	0	0	0	0	0	0	0	0	0	0	0	-1.61799e-05	-6.59456e-06	-2.60984e-05	-0.000145469	-0.000147956	-7.80152e-05	0.00473563	-0.000882163	-0.00194558	-0.00291969	0.00100891	0.00065575	-0.000273712	0	0	0	0	0	0	0	0	0	0	0	0	0	0	0	0	0	0	0	0	0	0	0	
0	0	0	0	0	0	0	0	0	0	0	0	0	0	0	0	0	0	0	0	0	0	0	0	0	0	0	0	0	0	0	0	-2.82094e-06	-4.72347e-06	8.78835e-06	2.03425e-05	-0.000118019	-0.000104473	-9.21605e-05	-0.000484547	0.00431874	-0.00104615	-0.00480679	-6.60459e-05	0.00180746	-0.000326341	-3.06785e-06	0	0	0	0	0	0	0	0	0	0	0	0	0	0	0	0	0	0	0	0	0	0	
0	0	0	0	0	0	0	0	0	0	0	0	0	0	0	0	0	0	0	0	0	0	0	0	0	0	0	0	0	0	0	0	0	0	5.5457e-06	2.13326e-06	-1.68965e-05	-3.65488e-05	-8.47401e-05	-0.000142535	-0.00024753	0.00461397	-0.00348805	-0.00196996	0.00248573	-0.000369301	-3.60883e-05	0	0	0	0	0	0	0	0	0	0	0	0	0	0	0	0	0	0	0	0	0	0	
0	0	0	0	0	0	0	0	0	0	0	0	0	0	0	0	0	0	0	0	0	0	0	0	0	0	0	0	0	0	0	0	0	0	0	-4.81889e-06	1.66648e-07	-1.85513e-06	-7.58765e-06	-8.71311e-05	-0.000114659	-0.000245528	0.00344755	-0.00435766	0.00150725	-0.000259327	-5.86843e-05	0	0	0	0	0	0	0	0	0	0	0	0	0	0	0	0	0	0	0	0	0	0	
0	0	0	0	0	0	0	0	0	0	0	0	0	0	0	0	0	0	0	0	0	0	0	0	0	0	0	0	0	0	0	0	0	0	0	0	0	-9.92468e-07	3.15879e-06	3.72342e-07	-1.16653e-06	-3.94121e-05	-0.000614967	0.00381315	-0.00245029	0.000639218	-0.000209136	-1.02133e-05	0	0	0	0	0	0	0	0	0	0	0	0	0	0	0	0	0	0	0	0	0	
0	0	0	0	0	0	0	0	0	0	0	0	0	0	0	0	0	0	0	0	0	0	0	0	0	0	0	0	0	0	0	0	0	0	0	0	0	0	6.96302e-07	6.64553e-07	-9.06388e-07	-1.61668e-06	-1.21843e-05	-0.000198188	0.000265156	-0.000405361	0.000202708	-7.71908e-05	-1.96334e-05	-4.45834e-06	-7.08033e-07	0	0	0	0	0	0	0	0	0	0	0	0	0	0	0	0	0	0	
0	0	0	0	0	0	0	0	0	0	0	0	0	0	0	0	0	0	0	0	0	0	0	0	0	0	0	0	0	0	0	0	0	0	0	0	0	0	0	0	0	0	0	1.28846e-06	-0.00030805	0.000599993	-0.000853907	0.000473072	-2.32808e-05	-3.6284e-05	-2.84477e-05	-1.75607e-05	-6.26734e-06	-7.51846e-09	0	0	0	0	0	0	0	0	0	0	0	0	0	0	0	
0	0	0	0	0	0	0	0	0	0	0	0	0	0	0	0	0	0	0	0	0	0	0	0	0	0	0	0	0	0	0	0	0	0	0	0	0	0	0	0	0	0	0	0	2.10687e-06	-0.000282385	0.000729962	-0.00116331	0.000383887	0.000301633	0.000163514	2.82788e-05	-4.71719e-05	-4.33132e-05	-7.93822e-06	0	0	0	0	0	0	0	0	0	0	0	0	0	0	
0	0	0	0	0	0	0	0	0	0	0	0	0	0	0	0	0	0	0	0	0	0	0	0	0	0	0	0	0	0	0	0	0	0	0	0	0	0	0	0	0	0	0	0	0	1.22563e-05	-0.000688812	0.00258906	-0.00210271	-0.00061134	0.000180825	0.0005759	0.000153029	-6.72553e-05	-5.1516e-05	-9.77799e-07	0	0	0	0	0	0	0	0	0	0	0	0	0	
0	0	0	0	0	0	0	0	0	0	0	0	0	0	0	0	0	0	0	0	0	0	0	0	0	0	0	0	0	0	0	0	0	0	0	0	0	0	0	0	0	0	0	0	0	-3.07619e-06	-2.52022e-05	-0.00100041	0.00342189	-0.00148192	-0.00157898	-0.000352689	0.000562374	0.000117943	-0.000110101	-3.03458e-05	-2.41251e-07	6.99342e-07	0	0	0	0	0	0	0	0	0	0	0	
0	0	0	0	0	0	0	0	0	0	0	0	0	0	0	0	0	0	0	0	0	0	0	0	0	0	0	0	0	0	0	0	0	0	0	0	0	0	0	0	0	0	0	0	0	0	-9.2161e-06	-0.000256561	-0.0012643	0.0037363	-0.00154357	-0.00199212	0.000250662	0.000492643	-7.59738e-05	-5.47762e-05	0	-1.88028e-06	0	0	0	0	0	0	0	0	0	0	0	
0	0	0	0	0	0	0	0	0	0	0	0	0	0	0	0	0	0	0	0	0	0	0	0	0	0	0	0	0	0	0	0	0	0	0	0	0	0	0	0	0	0	0	0	0	0	2.40881e-05	-5.61324e-06	-0.000458353	-0.000677171	0.0039679	-0.00259853	-0.000778096	0.000812024	0.000124074	-9.00625e-05	-1.19511e-05	-2.51144e-07	0	0	0	0	0	0	0	0	0	0	0	
0	0	0	0	0	0	0	0	0	0	0	0	0	0	0	0	0	0	0	0	0	0	0	0	0	0	0	0	0	0	0	0	0	0	0	0	0	0	0	0	0	0	0	0	0	0	-4.7674e-06	2.99469e-05	1.33611e-05	-0.000336649	-0.000632708	0.00339896	-0.00237157	-0.000248161	0.000470712	-1.2512e-05	-9.11169e-06	0	0	0	0	0	0	0	0	0	0	0	0	
0	0	0	0	0	0	0	0	0	0	0	0	0	0	0	0	0	0	0	0	0	0	0	0	0	0	0	0	0	0	0	0	0	0	0	0	0	0	0	0	0	0	0	0	0	0	3.00699e-07	4.67704e-06	5.38579e-06	-2.49823e-05	-0.000160381	-0.000992895	0.00315076	-0.002715	0.000587135	6.56025e-05	-3.00109e-05	-5.05085e-06	-1.98773e-06	0	0	0	0	0	0	0	0	0	0	
0	0	0	0	0	0	0	0	0	0	0	0	0	0	0	0	0	0	0	0	0	0	0	0	0	0	0	0	0	0	0	0	0	0	0	0	0	0	0	0	0	0	0	0	0	0	0	-6.27414e-07	2.58373e-06	9.4619e-06	1.51275e-05	-5.15998e-05	-0.000765797	0.00250234	-0.00200201	0.00054772	1.36101e-06	-1.80996e-05	-9.32393e-06	-4.93627e-06	-2.24261e-06	0	0	0	0	0	0	0	0	
0	0	0	0	0	0	0	0	0	0	0	0	0	0	0	0	0	0	0	0	0	0	0	0	0	0	0	0	0	0	0	0	0	0	0	0	0	0	0	0	0	0	0	0	0	0	0	0	-8.39134e-08	4.61131e-07	1.82667e-06	1.79394e-05	3.40214e-05	-0.000786793	0.00195439	-0.00153006	0.000393664	6.58907e-05	-7.40422e-06	-9.08168e-06	-5.99172e-06	-1.25529e-06	-1.22498e-06	5.80452e-07	-6.7442e-07	0	0	0	0	
0	0	0	0	0	0	0	0	0	0	0	0	0	0	0	0	0	0	0	0	0	0	0	0	0	0	0	0	0	0	0	0	0	0	0	0	0	0	0	0	0	0	0	0	0	0	0	0	0	-3.55462e-07	-1.5624e-07	5.14633e-07	1.06063e-06	4.80634e-05	-0.000604718	0.00159012	-0.00126671	-1.84632e-05	0.000143375	8.31833e-05	3.00953e-05	-1.97831e-06	-6.33931e-06	-4.84797e-06	-1.62353e-06	3.02463e-07	7.0928e-07	0	0	
0	0	0	0	0	0	0	0	0	0	0	0	0	0	0	0	0	0	0	0	0	0	0	0	0	0	0	0	0	0	0	0	0	0	0	0	0	0	0	0	0	0	0	0	0	0	0	0	0	0	0	1.81633e-07	-9.99367e-07	-2.2683e-06	9.63177e-05	-0.00123551	0.00283333	-0.00151008	-0.00049474	6.11982e-05	0.000133496	8.9838e-05	3.28709e-05	7.05898e-06	-7.57247e-06	-5.36638e-07	-1.39192e-06	-6.36429e-07	-2.53658e-07	
0	0	0	0	0	0	0	0	0	0	0	0	0	0	0	0	0	0	0	0	0	0	0	0	0	0	0	0	0	0	0	0	0	0	0	0	0	0	0	0	0	0	0	0	0	0	0	0	0	0	0	0	-1.31986e-07	-1.45047e-06	1.15342e-05	3.3047e-05	-0.0015823	0.00355755	-0.00107488	-0.000899526	-0.000171972	0.000115554	0.000102176	5.74175e-05	2.4918e-05	6.73428e-06	-2.31998e-06	-9.64336e-07	-1.02309e-06	
0	0	0	0	0	0	0	0	0	0	0	0	0	0	0	0	0	0	0	0	0	0	0	0	0	0	0	0	0	0	0	0	0	0	0	0	0	0	0	0	0	0	0	0	0	0	0	0	0	0	0	0	0	-2.94299e-07	-5.31697e-06	0.000109823	-0.000552205	-0.00134574	0.00390486	-0.00115745	-0.000974158	-0.000192115	0.00010554	0.000112932	6.28509e-05	1.3342e-05	-5.85975e-06	7.50243e-06	1.28625e-06	
0	0	0	0	0	0	0	0	0	0	0	0	0	0	0	0	0	0	0	0	0	0	0	0	0	0	0	0	0	0	0	0	0	0	0	0	0	0	0	0	0	0	0	0	0	0	0	0	0	0	0	0	0	-5.06682e-07	-3.71828e-06	9.43231e-05	1.18721e-05	-0.000892383	-0.00109354	0.0042457	-0.00118654	-0.000899746	-0.000273203	3.68969e-05	0.000115992	8.42902e-05	9.79824e-06	6.06297e-06	3.31215e-07	
0	0	0	0	0	0	0	0	0	0	0	0	0	0	0	0	0	0	0	0	0	0	0	0	0	0	0	0	0	0	0	0	0	0	0	0	0	0	0	0	0	0	0	0	0	0	0	0	0	0	0	0	0	0	-3.4466e-08	3.62575e-05	0.000146378	-0.000141517	-0.000794035	-0.000982314	0.00392849	-0.00117187	-0.000761624	-0.000350796	-1.22594e-05	5.58289e-05	6.31633e-05	1.52748e-05	-2.57195e-06	
0	0	0	0	0	0	0	0	0	0	0	0	0	0	0	0	0	0	0	0	0	0	0	0	0	0	0	0	0	0	0	0	0	0	0	0	0	0	0	0	0	0	0	0	0	0	0	0	0	0	0	0	0	0	-1.15168e-06	-2.58553e-06	8.98328e-05	9.81987e-05	-0.000176796	-0.00076866	-0.00107976	0.00391966	-0.00098333	-0.000755616	-0.000415534	-9.1435e-05	4.59744e-05	3.48164e-05	-7.82511e-06	
0	0	0	0	0	0	0	0	0	0	0	0	0	0	0	0	0	0	0	0	0	0	0	0	0	0	0	0	0	0	0	0	0	0	0	0	0	0	0	0	0	0	0	0	0	0	0	0	0	0	0	0	0	0	8.69636e-07	-1.56454e-05	2.52075e-05	0.000154908	5.30235e-05	-0.000178778	-0.000978942	-0.00115542	0.00433681	-0.00096204	-0.000803628	-0.000339701	4.22128e-05	3.28215e-05	5.29577e-06	
0	0	0	0	0	0	0	0	0	0	0	0	0	0	0	0	0	0	0	0	0	0	0	0	0	0	0	0	0	0	0	0	0	0	0	0	0	0	0	0	0	0	0	0	0	0	0	0	0	0	0	0	0	0	-1.41221e-07	-1.00009e-05	1.42824e-05	6.73005e-05	5.53071e-05	4.30519e-05	-0.00044512	-0.000868426	-0.000958839	0.00386902	-0.0012036	-0.000859061	-0.000230668	4.20144e-05	6.80039e-06	
0	0	0	0	0	0	0	0	0	0	0	0	0	0	0	0	0	0	0	0	0	0	0	0	0	0	0	0	0	0	0	0	0	0	0	0	0	0	0	0	0	0	0	0	0	0	0	0	0	0	0	0	0	0	0	-2.46468e-06	-1.37258e-05	3.35224e-05	6.44653e-05	0.000121789	-3.71742e-05	-0.000510127	-0.000812261	-0.0010737	0.00404454	-0.000962863	-0.000640805	-0.000107533	-2.17786e-05	
0	0	0	0	0	0	0	0	0	0	0	0	0	0	0	0	0	0	0	0	0	0	0	0	0	0	0	0	0	0	0	0	0	0	0	0	0	0	0	0	0	0	0	0	0	0	0	0	0	0	0	0	0	0	0	7.38223e-07	-4.58864e-06	2.67973e-06	4.93099e-05	6.48951e-05	0.000124247	3.73178e-05	-0.000441476	-0.000837414	-0.000989804	0.00341091	-0.000988108	-0.000545017	-3.60995e-05	
0	0	0	0	0	0	0	0	0	0	0	0	0	0	0	0	0	0	0	0	0	0	0	0	0	0	0	0	0	0	0	0	0	0	0	0	0	0	0	0	0	0	0	0	0	0	0	0	0	0	0	0	0	0	0	-6.77406e-07	-2.10242e-06	9.69672e-07	7.34541e-06	3.00465e-05	7.64235e-05	0.000120803	5.87003e-05	-0.000275502	-0.000910263	-0.00122956	0.00352298	-0.00100748	-0.000203676	
0	0	0	0	0	0	0	0	0	0	0	0	0	0	0	0	0	0	0	0	0	0	0	0	0	0	0	0	0	0	0	0	0	0	0	0	0	0	0	0	0	0	0	0	0	0	0	0	0	0	0	0	0	0	0	0	1.13278e-06	-5.40193e-06	-7.18155e-06	9.28814e-06	5.0534e-05	5.8242e-05	6.2178e-05	6.35077e-05	-0.000138808	-0.000773464	-0.00137938	0.00370422	-0.000720216	
0	0	0	0	0	0	0	0	0	0	0	0	0	0	0	0	0	0	0	0	0	0	0	0	0	0	0	0	0	0	0	0	0	0	0	0	0	0	0	0	0	0	0	0	0	0	0	0	0	0	0	0	0	0	0	0	2.74495e-06	0	1.38092e-06	-9.63807e-06	-1.27325e-05	9.29392e-05	1.43737e-05	7.74116e-05	1.49678e-05	-0.000103339	-0.00100819	-0.00168943	0.00337257	  ); 
scatteringMultiplicity ( 
1	1	1.02174	1.07399	1.16305	1.28257	1.39648	1.51041	1.6067	1.67647	1.72756	1.66356	1.74237	1.91994	1.75017	1.74984	1	2	1.66633	1	2	1	1	1	1	1	1	1	1	1	1	1	1	1	1	1	1	1	1	1	1	1	1	1	1	1	1	1	1	1	1	1	1	1	1	1	1	1	1	1	1	1	1	1	1	1	1	1	1	
1	1	1	1	1	1	1.00007	1.0002	1.00059	1.00103	1.0005	1.00132	1	1.01257	1	1	1	1	1	1	1	1	1	1	1	1	1	1	1	1	1	1	1	1	1	1	1	1	1	1	1	1	1	1	1	1	1	1	1	1	1	1	1	1	1	1	1	1	1	1	1	1	1	1	1	1	1	1	1	
1	1	1	1	1	1	1	1	1	1	1	1	1	1	1	1	1	1	1	1	1	1	1	1	1	1	1	1	1	1	1	1	1	1	1	1	1	1	1	1	1	1	1	1	1	1	1	1	1	1	1	1	1	1	1	1	1	1	1	1	1	1	1	1	1	1	1	1	1	
1	1	1	1	1	1	1	1	1	1	1	1	1	1	1	1	1	1	1	1	1	1	1	1	1	1	1	1	1	1	1	1	1	1	1	1	1	1	1	1	1	1	1	1	1	1	1	1	1	1	1	1	1	1	1	1	1	1	1	1	1	1	1	1	1	1	1	1	1	
1	1	1	1	1	1	1	1	1	1	1	1	1	1	1	1	1	1	1	1	1	1	1	1	1	1	1	1	1	1	1	1	1	1	1	1	1	1	1	1	1	1	1	1	1	1	1	1	1	1	1	1	1	1	1	1	1	1	1	1	1	1	1	1	1	1	1	1	1	
1	1	1	1	1	1	1	1	1	1	1	1	1	1	1	1	1	1	1	1	1	1	1	1	1	1	1	1	1	1	1	1	1	1	1	1	1	1	1	1	1	1	1	1	1	1	1	1	1	1	1	1	1	1	1	1	1	1	1	1	1	1	1	1	1	1	1	1	1	
1	1	1	1	1	1	1	1	1	1	1	1	1	1	1	1	1	1	1	1	1	1	1	1	1	1	1	1	1	1	1	1	1	1	1	1	1	1	1	1	1	1	1	1	1	1	1	1	1	1	1	1	1	1	1	1	1	1	1	1	1	1	1	1	1	1	1	1	1	
1	1	1	1	1	1	1	1	1	1	1	1	1	1	1	1	1	1	1	1	1	1	1	1	1	1	1	1	1	1	1	1	1	1	1	1	1	1	1	1	1	1	1	1	1	1	1	1	1	1	1	1	1	1	1	1	1	1	1	1	1	1	1	1	1	1	1	1	1	
1	1	1	1	1	1	1	1	1	1	1	1	1	1	1	1	1	1	1	1	1	1	1	1	1	1	1	1	1	1	1	1	1	1	1	1	1	1	1	1	1	1	1	1	1	1	1	1	1	1	1	1	1	1	1	1	1	1	1	1	1	1	1	1	1	1	1	1	1	
1	1	1	1	1	1	1	1	1	1	1	1	1	1	1	1	1	1	1	1	1	1	1	1	1	1	1	1	1	1	1	1	1	1	1	1	1	1	1	1	1	1	1	1	1	1	1	1	1	1	1	1	1	1	1	1	1	1	1	1	1	1	1	1	1	1	1	1	1	
1	1	1	1	1	1	1	1	1	1	1	1	1	1	1	1	1	1	1	1	1	1	1	1	1	1	1	1	1	1	1	1	1	1	1	1	1	1	1	1	1	1	1	1	1	1	1	1	1	1	1	1	1	1	1	1	1	1	1	1	1	1	1	1	1	1	1	1	1	
1	1	1	1	1	1	1	1	1	1	1	1	1	1	1	1	1	1	1	1	1	1	1	1	1	1	1	1	1	1	1	1	1	1	1	1	1	1	1	1	1	1	1	1	1	1	1	1	1	1	1	1	1	1	1	1	1	1	1	1	1	1	1	1	1	1	1	1	1	
1	1	1	1	1	1	1	1	1	1	1	1	1	1	1	1	1	1	1	1	1	1	1	1	1	1	1	1	1	1	1	1	1	1	1	1	1	1	1	1	1	1	1	1	1	1	1	1	1	1	1	1	1	1	1	1	1	1	1	1	1	1	1	1	1	1	1	1	1	
1	1	1	1	1	1	1	1	1	1	1	1	1	1	1	1	1	1	1	1	1	1	1	1	1	1	1	1	1	1	1	1	1	1	1	1	1	1	1	1	1	1	1	1	1	1	1	1	1	1	1	1	1	1	1	1	1	1	1	1	1	1	1	1	1	1	1	1	1	
1	1	1	1	1	1	1	1	1	1	1	1	1	1	1	1	1	1	1	1	1	1	1	1	1	1	1	1	1	1	1	1	1	1	1	1	1	1	1	1	1	1	1	1	1	1	1	1	1	1	1	1	1	1	1	1	1	1	1	1	1	1	1	1	1	1	1	1	1	
1	1	1	1	1	1	1	1	1	1	1	1	1	1	1	1	1	1	1	1	1	1	1	1	1	1	1	1	1	1	1	1	1	1	1	1	1	1	1	1	1	1	1	1	1	1	1	1	1	1	1	1	1	1	1	1	1	1	1	1	1	1	1	1	1	1	1	1	1	
1	1	1	1	1	1	1	1	1	1	1	1	1	1	1	1	1	1	1	1	1	1	1	1	1	1	1	1	1	1	1	1	1	1	1	1	1	1	1	1	1	1	1	1	1	1	1	1	1	1	1	1	1	1	1	1	1	1	1	1	1	1	1	1	1	1	1	1	1	
1	1	1	1	1	1	1	1	1	1	1	1	1	1	1	1	1	1	1	1	1	1	1	1	1	1	1	1	1	1	1	1	1	1	1	1	1	1	1	1	1	1	1	1	1	1	1	1	1	1	1	1	1	1	1	1	1	1	1	1	1	1	1	1	1	1	1	1	1	
1	1	1	1	1	1	1	1	1	1	1	1	1	1	1	1	1	1	1	1	1	1	1	1	1	1	1	1	1	1	1	1	1	1	1	1	1	1	1	1	1	1	1	1	1	1	1	1	1	1	1	1	1	1	1	1	1	1	1	1	1	1	1	1	1	1	1	1	1	
1	1	1	1	1	1	1	1	1	1	1	1	1	1	1	1	1	1	1	1	1	1	1	1	1	1	1	1	1	1	1	1	1	1	1	1	1	1	1	1	1	1	1	1	1	1	1	1	1	1	1	1	1	1	1	1	1	1	1	1	1	1	1	1	1	1	1	1	1	
1	1	1	1	1	1	1	1	1	1	1	1	1	1	1	1	1	1	1	1	1	1	1	1	1	1	1	1	1	1	1	1	1	1	1	1	1	1	1	1	1	1	1	1	1	1	1	1	1	1	1	1	1	1	1	1	1	1	1	1	1	1	1	1	1	1	1	1	1	
1	1	1	1	1	1	1	1	1	1	1	1	1	1	1	1	1	1	1	1	1	1	1	1	1	1	1	1	1	1	1	1	1	1	1	1	1	1	1	1	1	1	1	1	1	1	1	1	1	1	1	1	1	1	1	1	1	1	1	1	1	1	1	1	1	1	1	1	1	
1	1	1	1	1	1	1	1	1	1	1	1	1	1	1	1	1	1	1	1	1	1	1	1	1	1	1	1	1	1	1	1	1	1	1	1	1	1	1	1	1	1	1	1	1	1	1	1	1	1	1	1	1	1	1	1	1	1	1	1	1	1	1	1	1	1	1	1	1	
1	1	1	1	1	1	1	1	1	1	1	1	1	1	1	1	1	1	1	1	1	1	1	1	1	1	1	1	1	1	1	1	1	1	1	1	1	1	1	1	1	1	1	1	1	1	1	1	1	1	1	1	1	1	1	1	1	1	1	1	1	1	1	1	1	1	1	1	1	
1	1	1	1	1	1	1	1	1	1	1	1	1	1	1	1	1	1	1	1	1	1	1	1	1	1	1	1	1	1	1	1	1	1	1	1	1	1	1	1	1	1	1	1	1	1	1	1	1	1	1	1	1	1	1	1	1	1	1	1	1	1	1	1	1	1	1	1	1	
1	1	1	1	1	1	1	1	1	1	1	1	1	1	1	1	1	1	1	1	1	1	1	1	1	1	1	1	1	1	1	1	1	1	1	1	1	1	1	1	1	1	1	1	1	1	1	1	1	1	1	1	1	1	1	1	1	1	1	1	1	1	1	1	1	1	1	1	1	
1	1	1	1	1	1	1	1	1	1	1	1	1	1	1	1	1	1	1	1	1	1	1	1	1	1	1	1	1	1	1	1	1	1	1	1	1	1	1	1	1	1	1	1	1	1	1	1	1	1	1	1	1	1	1	1	1	1	1	1	1	1	1	1	1	1	1	1	1	
1	1	1	1	1	1	1	1	1	1	1	1	1	1	1	1	1	1	1	1	1	1	1	1	1	1	1	1	1	1	1	1	1	1	1	1	1	1	1	1	1	1	1	1	1	1	1	1	1	1	1	1	1	1	1	1	1	1	1	1	1	1	1	1	1	1	1	1	1	
1	1	1	1	1	1	1	1	1	1	1	1	1	1	1	1	1	1	1	1	1	1	1	1	1	1	1	1	1	1	1	1	1	1	1	1	1	1	1	1	1	1	1	1	1	1	1	1	1	1	1	1	1	1	1	1	1	1	1	1	1	1	1	1	1	1	1	1	1	
1	1	1	1	1	1	1	1	1	1	1	1	1	1	1	1	1	1	1	1	1	1	1	1	1	1	1	1	1	1	1	1	1	1	1	1	1	1	1	1	1	1	1	1	1	1	1	1	1	1	1	1	1	1	1	1	1	1	1	1	1	1	1	1	1	1	1	1	1	
1	1	1	1	1	1	1	1	1	1	1	1	1	1	1	1	1	1	1	1	1	1	1	1	1	1	1	1	1	1	1	1	1	1	1	1	1	1	1	1	1	1	1	1	1	1	1	1	1	1	1	1	1	1	1	1	1	1	1	1	1	1	1	1	1	1	1	1	1	
1	1	1	1	1	1	1	1	1	1	1	1	1	1	1	1	1	1	1	1	1	1	1	1	1	1	1	1	1	1	1	1	1	1	1	1	1	1	1	1	1	1	1	1	1	1	1	1	1	1	1	1	1	1	1	1	1	1	1	1	1	1	1	1	1	1	1	1	1	
1	1	1	1	1	1	1	1	1	1	1	1	1	1	1	1	1	1	1	1	1	1	1	1	1	1	1	1	1	1	1	1	1	1	1	1	1	1	1	1	1	1	1	1	1	1	1	1	1	1	1	1	1	1	1	1	1	1	1	1	1	1	1	1	1	1	1	1	1	
1	1	1	1	1	1	1	1	1	1	1	1	1	1	1	1	1	1	1	1	1	1	1	1	1	1	1	1	1	1	1	1	1	1	1	1	1	1	1	1	1	1	1	1	1	1	1	1	1	1	1	1	1	1	1	1	1	1	1	1	1	1	1	1	1	1	1	1	1	
1	1	1	1	1	1	1	1	1	1	1	1	1	1	1	1	1	1	1	1	1	1	1	1	1	1	1	1	1	1	1	1	1	1	1	1	1	1	1	1	1	1	1	1	1	1	1	1	1	1	1	1	1	1	1	1	1	1	1	1	1	1	1	1	1	1	1	1	1	
1	1	1	1	1	1	1	1	1	1	1	1	1	1	1	1	1	1	1	1	1	1	1	1	1	1	1	1	1	1	1	1	1	1	1	1	1	1	1	1	1	1	1	1	1	1	1	1	1	1	1	1	1	1	1	1	1	1	1	1	1	1	1	1	1	1	1	1	1	
1	1	1	1	1	1	1	1	1	1	1	1	1	1	1	1	1	1	1	1	1	1	1	1	1	1	1	1	1	1	1	1	1	1	1	1	1	1	1	1	1	1	1	1	1	1	1	1	1	1	1	1	1	1	1	1	1	1	1	1	1	1	1	1	1	1	1	1	1	
1	1	1	1	1	1	1	1	1	1	1	1	1	1	1	1	1	1	1	1	1	1	1	1	1	1	1	1	1	1	1	1	1	1	1	1	1	1	1	1	1	1	1	1	1	1	1	1	1	1	1	1	1	1	1	1	1	1	1	1	1	1	1	1	1	1	1	1	1	
1	1	1	1	1	1	1	1	1	1	1	1	1	1	1	1	1	1	1	1	1	1	1	1	1	1	1	1	1	1	1	1	1	1	1	1	1	1	1	1	1	1	1	1	1	1	1	1	1	1	1	1	1	1	1	1	1	1	1	1	1	1	1	1	1	1	1	1	1	
1	1	1	1	1	1	1	1	1	1	1	1	1	1	1	1	1	1	1	1	1	1	1	1	1	1	1	1	1	1	1	1	1	1	1	1	1	1	1	1	1	1	1	1	1	1	1	1	1	1	1	1	1	1	1	1	1	1	1	1	1	1	1	1	1	1	1	1	1	
1	1	1	1	1	1	1	1	1	1	1	1	1	1	1	1	1	1	1	1	1	1	1	1	1	1	1	1	1	1	1	1	1	1	1	1	1	1	1	1	1	1	1	1	1	1	1	1	1	1	1	1	1	1	1	1	1	1	1	1	1	1	1	1	1	1	1	1	1	
1	1	1	1	1	1	1	1	1	1	1	1	1	1	1	1	1	1	1	1	1	1	1	1	1	1	1	1	1	1	1	1	1	1	1	1	1	1	1	1	1	1	1	1	1	1	1	1	1	1	1	1	1	1	1	1	1	1	1	1	1	1	1	1	1	1	1	1	1	
1	1	1	1	1	1	1	1	1	1	1	1	1	1	1	1	1	1	1	1	1	1	1	1	1	1	1	1	1	1	1	1	1	1	1	1	1	1	1	1	1	1	1	1	1	1	1	1	1	1	1	1	1	1	1	1	1	1	1	1	1	1	1	1	1	1	1	1	1	
1	1	1	1	1	1	1	1	1	1	1	1	1	1	1	1	1	1	1	1	1	1	1	1	1	1	1	1	1	1	1	1	1	1	1	1	1	1	1	1	1	1	1	1	1	1	1	1	1	1	1	1	1	1	1	1	1	1	1	1	1	1	1	1	1	1	1	1	1	
1	1	1	1	1	1	1	1	1	1	1	1	1	1	1	1	1	1	1	1	1	1	1	1	1	1	1	1	1	1	1	1	1	1	1	1	1	1	1	1	1	1	1	1	1	1	1	1	1	1	1	1	1	1	1	1	1	1	1	1	1	1	1	1	1	1	1	1	1	
1	1	1	1	1	1	1	1	1	1	1	1	1	1	1	1	1	1	1	1	1	1	1	1	1	1	1	1	1	1	1	1	1	1	1	1	1	1	1	1	1	1	1	1	1	1	1	1	1	1	1	1	1	1	1	1	1	1	1	1	1	1	1	1	1	1	1	1	1	
1	1	1	1	1	1	1	1	1	1	1	1	1	1	1	1	1	1	1	1	1	1	1	1	1	1	1	1	1	1	1	1	1	1	1	1	1	1	1	1	1	1	1	1	1	1	1	1	1	1	1	1	1	1	1	1	1	1	1	1	1	1	1	1	1	1	1	1	1	
1	1	1	1	1	1	1	1	1	1	1	1	1	1	1	1	1	1	1	1	1	1	1	1	1	1	1	1	1	1	1	1	1	1	1	1	1	1	1	1	1	1	1	1	1	1	1	1	1	1	1	1	1	1	1	1	1	1	1	1	1	1	1	1	1	1	1	1	1	
1	1	1	1	1	1	1	1	1	1	1	1	1	1	1	1	1	1	1	1	1	1	1	1	1	1	1	1	1	1	1	1	1	1	1	1	1	1	1	1	1	1	1	1	1	1	1	1	1	1	1	1	1	1	1	1	1	1	1	1	1	1	1	1	1	1	1	1	1	
1	1	1	1	1	1	1	1	1	1	1	1	1	1	1	1	1	1	1	1	1	1	1	1	1	1	1	1	1	1	1	1	1	1	1	1	1	1	1	1	1	1	1	1	1	1	1	1	1	1	1	1	1	1	1	1	1	1	1	1	1	1	1	1	1	1	1	1	1	
1	1	1	1	1	1	1	1	1	1	1	1	1	1	1	1	1	1	1	1	1	1	1	1	1	1	1	1	1	1	1	1	1	1	1	1	1	1	1	1	1	1	1	1	1	1	1	1	1	1	1	1	1	1	1	1	1	1	1	1	1	1	1	1	1	1	1	1	1	
1	1	1	1	1	1	1	1	1	1	1	1	1	1	1	1	1	1	1	1	1	1	1	1	1	1	1	1	1	1	1	1	1	1	1	1	1	1	1	1	1	1	1	1	1	1	1	1	1	1	1	1	1	1	1	1	1	1	1	1	1	1	1	1	1	1	1	1	1	
1	1	1	1	1	1	1	1	1	1	1	1	1	1	1	1	1	1	1	1	1	1	1	1	1	1	1	1	1	1	1	1	1	1	1	1	1	1	1	1	1	1	1	1	1	1	1	1	1	1	1	1	1	1	1	1	1	1	1	1	1	1	1	1	1	1	1	1	1	
1	1	1	1	1	1	1	1	1	1	1	1	1	1	1	1	1	1	1	1	1	1	1	1	1	1	1	1	1	1	1	1	1	1	1	1	1	1	1	1	1	1	1	1	1	1	1	1	1	1	1	1	1	1	1	1	1	1	1	1	1	1	1	1	1	1	1	1	1	
1	1	1	1	1	1	1	1	1	1	1	1	1	1	1	1	1	1	1	1	1	1	1	1	1	1	1	1	1	1	1	1	1	1	1	1	1	1	1	1	1	1	1	1	1	1	1	1	1	1	1	1	1	1	1	1	1	1	1	1	1	1	1	1	1	1	1	1	1	
1	1	1	1	1	1	1	1	1	1	1	1	1	1	1	1	1	1	1	1	1	1	1	1	1	1	1	1	1	1	1	1	1	1	1	1	1	1	1	1	1	1	1	1	1	1	1	1	1	1	1	1	1	1	1	1	1	1	1	1	1	1	1	1	1	1	1	1	1	
1	1	1	1	1	1	1	1	1	1	1	1	1	1	1	1	1	1	1	1	1	1	1	1	1	1	1	1	1	1	1	1	1	1	1	1	1	1	1	1	1	1	1	1	1	1	1	1	1	1	1	1	1	1	1	1	1	1	1	1	1	1	1	1	1	1	1	1	1	
1	1	1	1	1	1	1	1	1	1	1	1	1	1	1	1	1	1	1	1	1	1	1	1	1	1	1	1	1	1	1	1	1	1	1	1	1	1	1	1	1	1	1	1	1	1	1	1	1	1	1	1	1	1	1	1	1	1	1	1	1	1	1	1	1	1	1	1	1	
1	1	1	1	1	1	1	1	1	1	1	1	1	1	1	1	1	1	1	1	1	1	1	1	1	1	1	1	1	1	1	1	1	1	1	1	1	1	1	1	1	1	1	1	1	1	1	1	1	1	1	1	1	1	1	1	1	1	1	1	1	1	1	1	1	1	1	1	1	
1	1	1	1	1	1	1	1	1	1	1	1	1	1	1	1	1	1	1	1	1	1	1	1	1	1	1	1	1	1	1	1	1	1	1	1	1	1	1	1	1	1	1	1	1	1	1	1	1	1	1	1	1	1	1	1	1	1	1	1	1	1	1	1	1	1	1	1	1	
1	1	1	1	1	1	1	1	1	1	1	1	1	1	1	1	1	1	1	1	1	1	1	1	1	1	1	1	1	1	1	1	1	1	1	1	1	1	1	1	1	1	1	1	1	1	1	1	1	1	1	1	1	1	1	1	1	1	1	1	1	1	1	1	1	1	1	1	1	
1	1	1	1	1	1	1	1	1	1	1	1	1	1	1	1	1	1	1	1	1	1	1	1	1	1	1	1	1	1	1	1	1	1	1	1	1	1	1	1	1	1	1	1	1	1	1	1	1	1	1	1	1	1	1	1	1	1	1	1	1	1	1	1	1	1	1	1	1	
1	1	1	1	1	1	1	1	1	1	1	1	1	1	1	1	1	1	1	1	1	1	1	1	1	1	1	1	1	1	1	1	1	1	1	1	1	1	1	1	1	1	1	1	1	1	1	1	1	1	1	1	1	1	1	1	1	1	1	1	1	1	1	1	1	1	1	1	1	
1	1	1	1	1	1	1	1	1	1	1	1	1	1	1	1	1	1	1	1	1	1	1	1	1	1	1	1	1	1	1	1	1	1	1	1	1	1	1	1	1	1	1	1	1	1	1	1	1	1	1	1	1	1	1	1	1	1	1	1	1	1	1	1	1	1	1	1	1	
1	1	1	1	1	1	1	1	1	1	1	1	1	1	1	1	1	1	1	1	1	1	1	1	1	1	1	1	1	1	1	1	1	1	1	1	1	1	1	1	1	1	1	1	1	1	1	1	1	1	1	1	1	1	1	1	1	1	1	1	1	1	1	1	1	1	1	1	1	
1	1	1	1	1	1	1	1	1	1	1	1	1	1	1	1	1	1	1	1	1	1	1	1	1	1	1	1	1	1	1	1	1	1	1	1	1	1	1	1	1	1	1	1	1	1	1	1	1	1	1	1	1	1	1	1	1	1	1	1	1	1	1	1	1	1	1	1	1	
1	1	1	1	1	1	1	1	1	1	1	1	1	1	1	1	1	1	1	1	1	1	1	1	1	1	1	1	1	1	1	1	1	1	1	1	1	1	1	1	1	1	1	1	1	1	1	1	1	1	1	1	1	1	1	1	1	1	1	1	1	1	1	1	1	1	1	1	1	
1	1	1	1	1	1	1	1	1	1	1	1	1	1	1	1	1	1	1	1	1	1	1	1	1	1	1	1	1	1	1	1	1	1	1	1	1	1	1	1	1	1	1	1	1	1	1	1	1	1	1	1	1	1	1	1	1	1	1	1	1	1	1	1	1	1	1	1	1	
1	1	1	1	1	1	1	1	1	1	1	1	1	1	1	1	1	1	1	1	1	1	1	1	1	1	1	1	1	1	1	1	1	1	1	1	1	1	1	1	1	1	1	1	1	1	1	1	1	1	1	1	1	1	1	1	1	1	1	1	1	1	1	1	1	1	1	1	1	  ); 
