numberOfGroups 69; 
capture ( 0.0046477    0.001589   1.557e-05  7.3085e-06  4.9897e-06  7.9642e-06  1.2919e-05  1.8117e-05   2.489e-05  3.2008e-05  4.1209e-05  5.3949e-05  7.0642e-05  9.2603e-05  0.00012097  0.00015529  0.00019617  0.00024643  0.00030891  0.00043673   0.0006882   0.0010203   0.0013524   0.0017395   0.0022939   0.0029645   0.0042145   0.0055122   0.0061476   0.0069116   0.0078875   0.0088903   0.0094966   0.0098722   0.0099893    0.010104    0.010219    0.010331     0.01044    0.010568    0.010701    0.010882    0.011181    0.011637    0.012575    0.014067    0.015697    0.017138    0.018122     0.01883    0.019481    0.020373    0.021647    0.023539    0.026379    0.030646    0.035138    0.038766    0.041981    0.045192    0.048974    0.053457    0.058187    0.063271    0.069984    0.079333    0.093943     0.12073     0.19703); 
P0 ( 
0.0271676	0.0385243	0.0177479	0.011944	0.0078902	0.00479353	0.00283306	0.00170021	0.000988686	0.000573465	0.000342165	0.000207455	0.000127496	7.33824e-05	4.59886e-05	2.56107e-05	1.68062e-05	9.83412e-06	6.53094e-06	6.92232e-06	2.71495e-06	1.05189e-06	3.18131e-07	1.71226e-07	1.71407e-07	9.78541e-08	7.34039e-08	0	0	0	0	0	0	0	0	0	0	0	0	0	0	0	0	0	0	0	0	0	0	0	0	0	0	0	0	0	0	0	0	0	0	0	0	0	0	0	0	0	0	
0	0.0604209	0.0533296	0.0230043	0.0140595	0.00852611	0.0052609	0.00318489	0.00192267	0.00116716	0.000712191	0.000429453	0.000262228	0.000159241	9.63205e-05	5.39438e-05	3.39808e-05	2.20792e-05	1.33348e-05	1.49917e-05	6.354e-06	1.83609e-06	6.94216e-07	5.37426e-07	3.07924e-07	1.736e-07	1.56774e-07	2.79934e-08	5.58665e-09	1.67976e-08	1.11881e-08	5.5967e-09	1.12024e-08	5.60248e-09	0	0	0	5.59758e-09	0	0	5.60145e-09	0	0	0	5.59851e-09	0	0	0	0	0	0	0	0	0	0	0	0	0	0	0	0	0	0	0	0	0	0	0	0	
0	0	0.0700086	0.0577777	0.0312947	0.0189786	0.011698	0.00709847	0.00427383	0.00259626	0.00157925	0.00095676	0.000581093	0.000352136	0.000211975	0.000119289	7.57601e-05	4.85063e-05	3.06338e-05	3.16006e-05	1.29195e-05	4.34967e-06	1.69463e-06	1.19531e-06	7.42048e-07	4.20964e-07	4.12818e-07	5.12639e-08	2.15957e-08	2.96931e-08	2.96927e-08	1.3495e-08	5.40155e-09	5.40249e-09	0	0	2.6935e-09	5.39409e-09	5.39186e-09	0	0	0	0	8.10188e-09	1.07828e-08	1.08009e-08	2.69964e-09	0	0	0	0	0	0	0	0	0	0	0	0	0	0	0	0	0	0	0	0	0	0	
0	0	0	0.0906643	0.0829511	0.0400968	0.0247214	0.0149869	0.00903724	0.00548614	0.00332862	0.00201751	0.00122762	0.000740994	0.000450652	0.000252821	0.000159771	0.000102331	6.5183e-05	6.79132e-05	2.74441e-05	9.06725e-06	3.34724e-06	2.58487e-06	1.512e-06	7.37088e-07	7.47159e-07	7.57345e-08	9.34225e-08	7.82598e-08	7.82593e-08	2.27229e-08	2.02023e-08	5.04964e-09	5.05147e-09	0	2.52904e-09	2.52559e-09	5.04804e-09	5.05622e-09	0	2.52893e-09	1.00937e-08	1.01008e-08	1.51554e-08	2.01901e-08	5.05283e-09	2.52446e-09	0	5.0404e-09	0	0	0	0	2.52677e-09	0	0	0	0	0	0	0	0	0	0	0	0	0	0	
0	0	0	0	0.155105	0.12085	0.0531454	0.0322087	0.0194197	0.011783	0.00714854	0.00433973	0.00263791	0.00159987	0.00096918	0.000540934	0.000343997	0.000219608	0.000139945	0.000146685	5.90559e-05	1.99538e-05	7.42085e-06	5.29921e-06	2.93251e-06	1.68923e-06	1.64443e-06	1.84038e-07	1.89582e-07	1.3662e-07	1.756e-07	4.181e-08	5.5752e-08	2.78706e-09	1.67215e-08	5.57095e-09	1.39301e-08	0	1.67139e-08	1.1153e-08	5.57714e-09	8.36244e-09	3.06669e-08	1.39411e-08	3.06714e-08	1.95129e-08	1.95177e-08	8.36465e-09	8.36053e-09	0	5.56772e-09	2.79192e-09	0	0	5.56984e-09	0	0	0	0	0	0	2.78178e-09	0	0	0	0	0	0	0	
0	0	0	0	0	0.161075	0.129561	0.0671826	0.0405063	0.0245797	0.0149094	0.00904668	0.00548494	0.003328	0.00201769	0.00113226	0.000718843	0.000459563	0.000292499	0.000305017	0.000123616	4.11793e-05	1.5211e-05	1.12369e-05	6.65844e-06	3.33474e-06	3.34534e-06	4.34135e-07	3.96818e-07	3.11649e-07	3.755e-07	1.14528e-07	1.09205e-07	1.86449e-08	2.39757e-08	5.33185e-09	5.33531e-09	1.59758e-08	1.59661e-08	1.8643e-08	1.86473e-08	2.6642e-08	3.73031e-08	4.52935e-08	1.01215e-07	7.18887e-08	4.26169e-08	1.06569e-08	3.19435e-08	1.33223e-08	2.66302e-09	1.06515e-08	2.13252e-08	1.86406e-08	2.665e-08	1.33141e-08	0	2.65714e-09	0	2.66316e-09	0	2.6666e-09	0	0	0	0	0	0	0	
0	0	0	0	0	0	0.267155	0.187147	0.0891433	0.0540408	0.0328034	0.0198965	0.0120788	0.0073279	0.00444352	0.00249822	0.00158747	0.00100704	0.000642681	0.000664635	0.000271745	8.99492e-05	3.37821e-05	2.46981e-05	1.48268e-05	7.41722e-06	7.50673e-06	8.89355e-07	9.00998e-07	5.86267e-07	7.88312e-07	2.56281e-07	1.59233e-07	3.10844e-08	1.94195e-08	3.49377e-08	1.94109e-08	5.43644e-08	3.11027e-08	4.27218e-08	1.16423e-08	5.04854e-08	7.37949e-08	8.54318e-08	1.78624e-07	1.35902e-07	1.63088e-07	5.43614e-08	3.88065e-08	2.71807e-08	2.7182e-08	4.66042e-08	4.27281e-08	8.15307e-08	5.04924e-08	5.82518e-08	1.5524e-08	1.16371e-08	7.7616e-09	0	0	3.88174e-09	3.88212e-09	3.88747e-09	0	3.88265e-09	0	0	0	
0	0	0	0	0	0	0	0.216588	0.211198	0.111383	0.0676309	0.0410299	0.0248937	0.0150798	0.0091575	0.00512374	0.00326702	0.00207406	0.00132508	0.00137414	0.00055742	0.000185523	6.97914e-05	5.15256e-05	3.04608e-05	1.55226e-05	1.46629e-05	1.74985e-06	1.77216e-06	1.04991e-06	1.43091e-06	4.9175e-07	3.63276e-07	4.4298e-08	7.97737e-08	5.75694e-08	6.64626e-08	5.31717e-08	4.87442e-08	7.53058e-08	5.76187e-08	1.01909e-07	1.72799e-07	1.7278e-07	3.72148e-07	3.14583e-07	2.43652e-07	1.19624e-07	8.41507e-08	3.98726e-08	2.65812e-08	6.64363e-08	7.08891e-08	1.15165e-07	1.32873e-07	8.85637e-08	5.31406e-08	1.32847e-08	1.77099e-08	1.77218e-08	1.77165e-08	1.32914e-08	8.85534e-09	8.85838e-09	8.85946e-09	4.42469e-09	4.42915e-09	0	0	
0	0	0	0	0	0	0	0	0.248149	0.2592	0.139846	0.084873	0.051466	0.0312316	0.0189499	0.010627	0.00676094	0.004302	0.00273615	0.00285164	0.00115393	0.000385789	0.000142738	0.000107573	6.22246e-05	3.24875e-05	3.14742e-05	3.71359e-06	3.71916e-06	2.63593e-06	3.2557e-06	9.9056e-07	8.45882e-07	1.67972e-07	1.44792e-07	9.84906e-08	1.6803e-07	1.10073e-07	1.68018e-07	8.69219e-08	1.33215e-07	2.4329e-07	3.18607e-07	3.93943e-07	9.61656e-07	7.12543e-07	4.98286e-07	2.49139e-07	1.67968e-07	9.26641e-08	9.84516e-08	1.68007e-07	1.50586e-07	2.43314e-07	2.08572e-07	1.85451e-07	8.11101e-08	6.95198e-08	2.89872e-08	1.73758e-08	1.15722e-08	1.73851e-08	1.73727e-08	1.15833e-08	1.73681e-08	5.78968e-09	0	5.78761e-09	1.73801e-08	
0	0	0	0	0	0	0	0	0	0.281039	0.306874	0.16801	0.10195	0.0618375	0.0375462	0.0210352	0.0133843	0.00851042	0.0054063	0.00567074	0.00228062	0.000763117	0.000286876	0.000213776	0.000123001	6.38099e-05	6.10111e-05	7.6363e-06	7.52361e-06	5.06954e-06	6.18057e-06	2.1869e-06	1.67344e-06	3.79719e-07	2.81298e-07	2.95372e-07	2.10925e-07	2.39102e-07	2.74187e-07	3.16343e-07	2.53053e-07	4.57013e-07	6.96105e-07	9.07084e-07	1.67346e-06	1.29363e-06	1.07571e-06	5.97702e-07	3.51509e-07	1.75755e-07	2.17969e-07	2.53155e-07	3.09387e-07	4.07888e-07	5.41338e-07	3.23416e-07	1.6174e-07	1.19504e-07	4.92302e-08	5.62753e-08	9.13666e-08	4.21965e-08	4.91978e-08	4.91995e-08	6.32874e-08	4.92227e-08	5.623e-08	7.03101e-09	3.51676e-08	
0	0	0	0	0	0	0	0	0	0	0.314844	0.346333	0.192329	0.116647	0.0708008	0.0396911	0.0252395	0.0160672	0.0102279	0.010641	0.00429874	0.00144531	0.000539972	0.000401435	0.00023345	0.000120441	0.00011607	1.36835e-05	1.35939e-05	1.01104e-05	1.16479e-05	3.75264e-06	3.05263e-06	6.34874e-07	4.07045e-07	5.37349e-07	5.45434e-07	5.37146e-07	5.2919e-07	5.04782e-07	4.39496e-07	8.79164e-07	1.26165e-06	1.2536e-06	3.15853e-06	2.42557e-06	1.9373e-06	9.03497e-07	5.45383e-07	4.07018e-07	4.63845e-07	5.53482e-07	5.21007e-07	8.38472e-07	8.1385e-07	8.46609e-07	3.90731e-07	2.52378e-07	1.79017e-07	1.22034e-07	1.05869e-07	1.22111e-07	5.69967e-08	5.70074e-08	9.7667e-08	4.88514e-08	8.13938e-08	4.88322e-08	1.62854e-08	
0	0	0	0	0	0	0	0	0	0	0	0.333998	0.383089	0.213651	0.129627	0.0726818	0.0462323	0.0294782	0.0187083	0.0194664	0.00789042	0.00264516	0.000993693	0.000737368	0.000425216	0.000218027	0.000210303	2.50354e-05	2.57858e-05	1.77824e-05	2.15937e-05	7.82276e-06	5.33289e-06	9.32664e-07	1.02299e-06	9.77916e-07	8.42019e-07	9.59764e-07	8.96344e-07	6.9729e-07	7.1519e-07	1.34013e-06	2.07325e-06	2.54434e-06	5.78585e-06	4.41823e-06	3.82984e-06	1.62966e-06	1.12258e-06	7.87737e-07	5.79428e-07	1.04118e-06	1.08641e-06	1.5392e-06	1.33098e-06	1.43978e-06	7.51545e-07	4.61867e-07	1.99167e-07	2.35365e-07	2.26302e-07	1.35807e-07	1.90123e-07	1.08629e-07	1.35792e-07	1.71988e-07	1.0861e-07	7.2451e-08	6.33707e-08	
0	0	0	0	0	0	0	0	0	0	0	0	0.35551	0.405193	0.227415	0.12746	0.0810876	0.0515704	0.0328742	0.0342289	0.0138488	0.00464778	0.00174568	0.00129492	0.000748035	0.000384846	0.000374234	4.4564e-05	4.33971e-05	3.2619e-05	3.78043e-05	1.1673e-05	9.64304e-06	1.94235e-06	1.80622e-06	1.63173e-06	1.76723e-06	1.40814e-06	1.60226e-06	1.54399e-06	1.26231e-06	2.61214e-06	4.23347e-06	4.34062e-06	9.70081e-06	8.38052e-06	5.98175e-06	3.28232e-06	2.00056e-06	1.42749e-06	1.56355e-06	1.8548e-06	1.82557e-06	2.37907e-06	2.42741e-06	2.40819e-06	1.00023e-06	7.76811e-07	5.82622e-07	4.85555e-07	5.63098e-07	3.59342e-07	3.39841e-07	2.42816e-07	2.62217e-07	1.84495e-07	1.65057e-07	1.45683e-07	8.73936e-08	
0	0	0	0	0	0	0	0	0	0	0	0	0	0.367208	0.422589	0.219665	0.139803	0.088972	0.0566287	0.0589994	0.0238974	0.00800525	0.00300024	0.00222115	0.00127823	0.000669923	0.000640851	7.67273e-05	7.62139e-05	5.46522e-05	6.60319e-05	2.13562e-05	1.62445e-05	2.99549e-06	2.74989e-06	3.00554e-06	2.71937e-06	2.71974e-06	2.78035e-06	2.39204e-06	2.31041e-06	4.38536e-06	6.60453e-06	7.13572e-06	1.73599e-05	1.39648e-05	1.11026e-05	5.93978e-06	3.00583e-06	2.15688e-06	2.13656e-06	3.29195e-06	3.25085e-06	4.62146e-06	4.31396e-06	4.5596e-06	2.32062e-06	1.3292e-06	8.89471e-07	9.30309e-07	8.38356e-07	5.62273e-07	4.60069e-07	4.19178e-07	4.39682e-07	2.76072e-07	2.86384e-07	2.35167e-07	1.73799e-07	
0	0	0	0	0	0	0	0	0	0	0	0	0	0	0.375971	0.403341	0.23712	0.150914	0.0959263	0.0999863	0.0405294	0.0135534	0.00509112	0.0037587	0.00217435	0.00113933	0.00109621	0.000129723	0.00012947	9.26502e-05	0.000109798	3.80699e-05	2.82781e-05	5.38992e-06	4.87011e-06	5.06126e-06	4.61563e-06	4.8278e-06	4.30789e-06	4.73197e-06	4.30791e-06	7.42753e-06	1.11401e-05	1.27856e-05	2.86481e-05	2.30039e-05	1.80805e-05	9.63393e-06	5.43232e-06	3.60737e-06	3.58645e-06	5.53867e-06	5.44317e-06	7.62882e-06	7.3423e-06	6.98205e-06	3.88353e-06	2.29184e-06	1.57027e-06	1.52786e-06	1.31563e-06	1.12486e-06	7.7449e-07	1.05036e-06	6.7915e-07	7.42589e-07	5.5156e-07	4.7754e-07	3.50114e-07	
0	0	0	0	0	0	0	0	0	0	0	0	0	0	0	0.353947	0.421957	0.246649	0.157081	0.163472	0.0661947	0.0221691	0.00833171	0.00616747	0.00355188	0.00184536	0.00177898	0.000212579	0.000211059	0.000151806	0.00018301	6.06402e-05	4.57189e-05	7.92032e-06	7.52636e-06	7.7536e-06	8.15951e-06	7.90901e-06	7.28699e-06	7.35933e-06	6.3318e-06	1.25439e-05	1.8732e-05	2.12642e-05	4.58283e-05	3.79664e-05	3.01424e-05	1.50884e-05	8.94884e-06	5.78206e-06	6.15222e-06	9.73701e-06	8.7928e-06	1.19711e-05	1.25322e-05	1.19828e-05	5.51911e-06	3.71528e-06	2.84314e-06	1.804e-06	2.36556e-06	1.93522e-06	1.17074e-06	1.14672e-06	1.32606e-06	1.01543e-06	1.13482e-06	7.28827e-07	3.46442e-07	
0	0	0	0	0	0	0	0	0	0	0	0	0	0	0	0	0.355713	0.424971	0.248606	0.258954	0.1049	0.0351596	0.0131674	0.00977965	0.00563539	0.00291995	0.00282269	0.000335897	0.000335521	0.000234118	0.000287395	9.84649e-05	7.22013e-05	1.31083e-05	1.20621e-05	1.21708e-05	1.24999e-05	1.13936e-05	1.08945e-05	1.14053e-05	1.05303e-05	1.82383e-05	2.88777e-05	3.32795e-05	7.46936e-05	5.95417e-05	4.76286e-05	2.38197e-05	1.42022e-05	8.97337e-06	9.2771e-06	1.43108e-05	1.48344e-05	2.00385e-05	1.96984e-05	1.84948e-05	9.38674e-06	6.12807e-06	4.0611e-06	4.15864e-06	3.69648e-06	3.00374e-06	1.8971e-06	1.88488e-06	1.86031e-06	1.83609e-06	1.58059e-06	1.2281e-06	7.78217e-07	
0	0	0	0	0	0	0	0	0	0	0	0	0	0	0	0	0	0.357721	0.427795	0.409777	0.166051	0.0556515	0.0208324	0.0154591	0.00891204	0.00462044	0.00445096	0.000528733	0.000534961	0.000378919	0.000456494	0.000152833	0.000113607	1.98838e-05	2.00067e-05	1.96137e-05	1.9773e-05	1.88258e-05	1.81254e-05	1.82476e-05	1.62418e-05	3.03676e-05	4.49602e-05	5.21341e-05	0.00011512	9.71055e-05	7.8589e-05	3.77874e-05	2.19019e-05	1.46051e-05	1.49619e-05	2.29479e-05	2.29103e-05	3.01833e-05	3.11426e-05	3.13144e-05	1.50973e-05	9.99076e-06	6.70656e-06	6.17688e-06	5.328e-06	5.04513e-06	3.27296e-06	3.162e-06	3.23591e-06	2.70712e-06	2.46068e-06	1.90744e-06	1.45173e-06	
0	0	0	0	0	0	0	0	0	0	0	0	0	0	0	0	0	0	0.359408	0.683075	0.262676	0.0880313	0.0329804	0.0244684	0.0141085	0.00732238	0.00706725	0.000842579	0.000844396	0.000601424	0.000723096	0.00023838	0.000180771	3.23429e-05	3.05173e-05	3.25194e-05	3.10942e-05	3.06543e-05	2.83933e-05	2.87053e-05	2.62172e-05	4.85211e-05	7.07018e-05	8.35403e-05	0.000185411	0.000148665	0.000120296	6.04865e-05	3.60307e-05	2.43177e-05	2.34416e-05	3.71708e-05	3.61699e-05	5.03203e-05	4.80838e-05	4.72715e-05	2.26669e-05	1.53028e-05	1.04272e-05	9.43944e-06	9.18907e-06	7.45158e-06	5.27582e-06	4.97615e-06	4.91335e-06	4.48819e-06	4.18877e-06	3.11297e-06	1.83792e-06	
0	0	0	0	0	0	0	0	0	0	0	0	0	0	0	0	0	0	0	0.577574	0.549194	0.178307	0.0668241	0.0495214	0.0285495	0.0148318	0.014311	0.00170256	0.00170842	0.00121537	0.00146866	0.000487022	0.000364616	6.60944e-05	6.39548e-05	6.30714e-05	6.31904e-05	6.16016e-05	5.91454e-05	5.78845e-05	5.3926e-05	9.70726e-05	0.000148352	0.000169068	0.000377116	0.000306568	0.000243691	0.000122012	7.34825e-05	4.8549e-05	4.85689e-05	7.38379e-05	7.35396e-05	9.74093e-05	9.78598e-05	9.77424e-05	4.80405e-05	3.1488e-05	2.12551e-05	1.9378e-05	1.81881e-05	1.55851e-05	1.07225e-05	1.03536e-05	9.69211e-06	9.16405e-06	8.18334e-06	6.65022e-06	3.95793e-06	
0	0	0	0	0	0	0	0	0	0	0	0	0	0	0	0	0	0	0	3.25044e-08	0.579451	0.458053	0.165329	0.122556	0.0705946	0.0366859	0.0353813	0.00420986	0.00421417	0.0030052	0.00361294	0.00120899	0.000906087	0.000161114	0.000156456	0.000155913	0.000157282	0.000149901	0.000144628	0.00014416	0.000132112	0.00023892	0.000361243	0.00042192	0.000934016	0.000753985	0.00060322	0.000300749	0.000180477	0.000120219	0.000120023	0.000181101	0.000182541	0.000242975	0.000239837	0.000241641	0.000118306	7.76558e-05	5.33689e-05	4.56855e-05	4.53736e-05	3.92506e-05	2.62188e-05	2.54966e-05	2.44498e-05	2.29073e-05	2.03701e-05	1.66164e-05	9.22523e-06	
0	0	0	0	0	0	0	0	0	0	0	0	0	0	0	0	0	0	0	0	2.67436e-08	0.481955	0.382704	0.266939	0.153869	0.0798935	0.0770516	0.00917968	0.0091758	0.00655967	0.00787003	0.00261542	0.00196802	0.000358295	0.000342244	0.000343734	0.000340895	0.000328116	0.00031713	0.000317002	0.000288495	0.000523842	0.000782836	0.00091968	0.00203204	0.00163958	0.00131153	0.000654571	0.000394554	0.000262242	0.000262716	0.000391926	0.000391068	0.000526212	0.000526895	0.000525002	0.000261194	0.000166987	0.000113787	9.95773e-05	9.86407e-05	8.57605e-05	5.8055e-05	5.52518e-05	5.26456e-05	5.07422e-05	4.42005e-05	3.63643e-05	2.15825e-05	
0	0	0	0	0	0	0	0	0	0	0	0	0	0	0	0	0	0	0	0	0	3.83354e-07	0.361663	0.50031	0.268378	0.139285	0.134471	0.0160347	0.0160171	0.0114155	0.0137034	0.00457532	0.00342272	0.00061772	0.000594687	0.000594943	0.000590651	0.000567143	0.000553031	0.000545036	0.000504841	0.000916947	0.00137314	0.00160003	0.00354417	0.00286867	0.00229474	0.00113899	0.00068545	0.000459482	0.000457343	0.000682498	0.000693272	0.000916018	0.000910623	0.000919664	0.000450979	0.000288649	0.000202711	0.000172763	0.00017528	0.000146209	0.000102639	9.77013e-05	9.1992e-05	8.84339e-05	7.57291e-05	6.39058e-05	3.56146e-05	
0	0	0	0	0	0	0	0	0	0	0	0	0	0	0	0	0	0	0	0	0	0	8.15545e-07	0.418995	0.472575	0.230579	0.222465	0.0265064	0.0265164	0.018923	0.0227166	0.00756214	0.00566596	0.00102798	0.000981161	0.000984601	0.000989218	0.000945774	0.000909022	0.000910117	0.000836211	0.00151233	0.00226788	0.00264563	0.00585584	0.00473975	0.0037853	0.00189264	0.00113019	0.000759191	0.000757789	0.00113347	0.00113891	0.00150734	0.00151533	0.00151471	0.000757066	0.000482216	0.000330303	0.00029076	0.000285396	0.000242874	0.000166965	0.000158868	0.000155405	0.000144965	0.000128083	0.000103907	5.95151e-05	
0	0	0	0	0	0	0	0	0	0	0	0	0	0	0	0	0	0	0	0	0	0	0	2.13606e-06	0.42109	0.427932	0.385467	0.0459043	0.0459178	0.0328301	0.0393279	0.0131136	0.00982417	0.00177607	0.00170331	0.00170807	0.00170405	0.00163435	0.00157429	0.00158031	0.00143938	0.00260923	0.00392981	0.00460024	0.0101546	0.00818517	0.00656758	0.00328192	0.00197007	0.00131703	0.00131088	0.00196464	0.0019689	0.00263035	0.0026313	0.00261716	0.00130329	0.000836457	0.00057337	0.000506043	0.000490365	0.000421174	0.000291038	0.00027828	0.000265268	0.000248212	0.00021878	0.000178357	0.000104352	
0	0	0	0	0	0	0	0	0	0	0	0	0	0	0	0	0	0	0	0	0	0	0	0	7.41121e-06	0.381397	0.677441	0.0768428	0.0768769	0.0548887	0.0658414	0.0219594	0.0164849	0.00296847	0.0028492	0.00285141	0.00286451	0.00273922	0.00263135	0.00262376	0.00241134	0.00439317	0.00659918	0.00768976	0.0170087	0.0137289	0.0109944	0.00549962	0.00329172	0.00219365	0.00219792	0.00329467	0.00330292	0.00440557	0.00440468	0.00437182	0.00217881	0.00140645	0.000952071	0.000838568	0.000823332	0.000704297	0.000486848	0.000468117	0.000448196	0.000409671	0.000371003	0.000298943	0.000174819	
0	0	0	0	0	0	0	0	0	0	0	0	0	0	0	0	0	0	0	0	0	0	0	0	0	1.59569e-05	0.586016	0.173097	0.158586	0.112208	0.134675	0.044894	0.0336368	0.00605768	0.00584351	0.0058221	0.00583255	0.0056148	0.00537458	0.00537636	0.00493052	0.0089758	0.0134691	0.0156921	0.0347628	0.0280297	0.0224446	0.0112186	0.00672978	0.00447942	0.00448426	0.00673445	0.00673555	0.0089786	0.00895689	0.00895358	0.00444115	0.00287196	0.00196692	0.00172438	0.00168515	0.00142691	0.000997722	0.000961593	0.000910176	0.000847968	0.000753375	0.000618589	0.000357843	
0	0	0	0	0	0	0	0	0	0	0	0	0	0	0	0	0	0	0	0	0	0	0	0	0	0	0.000429672	0.209772	0.334635	0.191283	0.225729	0.0749007	0.0575201	0.00915452	0.0107673	0.00914478	0.010296	0.00909462	0.00889578	0.00915821	0.00842588	0.0148092	0.022466	0.0270435	0.057052	0.0479181	0.0378887	0.0176849	0.0123963	0.00371793	0.0122636	0.00740397	0.0155724	0.00779523	0.0198531	0.00714759	0.0150491	0.0015108	0.00104636	0.000899042	0.00173285	0.00595225	0.000525218	0.000498944	0.000477986	0.000446287	0.00190824	0.000325513	0.00018787	
0	0	0	0	0	0	0	0	0	0	0	0	0	0	0	0	0	0	0	0	0	0	0	0	0	0	0	0.000581821	0.267724	0.292222	0.285058	0.0934965	0.0700382	0.0126637	0.0120557	0.0123225	0.0115631	0.0124512	0.0104915	0.012093	0.00968071	0.0188902	0.0281497	0.0321914	0.0732858	0.057091	0.0479291	0.0228109	0.013347	0.00939385	0.00803137	0.0144414	0.0126551	0.0219841	0.0149113	0.00873509	0.019393	0.00344647	0	0	0	0.0060045	0.00312008	0	0	0	0.00151278	0.000763832	0	
0	0	0	0	0	0	0	0	0	0	0	0	0	0	0	0	0	0	0	0	0	0	0	0	0	0	0	0	0.00108525	0.26102	0.419031	0.117537	0.0878088	0.0158499	0.0146885	0.0156693	0.0155178	0.0140416	0.0142711	0.0139462	0.0131192	0.0235443	0.034732	0.0410459	0.0903992	0.0728364	0.0577307	0.0291593	0.0167105	0.0144224	0.00900476	0.0179925	0.0157291	0.019918	0.022949	0.0229206	0	0.0229016	0	0	0	0	0.00630126	0.00282379	0	0	0	0.00228117	0	
0	0	0	0	0	0	0	0	0	0	0	0	0	0	0	0	0	0	0	0	0	0	0	0	0	0	0	0	0	0.00106693	0.372851	0.19146	0.123482	0.0215283	0.0207069	0.0203354	0.020043	0.0197863	0.0187347	0.0184449	0.0171804	0.0307082	0.0466742	0.0539436	0.119336	0.0965498	0.0766325	0.0385776	0.022879	0.0141651	0.0169493	0.0221562	0.021591	0.0300984	0.028191	0.0261176	0.0125694	0.000205113	0.0143454	0.00860359	0	0	0	0.00572211	0.00351048	0	0	0.0023113	0	
0	0	0	0	0	0	0	0	0	0	0	0	0	0	0	0	0	0	0	0	0	0	0	0	0	0	0	0	0	0	0.00494031	0.238876	0.210062	0.0331351	0.03028	0.0292459	0.0281837	0.0261962	0.0245599	0.024063	0.0220539	0.0392493	0.0593045	0.0690386	0.152072	0.122758	0.0962424	0.0484136	0.0304722	0.0182586	0.017164	0.0309791	0.0272765	0.0382798	0.0346807	0.0351587	0.0222537	0.00106361	0	0.0155449	0.00772421	0	0	0	0.00930312	0	0	0.00235094	0	
0	0	0	0	0	0	0	0	0	0	0	0	0	0	0	0	0	0	0	0	0	0	0	0	0	0	0	0	0	0	4.91221e-07	0.00780837	0.229995	0.0476419	0.0438399	0.0428584	0.0408814	0.0375289	0.0346749	0.0338443	0.0300358	0.0503747	0.0686209	0.0771682	0.173937	0.138507	0.112386	0.0567852	0.0298591	0.0226293	0.0225492	0.0327449	0.0326407	0.0398149	0.0449183	0.0421221	0.00471072	0.0233914	0	0	0.0233755	0	0	0	0.00580362	0.00359432	0	0.0023316	0	
0	0	0	0	0	0	0	0	0	0	0	0	0	0	0	0	0	0	0	0	0	0	0	0	0	0	0	0	0	0	0	1.62446e-05	0.0341834	0.104429	0.0560588	0.0490932	0.0500781	0.0479004	0.0405364	0.0392748	0.0351655	0.0654795	0.083548	0.0875031	0.178786	0.15611	0.12271	0.0470441	0.0471448	0.0234374	0.0235958	0.0235465	0.0469787	0.0471183	0.0469567	0.0236631	0.0234835	0.0235754	0	0	0.0233908	0	0	0	0	0.00940742	0	0.0023799	0	
0	0	0	0	0	0	0	0	0	0	0	0	0	0	0	0	0	0	0	0	0	0	0	0	0	0	0	0	0	0	0	8.89993e-06	0.0113094	0.0242751	0.105529	0.0565577	0.0519888	0.0474671	0.0480121	0.0408586	0.037455	0.068091	0.091024	0.0953573	0.183701	0.150064	0.121023	0.0674127	0.0351755	0.0260056	0.0259094	0.030599	0.0470049	0.0469846	0.0376945	0.0328389	0.0234634	0.0233928	0	0	0.0234993	0	0	0	0	0.00944674	0	0.00235407	0	
0	0	0	0	0	0	0	0	0	0	0	0	0	0	0	0	0	0	0	0	0	0	0	0	0	0	0	0	0	0	0	1.96051e-06	0.00336206	0.00875639	0.024394	0.108005	0.0567955	0.0526521	0.0464215	0.048123	0.0387502	0.0689273	0.0995768	0.0973557	0.193964	0.156496	0.126643	0.0642851	0.030074	0.0235483	0.0234636	0.047144	0.0237762	0.048677	0.0457299	0.0469809	0.0235058	0.0235122	0	0	0.0236783	0	0	0	0	0.00940013	0	0.00237239	0	
0	0	0	0	0	0	0	0	0	0	0	0	0	0	0	0	0	0	0	0	0	0	0	0	0	0	0	0	0	0	0	8.19098e-07	0.00177899	0.00167834	0.00893923	0.025067	0.111054	0.0555804	0.0514292	0.0495148	0.04446	0.0723461	0.104864	0.106144	0.192953	0.164243	0.128043	0.0607828	0.0471796	0.0235297	0.0236787	0.0441962	0.0268141	0.0471314	0.0471564	0.0471375	0.0237062	0.0235558	0	0	0.0234712	4.7495e-05	0	0	0	0.00943722	0	0.00233385	0	
0	0	0	0	0	0	0	0	0	0	0	0	0	0	0	0	0	0	0	0	0	0	0	0	0	0	0	0	0	0	0	2.7549e-07	0.000115566	0.00183472	0.0014313	0.00977266	0.026323	0.11093	0.0561342	0.0507431	0.0473808	0.0798594	0.109233	0.115307	0.204063	0.16319	0.133347	0.0709263	0.0337005	0.0311334	0.029662	0.0237225	0.0470904	0.0473871	0.0472576	0.0472739	0.0235591	0.0236808	0	0	0	0.0235147	0	0	0	0.00946309	0	0.00232663	0	
0	0	0	0	0	0	0	0	0	0	0	0	0	0	0	0	0	0	0	0	0	0	0	0	0	0	0	0	0	0	0	0	5.16107e-05	9.62081e-05	0.00214769	0.00128067	0.010807	0.0272834	0.110646	0.0597977	0.0456734	0.088613	0.115185	0.121913	0.21929	0.165913	0.13222	0.0630404	0.0415976	0.0237426	0.0261748	0.0450058	0.0472939	0.0473776	0.0472822	0.0473	0.0237054	0.0128164	0.0109318	0	0	0.0235854	0	0	0	0.00937016	0	0.00238694	0	
0	0	0	0	0	0	0	0	0	0	0	0	0	0	0	0	0	0	0	0	0	0	0	0	0	0	0	0	0	0	0	2.7164e-07	1.73612e-05	3.58103e-05	0.000101998	0.00247272	0.0010802	0.011519	0.0273122	0.112514	0.058527	0.085539	0.124954	0.130345	0.227081	0.166616	0.140357	0.0711871	0.0475173	0.0237609	0.0236621	0.0474939	0.0352545	0.0596607	0.0473348	0.0472021	0.0237383	0	0.0237554	0	0	0.023693	0	0	0	0.0095448	0	0.00237669	0	
0	0	0	0	0	0	0	0	0	0	0	0	0	0	0	0	0	0	0	0	0	0	0	0	0	0	0	0	0	0	0	0	6.6438e-06	1.29959e-05	3.69787e-05	0.000121313	0.00267675	0.000897457	0.0118354	0.0304305	0.109546	0.0990315	0.13336	0.135734	0.248133	0.170584	0.14134	0.0707509	0.0338902	0.0366599	0.0316418	0.0364693	0.0347768	0.0668524	0.051715	0.0473635	0.0237699	0	0.0237337	0	0	0.0235297	0	0	0	0.00941133	0	0.00237354	0	
0	0	0	0	0	0	0	0	0	0	0	0	0	0	0	0	0	0	0	0	0	0	0	0	0	0	0	0	0	0	0	0	1.38178e-06	3.53141e-06	1.30552e-05	3.53153e-05	0.000238632	0.00181475	0.00200808	0.0077516	0.0212679	0.153027	0.145584	0.148476	0.266795	0.174064	0.147094	0.0715152	0.0473587	0.0240747	0.0271141	0.0442865	0.0474935	0.0475573	0.0674991	0.0514299	0.023835	0	0.0237425	0	0	0.0237961	0	0	0	0.00950137	0	1.81195e-05	0.00233625	
0	0	0	0	0	0	0	0	0	0	0	0	0	0	0	0	0	0	0	0	0	0	0	0	0	0	0	0	0	0	0	0	2.886e-07	5.78083e-07	1.44427e-06	5.00549e-06	1.30937e-05	4.10105e-05	0.000599393	0.00126885	0.00306871	0.0210127	0.195353	0.174349	0.308575	0.188672	0.147558	0.078614	0.0452033	0.0323668	0.0302751	0.0454776	0.0445195	0.0651773	0.047636	0.0625773	0.031583	0.00133184	0.0238512	0	0	0.0238581	0	0	0	0.00951071	0	0	0.00241434	
0	0	0	0	0	0	0	0	0	0	0	0	0	0	0	0	0	0	0	0	0	0	0	0	0	0	0	0	0	0	0	0	0	0	0	3.78993e-07	9.85064e-07	2.57632e-06	8.41114e-06	1.93997e-05	5.36552e-05	0.00175184	0.022382	0.227826	0.372822	0.228225	0.156792	0.0796478	0.0492382	0.0337819	0.0337221	0.0488743	0.0488146	0.0617262	0.0704065	0.0481982	0.0240341	0.0240157	0.0129952	0.0109901	0	0.0210161	0.00294965	0	0	0.00958385	0	0	0.00240769	
0	0	0	0	0	0	0	0	0	0	0	0	0	0	0	0	0	0	0	0	0	0	0	0	0	0	0	0	0	0	0	0	0	0	0	0	0	1.7377e-07	2.02612e-07	4.34557e-07	1.04216e-06	8.94687e-06	0.00059058	0.011164	0.394666	0.326205	0.207751	0.0935204	0.0555733	0.0357359	0.0373773	0.0556209	0.0565755	0.0740049	0.0703297	0.070857	0.0338808	0.0213154	0.00292936	0.0231337	0.00110194	0	0.0242253	0	0	0.00108523	0.00864267	0	0.00242275	
0	0	0	0	0	0	0	0	0	0	0	0	0	0	0	0	0	0	0	0	0	0	0	0	0	0	0	0	0	0	0	0	0	0	0	0	0	0	0	0	0	0	2.7991e-08	3.14235e-06	0.0181657	0.433458	0.33201	0.137492	0.0780523	0.050239	0.0488613	0.0716244	0.0671904	0.0894784	0.0873451	0.0824969	0.0353767	0.0226274	0.024814	0	0.0248025	0	0.00510866	0.0196719	0	0	0.00988889	0	0.00248621	
0	0	0	0	0	0	0	0	0	0	0	0	0	0	0	0	0	0	0	0	0	0	0	0	0	0	0	0	0	0	0	0	0	0	0	0	0	0	0	0	0	0	0	0	1.57863e-05	0.0279452	0.477668	0.220767	0.117405	0.0720671	0.0691448	0.0984544	0.096795	0.123848	0.113821	0.103723	0.0492394	0.0309135	0.0101223	0.0191062	0.0216924	0.00393956	0	0.025658	0	0	0.0102514	0	0.00257158	
0	0	0	0	0	0	0	0	0	0	0	0	0	0	0	0	0	0	0	0	0	0	0	0	0	0	0	0	0	0	0	0	0	0	0	0	0	0	0	0	0	0	0	0	4.59238e-08	0.000935204	0.0626709	0.409803	0.168798	0.104283	0.10013	0.135473	0.121971	0.153604	0.149513	0.134805	0.0604729	0.0338522	0.0266423	0.0221374	0.00455978	0.0266566	0	0.0099635	0.0167423	0	0.0106778	0	0.00266688	
0	0	0	0	0	0	0	0	0	0	0	0	0	0	0	0	0	0	0	0	0	0	0	0	0	0	0	0	0	0	0	0	0	0	0	0	0	0	0	0	0	0	0	0	0	7.89832e-06	0.0119253	0.0884806	0.363648	0.139941	0.111536	0.172457	0.153215	0.180217	0.166739	0.160325	0.0724352	0.0380138	0.0256571	0.0184969	0.0273697	0.0269137	0.000436105	0	0.0273026	0	0.00919862	0.00173735	0.00274213	
0	0	0	0	0	0	0	0	0	0	0	0	0	0	0	0	0	0	0	0	0	0	0	0	0	0	0	0	0	0	0	0	0	0	0	0	0	0	0	0	0	0	0	0	0	1.03776e-06	0.00317362	0.0302522	0.102091	0.321203	0.163925	0.178851	0.1851	0.203675	0.185489	0.172538	0.0769382	0.0512892	0.0279986	0.0278958	0.0278847	0	0.0277293	0	0.0278097	0	0	0.011142	0.00278579	
0	0	0	0	0	0	0	0	0	0	0	0	0	0	0	0	0	0	0	0	0	0	0	0	0	0	0	0	0	0	0	0	0	0	0	0	0	0	0	0	0	0	0	0	0	2.59403e-07	0.00294223	0.013107	0.036739	0.090602	0.34412	0.234995	0.194161	0.241787	0.205034	0.178768	0.0903047	0.0538728	0.0393554	0.0282512	0.0231395	0.00507948	0.0283235	0	0.0269783	0.00121589	0	0.0112809	0.00282959	
0	0	0	0	0	0	0	0	0	0	0	0	0	0	0	0	0	0	0	0	0	0	0	0	0	0	0	0	0	0	0	0	0	0	0	0	0	0	0	0	0	0	0	0	0	1.03567e-07	0.000262367	0.00468302	0.0145947	0.0276704	0.0751854	0.457355	0.238599	0.280503	0.238169	0.207058	0.0936541	0.0565792	0.035695	0.0303629	0.0265695	0.0288175	0.021056	0.00776675	0	0.0287905	0	0.0114778	0.00287922	
0	0	0	0	0	0	0	0	0	0	0	0	0	0	0	0	0	0	0	0	0	0	0	0	0	0	0	0	0	0	0	0	0	0	0	0	0	0	0	0	0	0	0	0	0	0	3.48029e-06	0.00268619	0.00311993	0.00963643	0.0189204	0.101527	0.511585	0.34331	0.302821	0.248941	0.106558	0.0631953	0.0394122	0.0397662	0.0392095	0.0181935	0.011404	0.0295855	0	0.0296279	0	0.0118605	0.00295729	
0	0	0	0	0	0	0	0	0	0	0	0	0	0	0	0	0	0	0	0	0	0	0	0	0	0	0	0	0	0	0	0	0	0	0	0	0	0	0	0	0	0	0	0	0	0	2.72448e-07	7.23276e-06	0.00218635	0.00105233	0.00595422	0.0228807	0.0928644	0.67652	0.386387	0.333911	0.138451	0.0795953	0.0512341	0.0406957	0.0344563	0.0269161	0.0306688	0.0303958	0.000286301	0.0306861	0	0.0123076	0.00305838	
0	0	0	0	0	0	0	0	0	0	0	0	0	0	0	0	0	0	0	0	0	0	0	0	0	0	0	0	0	0	0	0	0	0	0	0	0	0	0	0	0	0	0	0	0	0	0	2.88877e-07	1.97425e-06	0.000778092	0.00187531	0.00430506	0.0196356	0.121576	0.834309	0.46257	0.200101	0.118184	0.0729139	0.0561643	0.0538086	0.041695	0.0242353	0.0189111	0.032501	0.00888545	0.0236331	0.012975	0.00324887	
0	0	0	0	0	0	0	0	0	0	0	0	0	0	0	0	0	0	0	0	0	0	0	0	0	0	0	0	0	0	0	0	0	0	0	0	0	0	0	0	0	0	0	0	0	0	0	1.75446e-08	4.3881e-08	1.317e-07	7.02449e-07	0.00211632	0.00301919	0.0264098	0.150252	1.08836	0.331432	0.149858	0.101364	0.0896007	0.0832593	0.0658312	0.0442297	0.0381617	0.0310395	0.0224443	0.0352251	0.0140974	0.00353263	
0	0	0	0	0	0	0	0	0	0	0	0	0	0	0	0	0	0	0	0	0	0	0	0	0	0	0	0	0	0	0	0	0	0	0	0	0	0	0	0	0	0	0	0	0	0	0	0	0	0	1.03562e-08	2.89951e-07	0.00379606	0.00750901	0.0504341	0.305847	1.03805	0.371444	0.14266	0.0855111	0.0875889	0.0812324	0.0658477	0.0443766	0.0470678	0.045459	0.0307073	0.0238958	0.0182653	
0	0	0	0	0	0	0	0	0	0	0	0	0	0	0	0	0	0	0	0	0	0	0	0	0	0	0	0	0	0	0	0	0	0	0	0	0	0	0	0	0	0	0	0	0	0	0	0	0	0	0	6.14352e-08	0.000337905	0.0036859	0.0262583	0.133998	0.377074	0.984235	0.401152	0.172839	0.110416	0.0753169	0.071122	0.0413285	0.0407487	0.0404109	0.0402616	0.0401416	0.0200736	
0	0	0	0	0	0	0	0	0	0	0	0	0	0	0	0	0	0	0	0	0	0	0	0	0	0	0	0	0	0	0	0	0	0	0	0	0	0	0	0	0	0	0	0	0	0	0	0	0	0	0	0	8.69144e-08	0.00422189	0.0169941	0.0950908	0.148761	0.4537	0.89645	0.478303	0.219038	0.106923	0.046192	0.0459742	0.0485095	0.0377828	0.0410408	0.0421648	0.0210752	
0	0	0	0	0	0	0	0	0	0	0	0	0	0	0	0	0	0	0	0	0	0	0	0	0	0	0	0	0	0	0	0	0	0	0	0	0	0	0	0	0	0	0	0	0	0	0	0	0	0	0	0	2.89318e-08	0.00444368	0.017776	0.0780778	0.0920017	0.177133	0.450855	0.937545	0.556903	0.208512	0.0628523	0.0933983	0.0470758	0.0458297	0.00295084	0.0421786	0.0222284	
0	0	0	0	0	0	0	0	0	0	0	0	0	0	0	0	0	0	0	0	0	0	0	0	0	0	0	0	0	0	0	0	0	0	0	0	0	0	0	0	0	0	0	0	0	0	0	0	0	0	0	0	1.3377e-08	0.00473255	0.012701	0.0541917	0.0890247	0.0919468	0.172176	0.479463	1.06851	0.566589	0.181511	0.115897	0.0521922	0.0499613	0.0484733	0.000404224	0.0236425	
0	0	0	0	0	0	0	0	0	0	0	0	0	0	0	0	0	0	0	0	0	0	0	0	0	0	0	0	0	0	0	0	0	0	0	0	0	0	0	0	0	0	0	0	0	0	0	0	0	0	0	0	0	0.00507588	5.79915e-06	0.0712776	0.052398	0.0745823	0.0867801	0.182268	0.582851	1.11826	0.524111	0.256358	0.13354	0.0559883	0.0532729	0.0182036	0.00822675	
0	0	0	0	0	0	0	0	0	0	0	0	0	0	0	0	0	0	0	0	0	0	0	0	0	0	0	0	0	0	0	0	0	0	0	0	0	0	0	0	0	0	0	0	0	0	0	0	0	0	0	0	0	0.000497943	0.0049262	0.049602	0.0760777	0.062104	0.053608	0.0890855	0.247935	0.695482	0.989406	0.651815	0.295646	0.135724	0.0588559	0.0235239	0.00578502	
0	0	0	0	0	0	0	0	0	0	0	0	0	0	0	0	0	0	0	0	0	0	0	0	0	0	0	0	0	0	0	0	0	0	0	0	0	0	0	0	0	0	0	0	0	0	0	0	0	0	0	0	0	1.95749e-08	0.00577275	0.023166	0.0582729	0.060278	0.0593924	0.0737379	0.132845	0.333751	0.637216	1.11703	0.707629	0.296306	0.120486	0.0264043	0.0064828	
0	0	0	0	0	0	0	0	0	0	0	0	0	0	0	0	0	0	0	0	0	0	0	0	0	0	0	0	0	0	0	0	0	0	0	0	0	0	0	0	0	0	0	0	0	0	0	0	0	0	0	0	0	2.08326e-08	0.00621776	0.0248592	0.0622918	0.0627396	0.059766	0.0351954	0.0809078	0.162201	0.293217	0.7146	1.28621	0.771193	0.269965	0.0833763	0.00766324	
0	0	0	0	0	0	0	0	0	0	0	0	0	0	0	0	0	0	0	0	0	0	0	0	0	0	0	0	0	0	0	0	0	0	0	0	0	0	0	0	0	0	0	0	0	0	0	0	0	0	0	0	0	0	0.00671025	0.0268812	0.0672404	0.0617677	0.00651961	0.068956	0.071116	0.0801001	0.127121	0.312926	0.820414	1.50933	0.824918	0.22065	0.0303533	
0	0	0	0	0	0	0	0	0	0	0	0	0	0	0	0	0	0	0	0	0	0	0	0	0	0	0	0	0	0	0	0	0	0	0	0	0	0	0	0	0	0	0	0	0	0	0	0	0	0	0	0	0	0	0.00734646	0.0294448	0.073627	0.00013487	0.0739137	0.0742926	0.0164711	0.0632625	0.0815996	0.123124	0.332681	0.955724	1.82796	0.855678	0.110197	
0	0	0	0	0	0	0	0	0	0	0	0	0	0	0	0	0	0	0	0	0	0	0	0	0	0	0	0	0	0	0	0	0	0	0	0	0	0	0	0	0	0	0	0	0	0	0	0	0	0	0	0	0	0	0.00818327	0.0326649	0.0819127	4.47499e-05	0.0819782	0.0822292	0.000914491	0.0838636	0.0132919	0.0772418	0.132967	0.354589	1.18219	2.32583	0.67863	
0	0	0	0	0	0	0	0	0	0	0	0	0	0	0	0	0	0	0	0	0	0	0	0	0	0	0	0	0	0	0	0	0	0	0	0	0	0	0	0	0	0	0	0	0	0	0	0	0	0	0	0	0	0	0.00971659	0.0388845	0.0973465	0.0258653	0.0882936	0.0948561	0.0777358	0.0601165	0.0748141	0.0310241	0.0794305	0.0981259	0.400817	1.75699	3.17049	  ); 
P1 ( 
0.0177935	0.0211275	0.0114471	0.00560103	0.00273491	0.00117306	0.000605986	0.00028619	0.000115937	5.7292e-05	2.89442e-05	1.47426e-05	7.70163e-06	3.84311e-06	2.06225e-06	1.11649e-06	7.16633e-07	3.85326e-07	2.91352e-07	3.85942e-07	2.07937e-07	1.17667e-07	4.36695e-08	3.11367e-08	4.41679e-08	3.30844e-08	2.68321e-08	0	0	0	0	0	0	0	0	0	0	0	0	0	0	0	0	0	0	0	0	0	0	0	0	0	0	0	0	0	0	0	0	0	0	0	0	0	0	0	0	0	0	
0	0.0389357	0.0287842	0.0146504	0.00697919	0.00330357	0.00159158	0.000751755	0.000354849	0.000169169	8.14385e-05	3.90948e-05	1.92307e-05	9.58143e-06	4.90938e-06	2.42942e-06	1.42761e-06	9.03538e-07	5.61466e-07	7.11215e-07	3.99549e-07	1.63654e-07	8.02766e-08	8.00011e-08	5.92267e-08	4.33477e-08	5.77711e-08	1.28436e-08	2.41129e-09	1.00453e-08	8.13805e-09	3.12429e-09	9.16315e-09	4.14402e-09	0	0	0	5.14161e-09	0	0	4.88573e-09	0	0	0	5.52114e-09	0	0	0	0	0	0	0	0	0	0	0	0	0	0	0	0	0	0	0	0	0	0	0	0	
0	0	0.0378318	0.0399005	0.0198422	0.00938606	0.00451486	0.00213467	0.00100312	0.000477012	0.000227856	0.000108959	5.26312e-05	2.57157e-05	1.27238e-05	6.09733e-06	3.44224e-06	2.04181e-06	1.25395e-06	1.35979e-06	6.88968e-07	3.11841e-07	1.5432e-07	1.3795e-07	1.13567e-07	8.19108e-08	1.11739e-07	1.94603e-08	7.67409e-09	1.3778e-08	1.59755e-08	8.228e-09	3.29535e-09	3.13848e-09	0	0	1.61209e-09	4.14329e-09	3.90486e-09	0	0	0	0	5.32911e-09	8.07058e-09	9.62222e-09	2.35285e-09	0	0	0	0	0	0	0	0	0	0	0	0	0	0	0	0	0	0	0	0	0	0	
0	0	0	0.0529975	0.0494188	0.0251724	0.0121044	0.00571454	0.0026864	0.00127411	0.000605168	0.000288026	0.000138388	6.64988e-05	3.26193e-05	1.5169e-05	8.23238e-06	4.67661e-06	2.75423e-06	2.79962e-06	1.28362e-06	5.41677e-07	2.4996e-07	2.37877e-07	1.81731e-07	1.13055e-07	1.55332e-07	2.39618e-08	3.12349e-08	2.8971e-08	3.35852e-08	8.8735e-09	9.67171e-09	2.5727e-09	2.47679e-09	0	1.36927e-09	1.2422e-09	3.58576e-09	2.66467e-09	0	1.31073e-09	6.44065e-09	5.45897e-09	8.89262e-09	1.67961e-08	4.2326e-09	2.26449e-09	0	4.7872e-09	0	0	0	0	2.27114e-09	0	0	0	0	0	0	0	0	0	0	0	0	0	0	
0	0	0	0	0.0776364	0.0550304	0.0333593	0.0157358	0.00739215	0.00349999	0.00165895	0.00078832	0.000376292	0.000180201	8.69195e-05	3.94273e-05	2.09848e-05	1.14749e-05	6.46669e-06	6.14682e-06	2.517e-06	1.00952e-06	4.53489e-07	3.93299e-07	2.77413e-07	2.05213e-07	2.72244e-07	3.86029e-08	4.65085e-08	3.95048e-08	5.76638e-08	1.5763e-08	1.97362e-08	1.12027e-09	7.35491e-09	2.4679e-09	5.06531e-09	0	7.89828e-09	4.48696e-09	2.77148e-09	2.39068e-09	1.32521e-08	7.32617e-09	1.65761e-08	1.17003e-08	1.38694e-08	5.77541e-09	6.72204e-09	0	4.44101e-09	2.07424e-09	0	0	4.0471e-09	0	0	0	0	0	0	2.46492e-09	0	0	0	0	0	0	0	
0	0	0	0	0	0.0966724	0.0883937	0.0417029	0.0195811	0.00926497	0.00438572	0.00207913	0.000986755	0.000470361	0.000225201	0.000101506	5.30341e-05	2.83338e-05	1.54262e-05	1.37381e-05	5.1018e-06	1.84661e-06	7.89965e-07	6.93843e-07	5.09898e-07	3.24359e-07	4.44765e-07	7.50283e-08	7.50138e-08	6.61805e-08	9.51904e-08	3.23096e-08	2.96709e-08	3.36621e-09	6.91855e-09	1.54851e-09	2.66968e-09	5.03217e-09	4.06632e-09	6.7374e-09	5.93048e-09	9.41585e-09	1.28363e-08	1.51377e-08	4.10401e-08	3.41606e-08	1.93744e-08	6.20819e-09	1.89748e-08	5.53143e-09	1.24525e-09	5.25131e-09	1.32985e-08	1.26416e-08	1.87445e-08	9.77765e-09	0	1.53781e-09	0	1.58203e-09	0	2.04478e-09	0	0	0	0	0	0	0	
0	0	0	0	0	0	0.129876	0.101478	0.0558557	0.0263912	0.0124916	0.00591211	0.00280403	0.00133183	0.000634139	0.000284006	0.000146713	7.64391e-05	4.06848e-05	3.41083e-05	1.15e-05	3.74925e-06	1.52463e-06	1.28067e-06	9.24534e-07	5.69608e-07	7.70665e-07	1.2046e-07	1.37363e-07	9.51122e-08	1.55244e-07	5.72635e-08	3.72843e-08	9.32787e-09	4.72673e-09	7.27719e-09	7.15706e-09	1.15652e-08	8.87733e-09	1.18682e-08	1.87894e-09	1.48431e-08	1.9556e-08	2.2964e-08	5.23136e-08	4.88513e-08	6.45829e-08	2.49873e-08	1.90218e-08	1.22695e-08	1.59329e-08	2.62194e-08	2.44092e-08	4.24057e-08	3.04967e-08	3.55585e-08	9.6988e-09	5.49451e-09	6.09412e-09	0	0	1.99253e-09	3.15653e-09	1.12712e-09	0	2.09399e-09	0	0	0	
0	0	0	0	0	0	0	0.12089	0.136567	0.0692465	0.0327712	0.0155032	0.00733964	0.00347354	0.00165145	0.000732365	0.000377046	0.000194473	0.000101966	8.28975e-05	2.56255e-05	7.63762e-06	2.90818e-06	2.34128e-06	1.63e-06	9.87475e-07	1.20785e-06	1.91646e-07	2.26702e-07	1.33835e-07	2.30616e-07	8.62951e-08	6.87756e-08	7.50887e-09	1.5538e-08	1.19541e-08	1.20671e-08	9.72458e-09	1.06236e-08	1.55196e-08	1.17291e-08	1.87391e-08	3.67505e-08	3.93804e-08	8.50703e-08	8.74014e-08	7.5314e-08	4.08578e-08	3.06204e-08	1.56891e-08	1.08937e-08	3.0717e-08	3.27858e-08	5.16286e-08	6.50684e-08	4.44849e-08	2.83045e-08	8.87838e-09	6.41014e-09	4.78262e-09	9.98287e-09	5.80046e-09	7.06821e-09	7.2411e-09	3.15109e-09	2.68749e-09	4.20706e-09	0	0	
0	0	0	0	0	0	0	0	0.154929	0.174531	0.0871575	0.0412276	0.019494	0.00923081	0.00437576	0.00193887	0.000991072	0.00050894	0.000262706	0.000209585	6.07904e-05	1.66504e-05	5.8503e-06	4.53623e-06	2.87237e-06	1.72623e-06	2.1235e-06	3.19098e-07	3.54585e-07	2.74724e-07	3.95067e-07	1.40209e-07	1.17331e-07	2.43644e-08	1.90958e-08	1.29506e-08	2.3085e-08	1.87747e-08	2.14226e-08	1.05865e-08	2.39811e-08	4.48549e-08	5.222e-08	6.8157e-08	1.61295e-07	1.57714e-07	1.21413e-07	5.21263e-08	4.69986e-08	2.78501e-08	3.59128e-08	5.71553e-08	3.1961e-08	7.33933e-08	7.71005e-08	8.68827e-08	3.30927e-08	2.6566e-08	1.84885e-08	1.27636e-08	4.33938e-09	1.09757e-08	9.24168e-09	1.5149e-09	8.00226e-09	4.43573e-09	0	-1.65124e-09	-4.97516e-09	
0	0	0	0	0	0	0	0	0	0.186249	0.211861	0.104783	0.049559	0.0234367	0.0111045	0.00490668	0.00250142	0.00127751	0.000654349	0.000517507	0.000142918	3.65465e-05	1.22093e-05	8.78484e-06	5.1416e-06	2.95524e-06	3.44098e-06	5.44087e-07	5.7769e-07	4.4927e-07	5.97316e-07	2.18333e-07	1.97856e-07	5.12361e-08	1.92727e-08	3.63091e-08	2.69004e-08	3.346e-08	4.31327e-08	4.21871e-08	3.27468e-08	5.61008e-08	9.00164e-08	1.15259e-07	2.29772e-07	2.02146e-07	2.02708e-07	1.14896e-07	7.66764e-08	4.03791e-08	6.24024e-08	5.44541e-08	7.67354e-08	1.27766e-07	1.73135e-07	9.17425e-08	6.89952e-08	5.02598e-08	2.15557e-08	2.37967e-08	2.44648e-08	1.45043e-08	1.55046e-08	2.65098e-08	3.5046e-08	3.38591e-09	-1.39088e-09	5.73236e-09	-7.93259e-09	
0	0	0	0	0	0	0	0	0	0	0.215979	0.243917	0.119728	0.0565942	0.0267851	0.0118287	0.00601675	0.0030686	0.00156845	0.00121829	0.000328453	8.04148e-05	2.52513e-05	1.70474e-05	9.55481e-06	5.08159e-06	5.6125e-06	7.88097e-07	8.89497e-07	6.94175e-07	8.69623e-07	3.38183e-07	2.71418e-07	5.8469e-08	3.92354e-08	4.06406e-08	5.69827e-08	6.21037e-08	5.2852e-08	6.38733e-08	3.60314e-08	7.43272e-08	1.23207e-07	1.19174e-07	3.90147e-07	3.08992e-07	2.68875e-07	1.40862e-07	9.40433e-08	6.97947e-08	9.28971e-08	9.72792e-08	1.0999e-07	1.94862e-07	1.73969e-07	2.22034e-07	1.09803e-07	5.91302e-08	6.53751e-08	2.70368e-08	3.58908e-08	2.92755e-08	2.15011e-08	1.01795e-08	2.90465e-08	2.35372e-09	2.91248e-08	1.07038e-08	1.13643e-08	
0	0	0	0	0	0	0	0	0	0	0	0.23504	0.272479	0.133299	0.0630327	0.0278218	0.0141396	0.00721121	0.0036653	0.00283014	0.000751684	0.000177048	5.36923e-05	3.45542e-05	1.80114e-05	8.917e-06	9.11401e-06	1.23871e-06	1.30005e-06	9.82582e-07	1.27821e-06	5.33312e-07	3.95162e-07	7.96658e-08	6.31991e-08	6.29573e-08	5.52194e-08	6.78701e-08	7.72758e-08	5.98829e-08	5.77973e-08	1.21818e-07	1.97428e-07	2.04133e-07	6.00688e-07	4.57361e-07	4.50935e-07	1.85801e-07	1.37506e-07	7.16553e-08	8.50909e-08	1.64221e-07	1.54916e-07	2.67561e-07	2.39468e-07	2.97179e-07	1.76054e-07	6.63492e-08	3.03714e-08	4.3148e-08	6.21728e-08	2.29152e-08	6.45232e-08	4.66394e-08	5.04813e-08	-7.07519e-09	1.92335e-08	1.16532e-08	1.02861e-08	
0	0	0	0	0	0	0	0	0	0	0	0	0.253898	0.290092	0.141622	0.0624589	0.0317294	0.0161229	0.00821944	0.00632687	0.00165873	0.000382392	0.00011256	6.99951e-05	3.46162e-05	1.62446e-05	1.54171e-05	1.92515e-06	1.95406e-06	1.61114e-06	1.98038e-06	6.5466e-07	5.78245e-07	1.42965e-07	1.11229e-07	9.68771e-08	1.18209e-07	8.99461e-08	1.1187e-07	9.35767e-08	7.86534e-08	2.05378e-07	2.49116e-07	3.44778e-07	6.96645e-07	6.89812e-07	5.30616e-07	3.33243e-07	2.23887e-07	1.04518e-07	1.89554e-07	2.11551e-07	2.12262e-07	3.0323e-07	3.31772e-07	3.82041e-07	1.50941e-07	1.32328e-07	1.24712e-07	9.93448e-08	1.02635e-07	3.48792e-08	3.73567e-08	2.4983e-08	5.36073e-08	5.23707e-08	3.50769e-08	2.29408e-08	-1.37932e-09	
0	0	0	0	0	0	0	0	0	0	0	0	0	0.264828	0.303838	0.138124	0.0701689	0.0356576	0.0181304	0.0139321	0.00363092	0.000823723	0.000237292	0.000143562	6.78591e-05	3.0882e-05	2.67852e-05	3.11422e-06	3.11337e-06	2.37576e-06	3.12172e-06	1.03361e-06	8.59276e-07	1.58963e-07	1.86814e-07	1.32911e-07	1.93093e-07	1.457e-07	1.69561e-07	1.10114e-07	1.19687e-07	2.45225e-07	4.01645e-07	4.20097e-07	1.04662e-06	9.68644e-07	8.13545e-07	4.91988e-07	2.54715e-07	1.55315e-07	2.34212e-07	3.18475e-07	3.64424e-07	6.05686e-07	4.55835e-07	5.19558e-07	2.36276e-07	1.84299e-07	2.20069e-07	1.57067e-07	9.61658e-08	3.70068e-08	6.44527e-08	8.90153e-08	4.28389e-08	8.02612e-08	8.0959e-09	1.23709e-08	2.2731e-08	
0	0	0	0	0	0	0	0	0	0	0	0	0	0	0.27279	0.291271	0.152677	0.0775594	0.0393643	0.0302207	0.00784856	0.0017609	0.000502211	0.000298125	0.000137921	5.98455e-05	4.93777e-05	5.35192e-06	5.23407e-06	3.51532e-06	4.76346e-06	1.59716e-06	1.21923e-06	2.34173e-07	2.34698e-07	2.32386e-07	1.85984e-07	1.74748e-07	1.4614e-07	2.46028e-07	1.42171e-07	3.99554e-07	5.26083e-07	6.05479e-07	1.51901e-06	1.18772e-06	1.04894e-06	5.27648e-07	2.68303e-07	2.90451e-07	2.63669e-07	3.90384e-07	4.19207e-07	5.48412e-07	6.76714e-07	6.61045e-07	4.77142e-07	2.54658e-07	1.64411e-07	1.76804e-07	1.13288e-07	9.64747e-08	1.01721e-07	4.56172e-08	1.16379e-07	6.71679e-08	1.08e-07	-1.86088e-08	2.14042e-08	
0	0	0	0	0	0	0	0	0	0	0	0	0	0	0	0.258231	0.30541	0.160365	0.0815201	0.0624393	0.0161582	0.00361084	0.00102262	0.000602693	0.000272123	0.000114586	8.97331e-05	9.11641e-06	8.74822e-06	6.29176e-06	7.46517e-06	2.48068e-06	1.91835e-06	3.55861e-07	3.37223e-07	2.70969e-07	3.62738e-07	3.03752e-07	2.85966e-07	3.25173e-07	3.18133e-07	5.55643e-07	8.8319e-07	9.94734e-07	2.17436e-06	1.78299e-06	1.657e-06	8.20494e-07	4.57437e-07	3.39666e-07	3.24774e-07	6.82872e-07	4.30059e-07	7.23097e-07	9.33743e-07	9.00993e-07	6.00989e-07	3.67949e-07	2.95386e-07	9.52155e-08	2.13541e-07	1.46742e-07	2.06268e-07	1.26716e-07	1.36935e-07	1.01338e-07	4.38081e-08	-1.2404e-08	9.75803e-09	
0	0	0	0	0	0	0	0	0	0	0	0	0	0	0	0	0.259959	0.307805	0.161661	0.123866	0.0320135	0.00713699	0.00200476	0.0011783	0.000526941	0.000216744	0.000164661	1.58163e-05	1.50816e-05	9.82732e-06	1.21004e-05	4.03941e-06	2.85154e-06	5.40695e-07	4.22996e-07	4.40606e-07	6.00071e-07	3.85506e-07	4.48365e-07	5.2155e-07	4.84979e-07	7.88021e-07	1.16851e-06	1.35799e-06	3.02376e-06	2.50969e-06	2.13022e-06	1.17155e-06	6.29985e-07	4.02154e-07	4.13445e-07	6.28406e-07	6.23036e-07	1.18473e-06	9.99999e-07	1.3142e-06	7.3102e-07	3.76626e-07	2.18705e-07	1.99885e-07	3.60189e-07	3.33615e-07	7.12165e-08	1.31889e-07	1.43245e-08	2.44612e-08	1.20727e-07	1.2425e-07	-5.52772e-08	
0	0	0	0	0	0	0	0	0	0	0	0	0	0	0	0	0	0.261778	0.310105	0.24555	0.0634258	0.0141084	0.00394976	0.00231023	0.00102413	0.000417955	0.000307456	2.90348e-05	2.74024e-05	1.79877e-05	2.04105e-05	6.55424e-06	4.54377e-06	8.98717e-07	8.19464e-07	8.0109e-07	8.1983e-07	7.30539e-07	7.1448e-07	7.07163e-07	6.34777e-07	1.24718e-06	1.7869e-06	2.19629e-06	4.48849e-06	3.8073e-06	3.29239e-06	1.82364e-06	9.76046e-07	7.43791e-07	4.59524e-07	9.23199e-07	1.01643e-06	1.65564e-06	1.5752e-06	1.71153e-06	6.45866e-07	4.98345e-07	5.51396e-07	4.03967e-07	2.1915e-07	4.53208e-07	-2.89733e-08	2.10809e-07	2.58955e-07	9.61136e-08	1.64255e-07	6.57305e-08	2.16992e-08	
0	0	0	0	0	0	0	0	0	0	0	0	0	0	0	0	0	0	0.263408	0.476606	0.125638	0.0279082	0.00780572	0.00454944	0.00200914	0.000813291	0.000589613	5.4105e-05	4.97365e-05	3.25824e-05	3.62604e-05	1.11195e-05	8.13126e-06	1.54161e-06	1.3694e-06	1.52036e-06	1.29766e-06	1.45214e-06	1.15296e-06	1.08044e-06	1.17742e-06	2.05782e-06	2.92217e-06	3.4393e-06	7.60231e-06	5.84744e-06	4.83758e-06	2.59337e-06	1.47474e-06	9.88469e-07	1.23392e-06	1.36948e-06	1.6149e-06	2.28734e-06	2.26195e-06	2.39998e-06	1.2503e-06	9.10026e-07	5.42564e-07	2.76687e-07	6.50265e-07	2.86743e-07	3.00329e-07	4.3158e-07	2.44888e-07	1.60252e-07	3.97314e-08	3.24122e-08	-3.98539e-09	
0	0	0	0	0	0	0	0	0	0	0	0	0	0	0	0	0	0	0	0.421925	0.362714	0.0816257	0.0227955	0.0132414	0.00581966	0.00234186	0.00166938	0.000148632	0.000135969	8.77344e-05	9.51467e-05	2.8635e-05	2.04676e-05	3.59869e-06	3.35086e-06	3.33609e-06	3.3007e-06	3.2028e-06	3.02622e-06	2.98696e-06	2.87846e-06	4.94186e-06	7.42499e-06	8.13343e-06	1.74534e-05	1.35755e-05	1.02504e-05	4.77276e-06	2.99788e-06	1.84066e-06	1.77378e-06	2.66198e-06	2.83455e-06	3.70695e-06	3.73679e-06	3.83532e-06	1.52693e-06	1.49157e-06	8.70331e-07	6.3047e-07	7.91283e-07	8.74628e-07	3.8148e-07	4.15273e-07	9.842e-08	2.81227e-07	1.18231e-07	1.04044e-07	1.2961e-07	
0	0	0	0	0	0	0	0	0	0	0	0	0	0	0	0	0	0	0	3.24988e-08	0.423462	0.311518	0.0884164	0.051301	0.0224661	0.00900698	0.00636136	0.000557345	0.000504283	0.00032243	0.00034258	0.000102224	7.18219e-05	1.25135e-05	1.17648e-05	1.15939e-05	1.16165e-05	1.09816e-05	1.03322e-05	1.04573e-05	9.32835e-06	1.67601e-05	2.48055e-05	2.80935e-05	5.8249e-05	4.32559e-05	3.1653e-05	1.45772e-05	8.38334e-06	5.70625e-06	5.59404e-06	8.12934e-06	8.14471e-06	1.0084e-05	9.29129e-06	8.52992e-06	4.18365e-06	1.83671e-06	1.42157e-06	1.23247e-06	1.13344e-06	1.19079e-06	8.98699e-07	3.83903e-07	4.14599e-07	5.46646e-07	4.76173e-07	2.84592e-07	-2.83565e-07	
0	0	0	0	0	0	0	0	0	0	0	0	0	0	0	0	0	0	0	0	2.67344e-08	0.353062	0.273594	0.162794	0.0712688	0.0285025	0.0200547	0.00175003	0.00157382	0.00100596	0.00105837	0.000311554	0.000219011	3.86956e-05	3.65347e-05	3.60777e-05	3.53399e-05	3.3561e-05	3.19168e-05	3.17118e-05	2.89802e-05	5.12807e-05	7.43376e-05	8.38003e-05	0.000173356	0.000125642	9.04415e-05	4.13631e-05	2.48414e-05	1.53083e-05	1.49729e-05	2.14962e-05	1.98617e-05	2.58538e-05	2.30599e-05	2.09986e-05	8.91243e-06	5.65956e-06	3.62348e-06	2.96494e-06	2.47026e-06	1.44433e-06	1.82484e-06	1.10409e-06	1.01772e-06	7.78119e-07	4.10635e-07	1.48129e-07	4.06345e-07	
0	0	0	0	0	0	0	0	0	0	0	0	0	0	0	0	0	0	0	0	0	3.8312e-07	0.265668	0.361376	0.162746	0.065018	0.0457447	0.00398438	0.00357664	0.00227554	0.00238981	0.000704529	0.000492346	8.55923e-05	8.16641e-05	8.06226e-05	7.90705e-05	7.52371e-05	7.17462e-05	7.02426e-05	6.45359e-05	0.000114577	0.000167379	0.000187429	0.000384993	0.000279074	0.000198815	9.11719e-05	5.24392e-05	3.31584e-05	3.26099e-05	4.50057e-05	4.31142e-05	5.29998e-05	4.70592e-05	4.00697e-05	1.90307e-05	8.92519e-06	6.31075e-06	5.78231e-06	4.01301e-06	3.37354e-06	1.87149e-06	1.90978e-06	2.03475e-06	1.79141e-06	6.50997e-07	1.2864e-06	7.83292e-08	
0	0	0	0	0	0	0	0	0	0	0	0	0	0	0	0	0	0	0	0	0	0	8.14716e-07	0.307325	0.338724	0.138799	0.0975215	0.00847845	0.00762052	0.00484892	0.00508534	0.00149026	0.00104237	0.000182991	0.000172124	0.000170846	0.000168656	0.000160008	0.000150742	0.000149888	0.000136675	0.000241665	0.000352495	0.000394709	0.000812666	0.000586183	0.000415933	0.00018883	0.000105269	6.91973e-05	6.56995e-05	9.59302e-05	8.85394e-05	0.000108029	9.49743e-05	7.97856e-05	3.36078e-05	2.01413e-05	1.2772e-05	9.73978e-06	8.59565e-06	6.82948e-06	4.23439e-06	4.16647e-06	4.21988e-06	2.55041e-06	2.11079e-06	1.59188e-06	2.75078e-07	
0	0	0	0	0	0	0	0	0	0	0	0	0	0	0	0	0	0	0	0	0	0	0	2.13191e-06	0.308947	0.307835	0.222243	0.0192974	0.0173311	0.0110423	0.0115396	0.00338759	0.00237082	0.000412668	0.000391047	0.000388039	0.000380788	0.000361212	0.00034385	0.000340346	0.000305993	0.000544884	0.000797545	0.000898358	0.00183386	0.00131721	0.000935559	0.000424934	0.000239463	0.000153493	0.000146983	0.000208167	0.000198043	0.000236718	0.000208567	0.00017015	7.0949e-05	3.95976e-05	2.4009e-05	1.89959e-05	1.68364e-05	1.27616e-05	7.65916e-06	5.35869e-06	5.72352e-06	5.00353e-06	3.34441e-06	2.097e-06	2.46333e-07	
0	0	0	0	0	0	0	0	0	0	0	0	0	0	0	0	0	0	0	0	0	0	0	0	7.38739e-06	0.279856	0.469844	0.0416432	0.0373981	0.0237916	0.0248874	0.00730209	0.00511985	0.000886042	0.000840757	0.000831966	0.000824227	0.000778105	0.000737806	0.000726806	0.000659907	0.00118221	0.00172506	0.001934	0.00394169	0.00282751	0.00200318	0.000908333	0.000511701	0.000324808	0.000314784	0.000442099	0.000417	0.000499465	0.0004354	0.000358628	0.0001424	7.99278e-05	4.90401e-05	4.03613e-05	3.41862e-05	2.69639e-05	1.62247e-05	1.29428e-05	1.25817e-05	8.25194e-06	4.79617e-06	4.14381e-06	1.43068e-06	
0	0	0	0	0	0	0	0	0	0	0	0	0	0	0	0	0	0	0	0	0	0	0	0	0	1.54772e-05	0.427891	0.119744	0.110074	0.0707509	0.074039	0.02171	0.0151781	0.00262731	0.0025039	0.00246477	0.00243832	0.00231835	0.00219038	0.0021644	0.00196031	0.0035066	0.00511123	0.00571689	0.0117009	0.00837025	0.00592818	0.00267832	0.0015057	0.000957946	0.000922234	0.00131343	0.00122351	0.00147475	0.00127015	0.00103949	0.000419441	0.000231724	0.000140298	0.000109454	9.78983e-05	6.87017e-05	4.17388e-05	3.38807e-05	3.13297e-05	2.09735e-05	1.61715e-05	1.21959e-05	3.2386e-06	
0	0	0	0	0	0	0	0	0	0	0	0	0	0	0	0	0	0	0	0	0	0	0	0	0	0	0.000399595	0.17222	0.214491	0.144037	0.151482	0.0437739	0.0311306	0.00475613	0.00550434	0.00461065	0.00512621	0.0044397	0.00432262	0.00435003	0.00395336	0.00681896	0.0100014	0.0114853	0.0220721	0.0159924	0.0107176	0.00439098	0.00280743	0.000852187	0.00229575	0.00150082	0.00236814	0.00133895	0.00208658	0.000761675	0.000705655	0.000147347	9.11197e-05	6.88117e-05	6.13019e-05	5.11996e-05	2.66647e-05	2.02803e-05	1.91491e-05	1.6341e-05	3.18241e-06	1.09357e-05	3.08401e-06	
0	0	0	0	0	0	0	0	0	0	0	0	0	0	0	0	0	0	0	0	0	0	0	0	0	0	0	0.000530641	0.211934	0.185993	0.203435	0.0596461	0.0413222	0.00711886	0.0067209	0.00672247	0.00626298	0.00660353	0.00550188	0.00622854	0.00490769	0.00938617	0.0135091	0.0147075	0.0302058	0.0200384	0.0140322	0.00564063	0.00295508	0.00192442	0.00155291	0.00246046	0.00195883	0.00259903	0.0011992	0.000616546	0.000597184	9.02457e-05	0	0	0	-1.19957e-05	1.10816e-06	0	0	0	-1.39289e-05	-8.62043e-06	0	
0	0	0	0	0	0	0	0	0	0	0	0	0	0	0	0	0	0	0	0	0	0	0	0	0	0	0	0	0.000968163	0.209825	0.272787	0.0832791	0.0579186	0.00996577	0.00913365	0.00959464	0.00936536	0.00834459	0.00834905	0.0080664	0.00742423	0.0131007	0.0186373	0.020921	0.0417333	0.0285602	0.018947	0.00808619	0.00419302	0.00331118	0.00190852	0.00348751	0.00265285	0.00279502	0.0023897	0.00144854	0	0.000527407	0	0	0	0	-1.94686e-05	-3.96908e-06	0	0	0	-2.58445e-05	0	
0	0	0	0	0	0	0	0	0	0	0	0	0	0	0	0	0	0	0	0	0	0	0	0	0	0	0	0	0	0.000924221	0.282064	0.122518	0.0812198	0.0146935	0.0141965	0.0139453	0.0136855	0.0133864	0.0125491	0.0122234	0.011201	0.0196578	0.0288476	0.0316966	0.0633517	0.04359	0.0288829	0.0123585	0.00655623	0.00377805	0.00415945	0.00490517	0.00417592	0.00470226	0.00321567	0.0018754	0.000584073	4.19468e-06	0.000249422	0.000111826	0	0	0	-3.24073e-05	-2.29579e-05	0	0	-2.06156e-05	0	
0	0	0	0	0	0	0	0	0	0	0	0	0	0	0	0	0	0	0	0	0	0	0	0	0	0	0	0	0	0	0.00406282	0.199722	0.135316	0.0190827	0.0173882	0.017057	0.0167641	0.0160563	0.0154872	0.0155875	0.0146183	0.0264054	0.0402579	0.045391	0.0907878	0.0621302	0.0406371	0.0173617	0.00980889	0.00538543	0.00475734	0.0077324	0.00584495	0.00672184	0.00435456	0.00287919	0.000904243	4.40013e-05	0	0.00013329	5.78332e-05	0	0	0	-7.02975e-05	0	0	-1.47411e-05	0	
0	0	0	0	0	0	0	0	0	0	0	0	0	0	0	0	0	0	0	0	0	0	0	0	0	0	0	0	0	0	-1.95766e-07	0.00627711	0.194178	0.0345469	0.0297768	0.0276867	0.0250767	0.0221529	0.0200922	0.0195754	0.0175335	0.0295395	0.0420501	0.0500521	0.109936	0.0753657	0.0509665	0.0217513	0.01022	0.00718038	0.00665644	0.00875277	0.00746759	0.00749857	0.00613882	0.00339629	0.000297187	0.000819468	0	0	0.000153083	0	0	0	-5.16417e-05	-3.67162e-05	0	-1.57905e-05	0	
0	0	0	0	0	0	0	0	0	0	0	0	0	0	0	0	0	0	0	0	0	0	0	0	0	0	0	0	0	0	0	-6.42839e-07	0.0279549	0.0959666	0.0461514	0.037244	0.0360575	0.032431	0.0252148	0.0232714	0.0201676	0.0385271	0.0481328	0.0532641	0.113347	0.087968	0.0574664	0.0188771	0.0169197	0.00761804	0.0071679	0.00654591	0.011245	0.0088413	0.00620371	0.00204563	0.00133551	0.000775386	0	0	6.98857e-05	0	0	0	0	-0.000115204	0	-2.63099e-05	0	
0	0	0	0	0	0	0	0	0	0	0	0	0	0	0	0	0	0	0	0	0	0	0	0	0	0	0	0	0	0	0	-1.94888e-06	0.00853963	0.0204516	0.0968982	0.0464712	0.0394407	0.0337602	0.0327072	0.025243	0.0223157	0.0399739	0.0522671	0.0571623	0.115276	0.0856843	0.0583174	0.0274438	0.0127099	0.00865982	0.00799259	0.00860748	0.0111567	0.00861618	0.0049882	0.00303622	0.00130831	0.000706368	0	0	0.000123279	0	0	0	0	-0.000113311	0	-4.42956e-05	0	
0	0	0	0	0	0	0	0	0	0	0	0	0	0	0	0	0	0	0	0	0	0	0	0	0	0	0	0	0	0	0	-7.83682e-07	0.00224992	0.00684941	0.0205131	0.0990029	0.0463573	0.0399752	0.0328789	0.0324963	0.0240016	0.040753	0.0579448	0.0568971	0.120872	0.0900935	0.0611674	0.0261187	0.0111173	0.0080329	0.00758495	0.0134771	0.00584497	0.0100355	0.00699524	0.00461158	0.00134814	0.000715078	0	0	4.98299e-06	0	0	0	0	-0.000110522	0	-4.47058e-05	0	
0	0	0	0	0	0	0	0	0	0	0	0	0	0	0	0	0	0	0	0	0	0	0	0	0	0	0	0	0	0	0	-3.87453e-07	0.00125496	0.00100289	0.00698315	0.0210195	0.101618	0.0452252	0.0388896	0.0353657	0.0299969	0.0443609	0.0611535	0.061756	0.11807	0.0963696	0.0626432	0.0256149	0.0176004	0.00797172	0.00756102	0.0125203	0.00670463	0.00969055	0.00714949	0.0045756	0.00135531	0.000640316	0	0	4.7467e-05	-8.65854e-07	0	0	0	-9.39398e-05	0	-9.99863e-06	0	
0	0	0	0	0	0	0	0	0	0	0	0	0	0	0	0	0	0	0	0	0	0	0	0	0	0	0	0	0	0	0	5.58123e-08	-9.06197e-06	0.00139811	0.000781777	0.00763404	0.0220118	0.101468	0.045738	0.0380913	0.033944	0.0523147	0.0642519	0.0668244	0.123488	0.0960507	0.0662828	0.029926	0.0126576	0.0108266	0.00951126	0.00691153	0.0120526	0.00960392	0.00715266	0.00451348	0.00129082	0.000654944	0	0	0	4.56542e-05	0	0	0	-6.19712e-05	0	-1.35741e-05	0	
0	0	0	0	0	0	0	0	0	0	0	0	0	0	0	0	0	0	0	0	0	0	0	0	0	0	0	0	0	0	0	0	-9.8712e-06	-2.89079e-06	0.00163212	0.000599848	0.00843459	0.0228516	0.101164	0.0488763	0.0338964	0.0623264	0.070358	0.0701025	0.131476	0.0972845	0.0661536	0.0270372	0.0160421	0.00854548	0.00868373	0.0135402	0.0120303	0.0095683	0.00698426	0.0045105	0.00123607	0.000309782	0.000296483	0	0	8.57589e-05	0	0	0	-0.00012669	0	-4.77637e-05	0	
0	0	0	0	0	0	0	0	0	0	0	0	0	0	0	0	0	0	0	0	0	0	0	0	0	0	0	0	0	0	0	-1.77558e-07	-5.10086e-06	-4.512e-06	1.47892e-06	0.00188669	0.000393235	0.00897895	0.0227936	0.102613	0.0479508	0.0622491	0.0811208	0.0757824	0.134997	0.0981808	0.0715494	0.0308558	0.0183004	0.00844673	0.007878	0.0141461	0.00903248	0.0124265	0.00698076	0.00442709	0.00123098	0	0.000596255	0	0	-5.51005e-05	0	0	0	-0.000143042	0	-2.08896e-05	0	
0	0	0	0	0	0	0	0	0	0	0	0	0	0	0	0	0	0	0	0	0	0	0	0	0	0	0	0	0	0	0	0	-2.11791e-06	-2.1875e-06	-5.39436e-06	-2.2713e-06	0.00202259	0.000197455	0.00920999	0.0254748	0.100015	0.0780635	0.0910784	0.0799921	0.146739	0.0996966	0.0722394	0.03078	0.013284	0.0133689	0.0106477	0.0109829	0.00942035	0.01427	0.00781202	0.00435993	0.0011481	0	0.000575857	0	0	7.37535e-05	0	0	0	-0.000145674	0	-1.67221e-05	0	
0	0	0	0	0	0	0	0	0	0	0	0	0	0	0	0	0	0	0	0	0	0	0	0	0	0	0	0	0	0	0	0	-5.60232e-07	-1.92715e-06	-2.02903e-06	-6.41022e-06	0.000105846	0.00132081	0.00124634	0.00575137	0.0173987	0.136125	0.10784	0.0923003	0.155887	0.101529	0.0763957	0.0318223	0.0188082	0.00892369	0.00939505	0.0138958	0.0128598	0.0105703	0.010741	0.00474777	0.00125592	0	0.00066857	0	0	9.38204e-06	0	0	0	-8.50981e-05	0	-1.41167e-06	-1.79537e-05	
0	0	0	0	0	0	0	0	0	0	0	0	0	0	0	0	0	0	0	0	0	0	0	0	0	0	0	0	0	0	0	0	-1.59131e-07	-2.92673e-07	-8.36768e-07	-1.92293e-06	-3.00735e-06	-5.28529e-06	0.00040244	0.000834965	0.00216962	0.0164574	0.169202	0.122628	0.181178	0.109529	0.0772581	0.035909	0.0186464	0.0123128	0.0106665	0.0144433	0.0124105	0.0147236	0.0079421	0.00658037	0.0017717	6.55112e-05	0.000539948	0	0	2.91617e-06	0	0	0	-9.09279e-05	0	0	-2.39257e-05	
0	0	0	0	0	0	0	0	0	0	0	0	0	0	0	0	0	0	0	0	0	0	0	0	0	0	0	0	0	0	0	0	0	0	0	-2.26715e-07	-4.73315e-07	-7.88604e-07	-2.70674e-06	-4.67625e-06	-8.32208e-06	0.00114398	0.0169775	0.19374	0.235153	0.132275	0.0820038	0.0367714	0.021067	0.0131824	0.0123859	0.016185	0.0140026	0.0145318	0.0119961	0.0052682	0.00174584	0.00112628	0.00028613	0.000249872	0	2.65996e-05	1.74555e-05	0	0	-9.59747e-05	0	0	-2.19205e-05	
0	0	0	0	0	0	0	0	0	0	0	0	0	0	0	0	0	0	0	0	0	0	0	0	0	0	0	0	0	0	0	0	0	0	0	0	0	-7.19534e-08	-1.4235e-07	-1.35436e-07	-4.60163e-07	-2.90554e-06	0.000359266	0.00818233	0.307498	0.193817	0.113846	0.0448659	0.0239237	0.0139916	0.0137033	0.0191319	0.0165268	0.0182759	0.012692	0.00817491	0.00221177	0.000856232	9.61019e-05	0.000427652	1.37907e-05	0	-3.44465e-05	0	0	-1.30208e-05	-7.89015e-05	0	-1.64051e-05	
0	0	0	0	0	0	0	0	0	0	0	0	0	0	0	0	0	0	0	0	0	0	0	0	0	0	0	0	0	0	0	0	0	0	0	0	0	0	0	0	0	0	-2.15664e-08	-1.61681e-06	0.0125895	0.333569	0.191317	0.0711906	0.0380617	0.0229721	0.0207859	0.0264091	0.020554	0.0210734	0.0135815	0.00818397	0.00166136	0.000749816	0.000463428	0	2.11157e-05	0	-2.64272e-05	-0.000338447	0	0	-0.000186567	0	-2.7697e-05	
0	0	0	0	0	0	0	0	0	0	0	0	0	0	0	0	0	0	0	0	0	0	0	0	0	0	0	0	0	0	0	0	0	0	0	0	0	0	0	0	0	0	0	0	-7.53081e-06	0.0184246	0.361731	0.126395	0.0601138	0.0345145	0.0320015	0.0422275	0.0369452	0.0373045	0.0213954	0.00849914	0.000576111	-0.000573293	-0.000227539	-0.000971466	-0.00110346	-0.000285579	0	-0.00143042	0	0	-0.000464663	0	-7.7568e-05	
0	0	0	0	0	0	0	0	0	0	0	0	0	0	0	0	0	0	0	0	0	0	0	0	0	0	0	0	0	0	0	0	0	0	0	0	0	0	0	0	0	0	0	0	-2.59411e-08	0.000496317	0.0397268	0.320456	0.100041	0.0551321	0.0500747	0.0612692	0.0489251	0.0514044	0.0374688	0.016086	0.00220089	-0.000142026	-0.000876917	-0.00120738	-0.00022537	-0.00192934	0	-0.00083062	-0.00135014	0	-0.000763509	0	-0.000132867	
0	0	0	0	0	0	0	0	0	0	0	0	0	0	0	0	0	0	0	0	0	0	0	0	0	0	0	0	0	0	0	0	0	0	0	0	0	0	0	0	0	0	0	0	0	-4.62125e-06	0.0063768	0.0562064	0.290964	0.0873178	0.0572269	0.0846713	0.0655231	0.0632378	0.0419749	0.0259142	0.00368624	0.000196713	-0.000464484	-0.000505794	-0.00123931	-0.00176706	-3.07015e-05	0	-0.00210212	0	-0.000648465	-0.000113584	-0.000120972	
0	0	0	0	0	0	0	0	0	0	0	0	0	0	0	0	0	0	0	0	0	0	0	0	0	0	0	0	0	0	0	0	0	0	0	0	0	0	0	0	0	0	0	0	0	-6.74834e-07	0.00140312	0.0161168	0.0669926	0.261368	0.104564	0.0877233	0.0851593	0.0747464	0.0492451	0.027452	0.00745653	0.00101054	-0.000421556	-0.000911347	-0.00132273	0	-0.00170493	0	-0.00193267	0	0	-0.00073217	-0.000104242	
0	0	0	0	0	0	0	0	0	0	0	0	0	0	0	0	0	0	0	0	0	0	0	0	0	0	0	0	0	0	0	0	0	0	0	0	0	0	0	0	0	0	0	0	0	-2.21463e-07	0.00145464	0.00663844	0.0190004	0.0603099	0.276534	0.137088	0.0895932	0.0952651	0.0568638	0.0269117	0.00943128	0.0030051	0.000331926	-0.000988152	-0.00119913	-0.000266099	-0.001788	0	-0.00176961	-8.01504e-05	0	-0.000692959	-0.000102648	
0	0	0	0	0	0	0	0	0	0	0	0	0	0	0	0	0	0	0	0	0	0	0	0	0	0	0	0	0	0	0	0	0	0	0	0	0	0	0	0	0	0	0	0	0	-7.69174e-08	0.00010435	0.00207965	0.00704522	0.0138432	0.0466722	0.349176	0.125738	0.116068	0.0718133	0.0355917	0.00618432	0.00242749	0.00116369	0.000788209	0.000182466	-0.000746146	-0.00129734	-0.000327899	0	-0.00205905	0	-0.000705263	-0.000112389	
0	0	0	0	0	0	0	0	0	0	0	0	0	0	0	0	0	0	0	0	0	0	0	0	0	0	0	0	0	0	0	0	0	0	0	0	0	0	0	0	0	0	0	0	0	0	-2.3345e-06	0.00113842	0.00133163	0.00438334	0.00867828	0.0574679	0.3797	0.159737	0.102993	0.0483418	0.0095612	0.00198686	-0.000125765	-0.000751267	-0.00132354	-0.000275044	-0.00047864	-0.000704903	0	-0.00108278	0	-0.00053871	-0.000106095	
0	0	0	0	0	0	0	0	0	0	0	0	0	0	0	0	0	0	0	0	0	0	0	0	0	0	0	0	0	0	0	0	0	0	0	0	0	0	0	0	0	0	0	0	0	0	-2.14594e-07	-4.77836e-06	0.000814072	0.000266596	0.00256815	0.00933413	0.0470873	0.463891	0.148514	0.0814588	0.015992	0.0039587	0.00075559	-0.000392662	-0.0011499	-0.00120934	-0.0018091	-0.00216706	-2.00726e-05	-0.00235433	0	-0.000704961	-9.34187e-05	
0	0	0	0	0	0	0	0	0	0	0	0	0	0	0	0	0	0	0	0	0	0	0	0	0	0	0	0	0	0	0	0	0	0	0	0	0	0	0	0	0	0	0	0	0	0	0	-2.34867e-07	-1.29036e-06	0.000243851	0.000505331	0.00145475	0.00671072	0.0516299	0.527473	0.134544	0.0332696	0.0122496	0.00359086	0.000549742	-0.00115328	-0.00187203	-0.00140851	-0.00127563	-0.0023693	-0.000684109	-0.00179846	-0.000849958	-0.000134092	
0	0	0	0	0	0	0	0	0	0	0	0	0	0	0	0	0	0	0	0	0	0	0	0	0	0	0	0	0	0	0	0	0	0	0	0	0	0	0	0	0	0	0	0	0	0	0	-1.29703e-08	-3.94795e-08	-8.76591e-08	-5.15817e-07	0.000405435	0.000630871	0.00657532	0.0483701	0.603999	0.079591	0.0102965	0.00594269	0.00396824	0.00194827	-9.37726e-05	-0.00110499	-0.00177184	-0.00192693	-0.00152352	-0.00278656	-0.00095688	-0.000144891	
0	0	0	0	0	0	0	0	0	0	0	0	0	0	0	0	0	0	0	0	0	0	0	0	0	0	0	0	0	0	0	0	0	0	0	0	0	0	0	0	0	0	0	0	0	0	0	0	0	0	-1.02782e-08	-2.03716e-07	0.000352474	0.00115634	0.00824512	0.080206	0.569803	0.102021	-0.000766262	-0.00390858	-0.00321702	-0.00261115	-0.00228819	-0.00155382	-0.0018777	-0.00222862	-0.00178535	-0.00134197	-0.000909317	
0	0	0	0	0	0	0	0	0	0	0	0	0	0	0	0	0	0	0	0	0	0	0	0	0	0	0	0	0	0	0	0	0	0	0	0	0	0	0	0	0	0	0	0	0	0	0	0	0	0	0	-4.11305e-08	2.00501e-05	0.000148659	0.00268882	0.00865281	0.105657	0.530981	0.122796	0.000622121	-0.011965	-0.00813828	-0.00633547	-0.00368948	-0.0033875	-0.00310272	-0.0028533	-0.00246013	-0.000893953	
0	0	0	0	0	0	0	0	0	0	0	0	0	0	0	0	0	0	0	0	0	0	0	0	0	0	0	0	0	0	0	0	0	0	0	0	0	0	0	0	0	0	0	0	0	0	0	0	0	0	0	0	-7.05458e-08	6.53773e-05	0.000704608	0.00559283	-0.000793808	0.140379	0.478373	0.148238	-0.00280314	-0.0159493	-0.00757313	-0.00685543	-0.00634892	-0.00437557	-0.00430102	-0.00369506	-0.00119725	
0	0	0	0	0	0	0	0	0	0	0	0	0	0	0	0	0	0	0	0	0	0	0	0	0	0	0	0	0	0	0	0	0	0	0	0	0	0	0	0	0	0	0	0	0	0	0	0	0	0	0	0	-2.77704e-08	-3.10158e-05	0.000285403	0.00341157	-0.0043539	0.000209353	0.140274	0.476658	0.153765	-0.010607	-0.0112204	-0.0185921	-0.00826401	-0.00674651	-0.000608057	-0.00493513	-0.00171923	
0	0	0	0	0	0	0	0	0	0	0	0	0	0	0	0	0	0	0	0	0	0	0	0	0	0	0	0	0	0	0	0	0	0	0	0	0	0	0	0	0	0	0	0	0	0	0	0	0	0	0	0	-4.71373e-09	-0.000134661	-6.18122e-05	0.00150457	-0.00325139	-0.00998881	-0.00181031	0.132689	0.502356	0.136054	-0.00969117	-0.0241738	-0.0128439	-0.0106008	-0.00771699	-0.000208886	-0.00239294	
0	0	0	0	0	0	0	0	0	0	0	0	0	0	0	0	0	0	0	0	0	0	0	0	0	0	0	0	0	0	0	0	0	0	0	0	0	0	0	0	0	0	0	0	0	0	0	0	0	0	0	0	0	-0.000224398	-4.22765e-06	7.38154e-05	-0.00216184	-0.00794878	-0.0131366	-0.0092276	0.142615	0.494758	0.126099	-0.00695202	-0.0292891	-0.0161392	-0.012152	-0.0029141	-0.00087774	
0	0	0	0	0	0	0	0	0	0	0	0	0	0	0	0	0	0	0	0	0	0	0	0	0	0	0	0	0	0	0	0	0	0	0	0	0	0	0	0	0	0	0	0	0	0	0	0	0	0	0	0	0	-2.68216e-05	-0.00028177	-0.00110063	-0.00290832	-0.00665902	-0.00955364	-0.0170206	-0.0140211	0.170386	0.431843	0.153619	-0.0156216	-0.0353418	-0.0183424	-0.00476197	-0.000713278	
0	0	0	0	0	0	0	0	0	0	0	0	0	0	0	0	0	0	0	0	0	0	0	0	0	0	0	0	0	0	0	0	0	0	0	0	0	0	0	0	0	0	0	0	0	0	0	0	0	0	0	0	0	-1.75929e-08	-0.000372832	-0.00141739	-0.00134655	-0.00442127	-0.00748634	-0.0147471	-0.0273945	-0.00871626	0.151843	0.451006	0.135387	-0.0338127	-0.0381374	-0.0073049	-0.00102612	
0	0	0	0	0	0	0	0	0	0	0	0	0	0	0	0	0	0	0	0	0	0	0	0	0	0	0	0	0	0	0	0	0	0	0	0	0	0	0	0	0	0	0	0	0	0	0	0	0	0	0	0	0	-1.96286e-08	-0.000440456	-0.00175643	-0.00215502	-0.00513697	-0.0079874	-0.00735164	-0.0195568	-0.035198	-0.0165254	0.137008	0.473787	0.107302	-0.0477079	-0.029866	-0.0016891	
0	0	0	0	0	0	0	0	0	0	0	0	0	0	0	0	0	0	0	0	0	0	0	0	0	0	0	0	0	0	0	0	0	0	0	0	0	0	0	0	0	0	0	0	0	0	0	0	0	0	0	0	0	0	-0.000501973	-0.00208315	-0.00297759	-0.00547509	-0.000917432	-0.00968772	-0.0155667	-0.0238049	-0.032659	-0.034974	0.115771	0.493021	0.0668062	-0.0554844	-0.0115703	
0	0	0	0	0	0	0	0	0	0	0	0	0	0	0	0	0	0	0	0	0	0	0	0	0	0	0	0	0	0	0	0	0	0	0	0	0	0	0	0	0	0	0	0	0	0	0	0	0	0	0	0	0	0	-0.000520928	-0.00232431	-0.0038183	-8.46503e-05	-0.00673652	-0.010133	-0.00391899	-0.0130917	-0.0262489	-0.0378481	-0.0589212	0.0787297	0.506913	0.0105716	-0.0350424	
0	0	0	0	0	0	0	0	0	0	0	0	0	0	0	0	0	0	0	0	0	0	0	0	0	0	0	0	0	0	0	0	0	0	0	0	0	0	0	0	0	0	0	0	0	0	0	0	0	0	0	0	0	0	-0.000527806	-0.00241854	-0.00431956	-2.90309e-05	-0.00648601	-0.00964342	-0.000474063	-0.0139415	-0.00370792	-0.0216551	-0.0480767	-0.0872329	0.0249945	0.50111	-0.0345719	
0	0	0	0	0	0	0	0	0	0	0	0	0	0	0	0	0	0	0	0	0	0	0	0	0	0	0	0	0	0	0	0	0	0	0	0	0	0	0	0	0	0	0	0	0	0	0	0	0	0	0	0	0	0	-0.000463595	-0.00213157	-0.00419441	-0.000830282	-0.00462846	-0.007103	-0.00707126	-0.00649112	-0.0110265	-0.00499576	-0.0221904	-0.0360536	-0.126899	-0.0779204	0.455161	  ); 
scatteringMultiplicity ( 
1	1	1	1	1	1	1	1	1	1	1	1	1	1	1	1	1	1	1	1	1	1	1	1	1	1	1	1	1	1	1	1	1	1	1	1	1	1	1	1	1	1	1	1	1	1	1	1	1	1	1	1	1	1	1	1	1	1	1	1	1	1	1	1	1	1	1	1	1	
1	1	1	1	1	1	1	1	1	1	1	1	1	1	1	1	1	1	1	1	1	1	1	1	1	1	1	1	1	1	1	1	1	1	1	1	1	1	1	1	1	1	1	1	1	1	1	1	1	1	1	1	1	1	1	1	1	1	1	1	1	1	1	1	1	1	1	1	1	
1	1	1	1	1	1	1	1	1	1	1	1	1	1	1	1	1	1	1	1	1	1	1	1	1	1	1	1	1	1	1	1	1	1	1	1	1	1	1	1	1	1	1	1	1	1	1	1	1	1	1	1	1	1	1	1	1	1	1	1	1	1	1	1	1	1	1	1	1	
1	1	1	1	1	1	1	1	1	1	1	1	1	1	1	1	1	1	1	1	1	1	1	1	1	1	1	1	1	1	1	1	1	1	1	1	1	1	1	1	1	1	1	1	1	1	1	1	1	1	1	1	1	1	1	1	1	1	1	1	1	1	1	1	1	1	1	1	1	
1	1	1	1	1	1	1	1	1	1	1	1	1	1	1	1	1	1	1	1	1	1	1	1	1	1	1	1	1	1	1	1	1	1	1	1	1	1	1	1	1	1	1	1	1	1	1	1	1	1	1	1	1	1	1	1	1	1	1	1	1	1	1	1	1	1	1	1	1	
1	1	1	1	1	1	1	1	1	1	1	1	1	1	1	1	1	1	1	1	1	1	1	1	1	1	1	1	1	1	1	1	1	1	1	1	1	1	1	1	1	1	1	1	1	1	1	1	1	1	1	1	1	1	1	1	1	1	1	1	1	1	1	1	1	1	1	1	1	
1	1	1	1	1	1	1	1	1	1	1	1	1	1	1	1	1	1	1	1	1	1	1	1	1	1	1	1	1	1	1	1	1	1	1	1	1	1	1	1	1	1	1	1	1	1	1	1	1	1	1	1	1	1	1	1	1	1	1	1	1	1	1	1	1	1	1	1	1	
1	1	1	1	1	1	1	1	1	1	1	1	1	1	1	1	1	1	1	1	1	1	1	1	1	1	1	1	1	1	1	1	1	1	1	1	1	1	1	1	1	1	1	1	1	1	1	1	1	1	1	1	1	1	1	1	1	1	1	1	1	1	1	1	1	1	1	1	1	
1	1	1	1	1	1	1	1	1	1	1	1	1	1	1	1	1	1	1	1	1	1	1	1	1	1	1	1	1	1	1	1	1	1	1	1	1	1	1	1	1	1	1	1	1	1	1	1	1	1	1	1	1	1	1	1	1	1	1	1	1	1	1	1	1	1	1	1	1	
1	1	1	1	1	1	1	1	1	1	1	1	1	1	1	1	1	1	1	1	1	1	1	1	1	1	1	1	1	1	1	1	1	1	1	1	1	1	1	1	1	1	1	1	1	1	1	1	1	1	1	1	1	1	1	1	1	1	1	1	1	1	1	1	1	1	1	1	1	
1	1	1	1	1	1	1	1	1	1	1	1	1	1	1	1	1	1	1	1	1	1	1	1	1	1	1	1	1	1	1	1	1	1	1	1	1	1	1	1	1	1	1	1	1	1	1	1	1	1	1	1	1	1	1	1	1	1	1	1	1	1	1	1	1	1	1	1	1	
1	1	1	1	1	1	1	1	1	1	1	1	1	1	1	1	1	1	1	1	1	1	1	1	1	1	1	1	1	1	1	1	1	1	1	1	1	1	1	1	1	1	1	1	1	1	1	1	1	1	1	1	1	1	1	1	1	1	1	1	1	1	1	1	1	1	1	1	1	
1	1	1	1	1	1	1	1	1	1	1	1	1	1	1	1	1	1	1	1	1	1	1	1	1	1	1	1	1	1	1	1	1	1	1	1	1	1	1	1	1	1	1	1	1	1	1	1	1	1	1	1	1	1	1	1	1	1	1	1	1	1	1	1	1	1	1	1	1	
1	1	1	1	1	1	1	1	1	1	1	1	1	1	1	1	1	1	1	1	1	1	1	1	1	1	1	1	1	1	1	1	1	1	1	1	1	1	1	1	1	1	1	1	1	1	1	1	1	1	1	1	1	1	1	1	1	1	1	1	1	1	1	1	1	1	1	1	1	
1	1	1	1	1	1	1	1	1	1	1	1	1	1	1	1	1	1	1	1	1	1	1	1	1	1	1	1	1	1	1	1	1	1	1	1	1	1	1	1	1	1	1	1	1	1	1	1	1	1	1	1	1	1	1	1	1	1	1	1	1	1	1	1	1	1	1	1	1	
1	1	1	1	1	1	1	1	1	1	1	1	1	1	1	1	1	1	1	1	1	1	1	1	1	1	1	1	1	1	1	1	1	1	1	1	1	1	1	1	1	1	1	1	1	1	1	1	1	1	1	1	1	1	1	1	1	1	1	1	1	1	1	1	1	1	1	1	1	
1	1	1	1	1	1	1	1	1	1	1	1	1	1	1	1	1	1	1	1	1	1	1	1	1	1	1	1	1	1	1	1	1	1	1	1	1	1	1	1	1	1	1	1	1	1	1	1	1	1	1	1	1	1	1	1	1	1	1	1	1	1	1	1	1	1	1	1	1	
1	1	1	1	1	1	1	1	1	1	1	1	1	1	1	1	1	1	1	1	1	1	1	1	1	1	1	1	1	1	1	1	1	1	1	1	1	1	1	1	1	1	1	1	1	1	1	1	1	1	1	1	1	1	1	1	1	1	1	1	1	1	1	1	1	1	1	1	1	
1	1	1	1	1	1	1	1	1	1	1	1	1	1	1	1	1	1	1	1	1	1	1	1	1	1	1	1	1	1	1	1	1	1	1	1	1	1	1	1	1	1	1	1	1	1	1	1	1	1	1	1	1	1	1	1	1	1	1	1	1	1	1	1	1	1	1	1	1	
1	1	1	1	1	1	1	1	1	1	1	1	1	1	1	1	1	1	1	1	1	1	1	1	1	1	1	1	1	1	1	1	1	1	1	1	1	1	1	1	1	1	1	1	1	1	1	1	1	1	1	1	1	1	1	1	1	1	1	1	1	1	1	1	1	1	1	1	1	
1	1	1	1	1	1	1	1	1	1	1	1	1	1	1	1	1	1	1	1	1	1	1	1	1	1	1	1	1	1	1	1	1	1	1	1	1	1	1	1	1	1	1	1	1	1	1	1	1	1	1	1	1	1	1	1	1	1	1	1	1	1	1	1	1	1	1	1	1	
1	1	1	1	1	1	1	1	1	1	1	1	1	1	1	1	1	1	1	1	1	1	1	1	1	1	1	1	1	1	1	1	1	1	1	1	1	1	1	1	1	1	1	1	1	1	1	1	1	1	1	1	1	1	1	1	1	1	1	1	1	1	1	1	1	1	1	1	1	
1	1	1	1	1	1	1	1	1	1	1	1	1	1	1	1	1	1	1	1	1	1	1	1	1	1	1	1	1	1	1	1	1	1	1	1	1	1	1	1	1	1	1	1	1	1	1	1	1	1	1	1	1	1	1	1	1	1	1	1	1	1	1	1	1	1	1	1	1	
1	1	1	1	1	1	1	1	1	1	1	1	1	1	1	1	1	1	1	1	1	1	1	1	1	1	1	1	1	1	1	1	1	1	1	1	1	1	1	1	1	1	1	1	1	1	1	1	1	1	1	1	1	1	1	1	1	1	1	1	1	1	1	1	1	1	1	1	1	
1	1	1	1	1	1	1	1	1	1	1	1	1	1	1	1	1	1	1	1	1	1	1	1	1	1	1	1	1	1	1	1	1	1	1	1	1	1	1	1	1	1	1	1	1	1	1	1	1	1	1	1	1	1	1	1	1	1	1	1	1	1	1	1	1	1	1	1	1	
1	1	1	1	1	1	1	1	1	1	1	1	1	1	1	1	1	1	1	1	1	1	1	1	1	1	1	1	1	1	1	1	1	1	1	1	1	1	1	1	1	1	1	1	1	1	1	1	1	1	1	1	1	1	1	1	1	1	1	1	1	1	1	1	1	1	1	1	1	
1	1	1	1	1	1	1	1	1	1	1	1	1	1	1	1	1	1	1	1	1	1	1	1	1	1	1	1	1	1	1	1	1	1	1	1	1	1	1	1	1	1	1	1	1	1	1	1	1	1	1	1	1	1	1	1	1	1	1	1	1	1	1	1	1	1	1	1	1	
1	1	1	1	1	1	1	1	1	1	1	1	1	1	1	1	1	1	1	1	1	1	1	1	1	1	1	1	1	1	1	1	1	1	1	1	1	1	1	1	1	1	1	1	1	1	1	1	1	1	1	1	1	1	1	1	1	1	1	1	1	1	1	1	1	1	1	1	1	
1	1	1	1	1	1	1	1	1	1	1	1	1	1	1	1	1	1	1	1	1	1	1	1	1	1	1	1	1	1	1	1	1	1	1	1	1	1	1	1	1	1	1	1	1	1	1	1	1	1	1	1	1	1	1	1	1	1	1	1	1	1	1	1	1	1	1	1	1	
1	1	1	1	1	1	1	1	1	1	1	1	1	1	1	1	1	1	1	1	1	1	1	1	1	1	1	1	1	1	1	1	1	1	1	1	1	1	1	1	1	1	1	1	1	1	1	1	1	1	1	1	1	1	1	1	1	1	1	1	1	1	1	1	1	1	1	1	1	
1	1	1	1	1	1	1	1	1	1	1	1	1	1	1	1	1	1	1	1	1	1	1	1	1	1	1	1	1	1	1	1	1	1	1	1	1	1	1	1	1	1	1	1	1	1	1	1	1	1	1	1	1	1	1	1	1	1	1	1	1	1	1	1	1	1	1	1	1	
1	1	1	1	1	1	1	1	1	1	1	1	1	1	1	1	1	1	1	1	1	1	1	1	1	1	1	1	1	1	1	1	1	1	1	1	1	1	1	1	1	1	1	1	1	1	1	1	1	1	1	1	1	1	1	1	1	1	1	1	1	1	1	1	1	1	1	1	1	
1	1	1	1	1	1	1	1	1	1	1	1	1	1	1	1	1	1	1	1	1	1	1	1	1	1	1	1	1	1	1	1	1	1	1	1	1	1	1	1	1	1	1	1	1	1	1	1	1	1	1	1	1	1	1	1	1	1	1	1	1	1	1	1	1	1	1	1	1	
1	1	1	1	1	1	1	1	1	1	1	1	1	1	1	1	1	1	1	1	1	1	1	1	1	1	1	1	1	1	1	1	1	1	1	1	1	1	1	1	1	1	1	1	1	1	1	1	1	1	1	1	1	1	1	1	1	1	1	1	1	1	1	1	1	1	1	1	1	
1	1	1	1	1	1	1	1	1	1	1	1	1	1	1	1	1	1	1	1	1	1	1	1	1	1	1	1	1	1	1	1	1	1	1	1	1	1	1	1	1	1	1	1	1	1	1	1	1	1	1	1	1	1	1	1	1	1	1	1	1	1	1	1	1	1	1	1	1	
1	1	1	1	1	1	1	1	1	1	1	1	1	1	1	1	1	1	1	1	1	1	1	1	1	1	1	1	1	1	1	1	1	1	1	1	1	1	1	1	1	1	1	1	1	1	1	1	1	1	1	1	1	1	1	1	1	1	1	1	1	1	1	1	1	1	1	1	1	
1	1	1	1	1	1	1	1	1	1	1	1	1	1	1	1	1	1	1	1	1	1	1	1	1	1	1	1	1	1	1	1	1	1	1	1	1	1	1	1	1	1	1	1	1	1	1	1	1	1	1	1	1	1	1	1	1	1	1	1	1	1	1	1	1	1	1	1	1	
1	1	1	1	1	1	1	1	1	1	1	1	1	1	1	1	1	1	1	1	1	1	1	1	1	1	1	1	1	1	1	1	1	1	1	1	1	1	1	1	1	1	1	1	1	1	1	1	1	1	1	1	1	1	1	1	1	1	1	1	1	1	1	1	1	1	1	1	1	
1	1	1	1	1	1	1	1	1	1	1	1	1	1	1	1	1	1	1	1	1	1	1	1	1	1	1	1	1	1	1	1	1	1	1	1	1	1	1	1	1	1	1	1	1	1	1	1	1	1	1	1	1	1	1	1	1	1	1	1	1	1	1	1	1	1	1	1	1	
1	1	1	1	1	1	1	1	1	1	1	1	1	1	1	1	1	1	1	1	1	1	1	1	1	1	1	1	1	1	1	1	1	1	1	1	1	1	1	1	1	1	1	1	1	1	1	1	1	1	1	1	1	1	1	1	1	1	1	1	1	1	1	1	1	1	1	1	1	
1	1	1	1	1	1	1	1	1	1	1	1	1	1	1	1	1	1	1	1	1	1	1	1	1	1	1	1	1	1	1	1	1	1	1	1	1	1	1	1	1	1	1	1	1	1	1	1	1	1	1	1	1	1	1	1	1	1	1	1	1	1	1	1	1	1	1	1	1	
1	1	1	1	1	1	1	1	1	1	1	1	1	1	1	1	1	1	1	1	1	1	1	1	1	1	1	1	1	1	1	1	1	1	1	1	1	1	1	1	1	1	1	1	1	1	1	1	1	1	1	1	1	1	1	1	1	1	1	1	1	1	1	1	1	1	1	1	1	
1	1	1	1	1	1	1	1	1	1	1	1	1	1	1	1	1	1	1	1	1	1	1	1	1	1	1	1	1	1	1	1	1	1	1	1	1	1	1	1	1	1	1	1	1	1	1	1	1	1	1	1	1	1	1	1	1	1	1	1	1	1	1	1	1	1	1	1	1	
1	1	1	1	1	1	1	1	1	1	1	1	1	1	1	1	1	1	1	1	1	1	1	1	1	1	1	1	1	1	1	1	1	1	1	1	1	1	1	1	1	1	1	1	1	1	1	1	1	1	1	1	1	1	1	1	1	1	1	1	1	1	1	1	1	1	1	1	1	
1	1	1	1	1	1	1	1	1	1	1	1	1	1	1	1	1	1	1	1	1	1	1	1	1	1	1	1	1	1	1	1	1	1	1	1	1	1	1	1	1	1	1	1	1	1	1	1	1	1	1	1	1	1	1	1	1	1	1	1	1	1	1	1	1	1	1	1	1	
1	1	1	1	1	1	1	1	1	1	1	1	1	1	1	1	1	1	1	1	1	1	1	1	1	1	1	1	1	1	1	1	1	1	1	1	1	1	1	1	1	1	1	1	1	1	1	1	1	1	1	1	1	1	1	1	1	1	1	1	1	1	1	1	1	1	1	1	1	
1	1	1	1	1	1	1	1	1	1	1	1	1	1	1	1	1	1	1	1	1	1	1	1	1	1	1	1	1	1	1	1	1	1	1	1	1	1	1	1	1	1	1	1	1	1	1	1	1	1	1	1	1	1	1	1	1	1	1	1	1	1	1	1	1	1	1	1	1	
1	1	1	1	1	1	1	1	1	1	1	1	1	1	1	1	1	1	1	1	1	1	1	1	1	1	1	1	1	1	1	1	1	1	1	1	1	1	1	1	1	1	1	1	1	1	1	1	1	1	1	1	1	1	1	1	1	1	1	1	1	1	1	1	1	1	1	1	1	
1	1	1	1	1	1	1	1	1	1	1	1	1	1	1	1	1	1	1	1	1	1	1	1	1	1	1	1	1	1	1	1	1	1	1	1	1	1	1	1	1	1	1	1	1	1	1	1	1	1	1	1	1	1	1	1	1	1	1	1	1	1	1	1	1	1	1	1	1	
1	1	1	1	1	1	1	1	1	1	1	1	1	1	1	1	1	1	1	1	1	1	1	1	1	1	1	1	1	1	1	1	1	1	1	1	1	1	1	1	1	1	1	1	1	1	1	1	1	1	1	1	1	1	1	1	1	1	1	1	1	1	1	1	1	1	1	1	1	
1	1	1	1	1	1	1	1	1	1	1	1	1	1	1	1	1	1	1	1	1	1	1	1	1	1	1	1	1	1	1	1	1	1	1	1	1	1	1	1	1	1	1	1	1	1	1	1	1	1	1	1	1	1	1	1	1	1	1	1	1	1	1	1	1	1	1	1	1	
1	1	1	1	1	1	1	1	1	1	1	1	1	1	1	1	1	1	1	1	1	1	1	1	1	1	1	1	1	1	1	1	1	1	1	1	1	1	1	1	1	1	1	1	1	1	1	1	1	1	1	1	1	1	1	1	1	1	1	1	1	1	1	1	1	1	1	1	1	
1	1	1	1	1	1	1	1	1	1	1	1	1	1	1	1	1	1	1	1	1	1	1	1	1	1	1	1	1	1	1	1	1	1	1	1	1	1	1	1	1	1	1	1	1	1	1	1	1	1	1	1	1	1	1	1	1	1	1	1	1	1	1	1	1	1	1	1	1	
1	1	1	1	1	1	1	1	1	1	1	1	1	1	1	1	1	1	1	1	1	1	1	1	1	1	1	1	1	1	1	1	1	1	1	1	1	1	1	1	1	1	1	1	1	1	1	1	1	1	1	1	1	1	1	1	1	1	1	1	1	1	1	1	1	1	1	1	1	
1	1	1	1	1	1	1	1	1	1	1	1	1	1	1	1	1	1	1	1	1	1	1	1	1	1	1	1	1	1	1	1	1	1	1	1	1	1	1	1	1	1	1	1	1	1	1	1	1	1	1	1	1	1	1	1	1	1	1	1	1	1	1	1	1	1	1	1	1	
1	1	1	1	1	1	1	1	1	1	1	1	1	1	1	1	1	1	1	1	1	1	1	1	1	1	1	1	1	1	1	1	1	1	1	1	1	1	1	1	1	1	1	1	1	1	1	1	1	1	1	1	1	1	1	1	1	1	1	1	1	1	1	1	1	1	1	1	1	
1	1	1	1	1	1	1	1	1	1	1	1	1	1	1	1	1	1	1	1	1	1	1	1	1	1	1	1	1	1	1	1	1	1	1	1	1	1	1	1	1	1	1	1	1	1	1	1	1	1	1	1	1	1	1	1	1	1	1	1	1	1	1	1	1	1	1	1	1	
1	1	1	1	1	1	1	1	1	1	1	1	1	1	1	1	1	1	1	1	1	1	1	1	1	1	1	1	1	1	1	1	1	1	1	1	1	1	1	1	1	1	1	1	1	1	1	1	1	1	1	1	1	1	1	1	1	1	1	1	1	1	1	1	1	1	1	1	1	
1	1	1	1	1	1	1	1	1	1	1	1	1	1	1	1	1	1	1	1	1	1	1	1	1	1	1	1	1	1	1	1	1	1	1	1	1	1	1	1	1	1	1	1	1	1	1	1	1	1	1	1	1	1	1	1	1	1	1	1	1	1	1	1	1	1	1	1	1	
1	1	1	1	1	1	1	1	1	1	1	1	1	1	1	1	1	1	1	1	1	1	1	1	1	1	1	1	1	1	1	1	1	1	1	1	1	1	1	1	1	1	1	1	1	1	1	1	1	1	1	1	1	1	1	1	1	1	1	1	1	1	1	1	1	1	1	1	1	
1	1	1	1	1	1	1	1	1	1	1	1	1	1	1	1	1	1	1	1	1	1	1	1	1	1	1	1	1	1	1	1	1	1	1	1	1	1	1	1	1	1	1	1	1	1	1	1	1	1	1	1	1	1	1	1	1	1	1	1	1	1	1	1	1	1	1	1	1	
1	1	1	1	1	1	1	1	1	1	1	1	1	1	1	1	1	1	1	1	1	1	1	1	1	1	1	1	1	1	1	1	1	1	1	1	1	1	1	1	1	1	1	1	1	1	1	1	1	1	1	1	1	1	1	1	1	1	1	1	1	1	1	1	1	1	1	1	1	
1	1	1	1	1	1	1	1	1	1	1	1	1	1	1	1	1	1	1	1	1	1	1	1	1	1	1	1	1	1	1	1	1	1	1	1	1	1	1	1	1	1	1	1	1	1	1	1	1	1	1	1	1	1	1	1	1	1	1	1	1	1	1	1	1	1	1	1	1	
1	1	1	1	1	1	1	1	1	1	1	1	1	1	1	1	1	1	1	1	1	1	1	1	1	1	1	1	1	1	1	1	1	1	1	1	1	1	1	1	1	1	1	1	1	1	1	1	1	1	1	1	1	1	1	1	1	1	1	1	1	1	1	1	1	1	1	1	1	
1	1	1	1	1	1	1	1	1	1	1	1	1	1	1	1	1	1	1	1	1	1	1	1	1	1	1	1	1	1	1	1	1	1	1	1	1	1	1	1	1	1	1	1	1	1	1	1	1	1	1	1	1	1	1	1	1	1	1	1	1	1	1	1	1	1	1	1	1	
1	1	1	1	1	1	1	1	1	1	1	1	1	1	1	1	1	1	1	1	1	1	1	1	1	1	1	1	1	1	1	1	1	1	1	1	1	1	1	1	1	1	1	1	1	1	1	1	1	1	1	1	1	1	1	1	1	1	1	1	1	1	1	1	1	1	1	1	1	
1	1	1	1	1	1	1	1	1	1	1	1	1	1	1	1	1	1	1	1	1	1	1	1	1	1	1	1	1	1	1	1	1	1	1	1	1	1	1	1	1	1	1	1	1	1	1	1	1	1	1	1	1	1	1	1	1	1	1	1	1	1	1	1	1	1	1	1	1	
1	1	1	1	1	1	1	1	1	1	1	1	1	1	1	1	1	1	1	1	1	1	1	1	1	1	1	1	1	1	1	1	1	1	1	1	1	1	1	1	1	1	1	1	1	1	1	1	1	1	1	1	1	1	1	1	1	1	1	1	1	1	1	1	1	1	1	1	1	
1	1	1	1	1	1	1	1	1	1	1	1	1	1	1	1	1	1	1	1	1	1	1	1	1	1	1	1	1	1	1	1	1	1	1	1	1	1	1	1	1	1	1	1	1	1	1	1	1	1	1	1	1	1	1	1	1	1	1	1	1	1	1	1	1	1	1	1	1	  ); 
