numberOfGroups 69; 
capture ( 0.0046477    0.001589   1.557e-05  7.3085e-06  4.9897e-06  7.9642e-06  1.2919e-05  1.8117e-05   2.489e-05  3.2008e-05  4.1209e-05  5.3949e-05  7.0642e-05  9.2603e-05  0.00012097  0.00015529  0.00019617  0.00024643  0.00030891  0.00043673   0.0006882   0.0010203   0.0013524   0.0017395   0.0022939   0.0029645   0.0042145   0.0055122   0.0061476   0.0069116   0.0078875   0.0088903   0.0094966   0.0098722   0.0099893    0.010104    0.010219    0.010331     0.01044    0.010568    0.010701    0.010882    0.011181    0.011637    0.012575    0.014067    0.015697    0.017138    0.018122     0.01883    0.019481    0.020373    0.021647    0.023539    0.026379    0.030646    0.035138    0.038766    0.041981    0.045192    0.048974    0.053457    0.058187    0.063271    0.069984    0.079333    0.093943     0.12073     0.19703); 
P0 ( 
0.0093742	0.0385243	0.0177479	0.011944	0.0078902	0.00479353	0.00283306	0.00170021	0.000988686	0.000573465	0.000342165	0.000207455	0.000127496	7.33824e-05	4.59886e-05	2.56107e-05	1.68062e-05	9.83412e-06	6.53094e-06	6.92232e-06	2.71495e-06	1.05189e-06	3.18131e-07	1.71226e-07	1.71407e-07	9.78541e-08	7.34039e-08	0	0	0	0	0	0	0	0	0	0	0	0	0	0	0	0	0	0	0	0	0	0	0	0	0	0	0	0	0	0	0	0	0	0	0	0	0	0	0	0	0	0	
0	0.0166509	0.0533296	0.0230043	0.0140595	0.00852611	0.0052609	0.00318489	0.00192267	0.00116716	0.000712191	0.000429453	0.000262228	0.000159241	9.63205e-05	5.39438e-05	3.39808e-05	2.20792e-05	1.33348e-05	1.49917e-05	6.354e-06	1.83609e-06	6.94216e-07	5.37426e-07	3.07924e-07	1.736e-07	1.56774e-07	2.79934e-08	5.58665e-09	1.67976e-08	1.11881e-08	5.5967e-09	1.12024e-08	5.60248e-09	0	0	0	5.59758e-09	0	0	5.60145e-09	0	0	0	5.59851e-09	0	0	0	0	0	0	0	0	0	0	0	0	0	0	0	0	0	0	0	0	0	0	0	0	
0	0	0.0170399	0.0577777	0.0312947	0.0189786	0.011698	0.00709847	0.00427383	0.00259626	0.00157925	0.00095676	0.000581093	0.000352136	0.000211975	0.000119289	7.57601e-05	4.85063e-05	3.06338e-05	3.16006e-05	1.29195e-05	4.34967e-06	1.69463e-06	1.19531e-06	7.42048e-07	4.20964e-07	4.12818e-07	5.12639e-08	2.15957e-08	2.96931e-08	2.96927e-08	1.3495e-08	5.40155e-09	5.40249e-09	0	0	2.6935e-09	5.39409e-09	5.39186e-09	0	0	0	0	8.10188e-09	1.07828e-08	1.08009e-08	2.69964e-09	0	0	0	0	0	0	0	0	0	0	0	0	0	0	0	0	0	0	0	0	0	0	
0	0	0	-0.00684521	0.0829511	0.0400968	0.0247214	0.0149869	0.00903724	0.00548614	0.00332862	0.00201751	0.00122762	0.000740994	0.000450652	0.000252821	0.000159771	0.000102331	6.5183e-05	6.79132e-05	2.74441e-05	9.06725e-06	3.34724e-06	2.58487e-06	1.512e-06	7.37088e-07	7.47159e-07	7.57345e-08	9.34225e-08	7.82598e-08	7.82593e-08	2.27229e-08	2.02023e-08	5.04964e-09	5.05147e-09	0	2.52904e-09	2.52559e-09	5.04804e-09	5.05622e-09	0	2.52893e-09	1.00937e-08	1.01008e-08	1.51554e-08	2.01901e-08	5.05283e-09	2.52446e-09	0	5.0404e-09	0	0	0	0	2.52677e-09	0	0	0	0	0	0	0	0	0	0	0	0	0	0	
0	0	0	0	-0.0013922	0.12085	0.0531454	0.0322087	0.0194197	0.011783	0.00714854	0.00433973	0.00263791	0.00159987	0.00096918	0.000540934	0.000343997	0.000219608	0.000139945	0.000146685	5.90559e-05	1.99538e-05	7.42085e-06	5.29921e-06	2.93251e-06	1.68923e-06	1.64443e-06	1.84038e-07	1.89582e-07	1.3662e-07	1.756e-07	4.181e-08	5.5752e-08	2.78706e-09	1.67215e-08	5.57095e-09	1.39301e-08	0	1.67139e-08	1.1153e-08	5.57714e-09	8.36244e-09	3.06669e-08	1.39411e-08	3.06714e-08	1.95129e-08	1.95177e-08	8.36465e-09	8.36053e-09	0	5.56772e-09	2.79192e-09	0	0	5.56984e-09	0	0	0	0	0	0	2.78178e-09	0	0	0	0	0	0	0	
0	0	0	0	0	-0.0257004	0.129561	0.0671826	0.0405063	0.0245797	0.0149094	0.00904668	0.00548494	0.003328	0.00201769	0.00113226	0.000718843	0.000459563	0.000292499	0.000305017	0.000123616	4.11793e-05	1.5211e-05	1.12369e-05	6.65844e-06	3.33474e-06	3.34534e-06	4.34135e-07	3.96818e-07	3.11649e-07	3.755e-07	1.14528e-07	1.09205e-07	1.86449e-08	2.39757e-08	5.33185e-09	5.33531e-09	1.59758e-08	1.59661e-08	1.8643e-08	1.86473e-08	2.6642e-08	3.73031e-08	4.52935e-08	1.01215e-07	7.18887e-08	4.26169e-08	1.06569e-08	3.19435e-08	1.33223e-08	2.66302e-09	1.06515e-08	2.13252e-08	1.86406e-08	2.665e-08	1.33141e-08	0	2.65714e-09	0	2.66316e-09	0	2.6666e-09	0	0	0	0	0	0	0	
0	0	0	0	0	0	-0.0643971	0.187147	0.0891433	0.0540408	0.0328034	0.0198965	0.0120788	0.0073279	0.00444352	0.00249822	0.00158747	0.00100704	0.000642681	0.000664635	0.000271745	8.99492e-05	3.37821e-05	2.46981e-05	1.48268e-05	7.41722e-06	7.50673e-06	8.89355e-07	9.00998e-07	5.86267e-07	7.88312e-07	2.56281e-07	1.59233e-07	3.10844e-08	1.94195e-08	3.49377e-08	1.94109e-08	5.43644e-08	3.11027e-08	4.27218e-08	1.16423e-08	5.04854e-08	7.37949e-08	8.54318e-08	1.78624e-07	1.35902e-07	1.63088e-07	5.43614e-08	3.88065e-08	2.71807e-08	2.7182e-08	4.66042e-08	4.27281e-08	8.15307e-08	5.04924e-08	5.82518e-08	1.5524e-08	1.16371e-08	7.7616e-09	0	0	3.88174e-09	3.88212e-09	3.88747e-09	0	3.88265e-09	0	0	0	
0	0	0	0	0	0	0	-0.128615	0.211198	0.111383	0.0676309	0.0410299	0.0248937	0.0150798	0.0091575	0.00512374	0.00326702	0.00207406	0.00132508	0.00137414	0.00055742	0.000185523	6.97914e-05	5.15256e-05	3.04608e-05	1.55226e-05	1.46629e-05	1.74985e-06	1.77216e-06	1.04991e-06	1.43091e-06	4.9175e-07	3.63276e-07	4.4298e-08	7.97737e-08	5.75694e-08	6.64626e-08	5.31717e-08	4.87442e-08	7.53058e-08	5.76187e-08	1.01909e-07	1.72799e-07	1.7278e-07	3.72148e-07	3.14583e-07	2.43652e-07	1.19624e-07	8.41507e-08	3.98726e-08	2.65812e-08	6.64363e-08	7.08891e-08	1.15165e-07	1.32873e-07	8.85637e-08	5.31406e-08	1.32847e-08	1.77099e-08	1.77218e-08	1.77165e-08	1.32914e-08	8.85534e-09	8.85838e-09	8.85946e-09	4.42469e-09	4.42915e-09	0	0	
0	0	0	0	0	0	0	0	-0.235358	0.2592	0.139846	0.084873	0.051466	0.0312316	0.0189499	0.010627	0.00676094	0.004302	0.00273615	0.00285164	0.00115393	0.000385789	0.000142738	0.000107573	6.22246e-05	3.24875e-05	3.14742e-05	3.71359e-06	3.71916e-06	2.63593e-06	3.2557e-06	9.9056e-07	8.45882e-07	1.67972e-07	1.44792e-07	9.84906e-08	1.6803e-07	1.10073e-07	1.68018e-07	8.69219e-08	1.33215e-07	2.4329e-07	3.18607e-07	3.93943e-07	9.61656e-07	7.12543e-07	4.98286e-07	2.49139e-07	1.67968e-07	9.26641e-08	9.84516e-08	1.68007e-07	1.50586e-07	2.43314e-07	2.08572e-07	1.85451e-07	8.11101e-08	6.95198e-08	2.89872e-08	1.73758e-08	1.15722e-08	1.73851e-08	1.73727e-08	1.15833e-08	1.73681e-08	5.78968e-09	0	5.78761e-09	1.73801e-08	
0	0	0	0	0	0	0	0	0	-0.31305	0.306874	0.16801	0.10195	0.0618375	0.0375462	0.0210352	0.0133843	0.00851042	0.0054063	0.00567074	0.00228062	0.000763117	0.000286876	0.000213776	0.000123001	6.38099e-05	6.10111e-05	7.6363e-06	7.52361e-06	5.06954e-06	6.18057e-06	2.1869e-06	1.67344e-06	3.79719e-07	2.81298e-07	2.95372e-07	2.10925e-07	2.39102e-07	2.74187e-07	3.16343e-07	2.53053e-07	4.57013e-07	6.96105e-07	9.07084e-07	1.67346e-06	1.29363e-06	1.07571e-06	5.97702e-07	3.51509e-07	1.75755e-07	2.17969e-07	2.53155e-07	3.09387e-07	4.07888e-07	5.41338e-07	3.23416e-07	1.6174e-07	1.19504e-07	4.92302e-08	5.62753e-08	9.13666e-08	4.21965e-08	4.91978e-08	4.91995e-08	6.32874e-08	4.92227e-08	5.623e-08	7.03101e-09	3.51676e-08	
0	0	0	0	0	0	0	0	0	0	-0.376279	0.346333	0.192329	0.116647	0.0708008	0.0396911	0.0252395	0.0160672	0.0102279	0.010641	0.00429874	0.00144531	0.000539972	0.000401435	0.00023345	0.000120441	0.00011607	1.36835e-05	1.35939e-05	1.01104e-05	1.16479e-05	3.75264e-06	3.05263e-06	6.34874e-07	4.07045e-07	5.37349e-07	5.45434e-07	5.37146e-07	5.2919e-07	5.04782e-07	4.39496e-07	8.79164e-07	1.26165e-06	1.2536e-06	3.15853e-06	2.42557e-06	1.9373e-06	9.03497e-07	5.45383e-07	4.07018e-07	4.63845e-07	5.53482e-07	5.21007e-07	8.38472e-07	8.1385e-07	8.46609e-07	3.90731e-07	2.52378e-07	1.79017e-07	1.22034e-07	1.05869e-07	1.22111e-07	5.69967e-08	5.70074e-08	9.7667e-08	4.88514e-08	8.13938e-08	4.88322e-08	1.62854e-08	
0	0	0	0	0	0	0	0	0	0	0	-0.42828	0.383089	0.213651	0.129627	0.0726818	0.0462323	0.0294782	0.0187083	0.0194664	0.00789042	0.00264516	0.000993693	0.000737368	0.000425216	0.000218027	0.000210303	2.50354e-05	2.57858e-05	1.77824e-05	2.15937e-05	7.82276e-06	5.33289e-06	9.32664e-07	1.02299e-06	9.77916e-07	8.42019e-07	9.59764e-07	8.96344e-07	6.9729e-07	7.1519e-07	1.34013e-06	2.07325e-06	2.54434e-06	5.78585e-06	4.41823e-06	3.82984e-06	1.62966e-06	1.12258e-06	7.87737e-07	5.79428e-07	1.04118e-06	1.08641e-06	1.5392e-06	1.33098e-06	1.43978e-06	7.51545e-07	4.61867e-07	1.99167e-07	2.35365e-07	2.26302e-07	1.35807e-07	1.90123e-07	1.08629e-07	1.35792e-07	1.71988e-07	1.0861e-07	7.2451e-08	6.33707e-08	
0	0	0	0	0	0	0	0	0	0	0	0	-0.463345	0.405193	0.227415	0.12746	0.0810876	0.0515704	0.0328742	0.0342289	0.0138488	0.00464778	0.00174568	0.00129492	0.000748035	0.000384846	0.000374234	4.4564e-05	4.33971e-05	3.2619e-05	3.78043e-05	1.1673e-05	9.64304e-06	1.94235e-06	1.80622e-06	1.63173e-06	1.76723e-06	1.40814e-06	1.60226e-06	1.54399e-06	1.26231e-06	2.61214e-06	4.23347e-06	4.34062e-06	9.70081e-06	8.38052e-06	5.98175e-06	3.28232e-06	2.00056e-06	1.42749e-06	1.56355e-06	1.8548e-06	1.82557e-06	2.37907e-06	2.42741e-06	2.40819e-06	1.00023e-06	7.76811e-07	5.82622e-07	4.85555e-07	5.63098e-07	3.59342e-07	3.39841e-07	2.42816e-07	2.62217e-07	1.84495e-07	1.65057e-07	1.45683e-07	8.73936e-08	
0	0	0	0	0	0	0	0	0	0	0	0	0	-0.489348	0.422589	0.219665	0.139803	0.088972	0.0566287	0.0589994	0.0238974	0.00800525	0.00300024	0.00222115	0.00127823	0.000669923	0.000640851	7.67273e-05	7.62139e-05	5.46522e-05	6.60319e-05	2.13562e-05	1.62445e-05	2.99549e-06	2.74989e-06	3.00554e-06	2.71937e-06	2.71974e-06	2.78035e-06	2.39204e-06	2.31041e-06	4.38536e-06	6.60453e-06	7.13572e-06	1.73599e-05	1.39648e-05	1.11026e-05	5.93978e-06	3.00583e-06	2.15688e-06	2.13656e-06	3.29195e-06	3.25085e-06	4.62146e-06	4.31396e-06	4.5596e-06	2.32062e-06	1.3292e-06	8.89471e-07	9.30309e-07	8.38356e-07	5.62273e-07	4.60069e-07	4.19178e-07	4.39682e-07	2.76072e-07	2.86384e-07	2.35167e-07	1.73799e-07	
0	0	0	0	0	0	0	0	0	0	0	0	0	0	-0.507567	0.403341	0.23712	0.150914	0.0959263	0.0999863	0.0405294	0.0135534	0.00509112	0.0037587	0.00217435	0.00113933	0.00109621	0.000129723	0.00012947	9.26502e-05	0.000109798	3.80699e-05	2.82781e-05	5.38992e-06	4.87011e-06	5.06126e-06	4.61563e-06	4.8278e-06	4.30789e-06	4.73197e-06	4.30791e-06	7.42753e-06	1.11401e-05	1.27856e-05	2.86481e-05	2.30039e-05	1.80805e-05	9.63393e-06	5.43232e-06	3.60737e-06	3.58645e-06	5.53867e-06	5.44317e-06	7.62882e-06	7.3423e-06	6.98205e-06	3.88353e-06	2.29184e-06	1.57027e-06	1.52786e-06	1.31563e-06	1.12486e-06	7.7449e-07	1.05036e-06	6.7915e-07	7.42589e-07	5.5156e-07	4.7754e-07	3.50114e-07	
0	0	0	0	0	0	0	0	0	0	0	0	0	0	0	-0.540466	0.421957	0.246649	0.157081	0.163472	0.0661947	0.0221691	0.00833171	0.00616747	0.00355188	0.00184536	0.00177898	0.000212579	0.000211059	0.000151806	0.00018301	6.06402e-05	4.57189e-05	7.92032e-06	7.52636e-06	7.7536e-06	8.15951e-06	7.90901e-06	7.28699e-06	7.35933e-06	6.3318e-06	1.25439e-05	1.8732e-05	2.12642e-05	4.58283e-05	3.79664e-05	3.01424e-05	1.50884e-05	8.94884e-06	5.78206e-06	6.15222e-06	9.73701e-06	8.7928e-06	1.19711e-05	1.25322e-05	1.19828e-05	5.51911e-06	3.71528e-06	2.84314e-06	1.804e-06	2.36556e-06	1.93522e-06	1.17074e-06	1.14672e-06	1.32606e-06	1.01543e-06	1.13482e-06	7.28827e-07	3.46442e-07	
0	0	0	0	0	0	0	0	0	0	0	0	0	0	0	0	-0.549506	0.424971	0.248606	0.258954	0.1049	0.0351596	0.0131674	0.00977965	0.00563539	0.00291995	0.00282269	0.000335897	0.000335521	0.000234118	0.000287395	9.84649e-05	7.22013e-05	1.31083e-05	1.20621e-05	1.21708e-05	1.24999e-05	1.13936e-05	1.08945e-05	1.14053e-05	1.05303e-05	1.82383e-05	2.88777e-05	3.32795e-05	7.46936e-05	5.95417e-05	4.76286e-05	2.38197e-05	1.42022e-05	8.97337e-06	9.2771e-06	1.43108e-05	1.48344e-05	2.00385e-05	1.96984e-05	1.84948e-05	9.38674e-06	6.12807e-06	4.0611e-06	4.15864e-06	3.69648e-06	3.00374e-06	1.8971e-06	1.88488e-06	1.86031e-06	1.83609e-06	1.58059e-06	1.2281e-06	7.78217e-07	
0	0	0	0	0	0	0	0	0	0	0	0	0	0	0	0	0	-0.552749	0.427795	0.409777	0.166051	0.0556515	0.0208324	0.0154591	0.00891204	0.00462044	0.00445096	0.000528733	0.000534961	0.000378919	0.000456494	0.000152833	0.000113607	1.98838e-05	2.00067e-05	1.96137e-05	1.9773e-05	1.88258e-05	1.81254e-05	1.82476e-05	1.62418e-05	3.03676e-05	4.49602e-05	5.21341e-05	0.00011512	9.71055e-05	7.8589e-05	3.77874e-05	2.19019e-05	1.46051e-05	1.49619e-05	2.29479e-05	2.29103e-05	3.01833e-05	3.11426e-05	3.13144e-05	1.50973e-05	9.99076e-06	6.70656e-06	6.17688e-06	5.328e-06	5.04513e-06	3.27296e-06	3.162e-06	3.23591e-06	2.70712e-06	2.46068e-06	1.90744e-06	1.45173e-06	
0	0	0	0	0	0	0	0	0	0	0	0	0	0	0	0	0	0	-0.559506	0.683075	0.262676	0.0880313	0.0329804	0.0244684	0.0141085	0.00732238	0.00706725	0.000842579	0.000844396	0.000601424	0.000723096	0.00023838	0.000180771	3.23429e-05	3.05173e-05	3.25194e-05	3.10942e-05	3.06543e-05	2.83933e-05	2.87053e-05	2.62172e-05	4.85211e-05	7.07018e-05	8.35403e-05	0.000185411	0.000148665	0.000120296	6.04865e-05	3.60307e-05	2.43177e-05	2.34416e-05	3.71708e-05	3.61699e-05	5.03203e-05	4.80838e-05	4.72715e-05	2.26669e-05	1.53028e-05	1.04272e-05	9.43944e-06	9.18907e-06	7.45158e-06	5.27582e-06	4.97615e-06	4.91335e-06	4.48819e-06	4.18877e-06	3.11297e-06	1.83792e-06	
0	0	0	0	0	0	0	0	0	0	0	0	0	0	0	0	0	0	0	-0.346846	0.549194	0.178307	0.0668241	0.0495214	0.0285495	0.0148318	0.014311	0.00170256	0.00170842	0.00121537	0.00146866	0.000487022	0.000364616	6.60944e-05	6.39548e-05	6.30714e-05	6.31904e-05	6.16016e-05	5.91454e-05	5.78845e-05	5.3926e-05	9.70726e-05	0.000148352	0.000169068	0.000377116	0.000306568	0.000243691	0.000122012	7.34825e-05	4.8549e-05	4.85689e-05	7.38379e-05	7.35396e-05	9.74093e-05	9.78598e-05	9.77424e-05	4.80405e-05	3.1488e-05	2.12551e-05	1.9378e-05	1.81881e-05	1.55851e-05	1.07225e-05	1.03536e-05	9.69211e-06	9.16405e-06	8.18334e-06	6.65022e-06	3.95793e-06	
0	0	0	0	0	0	0	0	0	0	0	0	0	0	0	0	0	0	0	3.25044e-08	-0.348999	0.458053	0.165329	0.122556	0.0705946	0.0366859	0.0353813	0.00420986	0.00421417	0.0030052	0.00361294	0.00120899	0.000906087	0.000161114	0.000156456	0.000155913	0.000157282	0.000149901	0.000144628	0.00014416	0.000132112	0.00023892	0.000361243	0.00042192	0.000934016	0.000753985	0.00060322	0.000300749	0.000180477	0.000120219	0.000120023	0.000181101	0.000182541	0.000242975	0.000239837	0.000241641	0.000118306	7.76558e-05	5.33689e-05	4.56855e-05	4.53736e-05	3.92506e-05	2.62188e-05	2.54966e-05	2.44498e-05	2.29073e-05	2.03701e-05	1.66164e-05	9.22523e-06	
0	0	0	0	0	0	0	0	0	0	0	0	0	0	0	0	0	0	0	0	2.67436e-08	-0.454003	0.382704	0.266939	0.153869	0.0798935	0.0770516	0.00917968	0.0091758	0.00655967	0.00787003	0.00261542	0.00196802	0.000358295	0.000342244	0.000343734	0.000340895	0.000328116	0.00031713	0.000317002	0.000288495	0.000523842	0.000782836	0.00091968	0.00203204	0.00163958	0.00131153	0.000654571	0.000394554	0.000262242	0.000262716	0.000391926	0.000391068	0.000526212	0.000526895	0.000525002	0.000261194	0.000166987	0.000113787	9.95773e-05	9.86407e-05	8.57605e-05	5.8055e-05	5.52518e-05	5.26456e-05	5.07422e-05	4.42005e-05	3.63643e-05	2.15825e-05	
0	0	0	0	0	0	0	0	0	0	0	0	0	0	0	0	0	0	0	0	0	3.83354e-07	-0.576258	0.50031	0.268378	0.139285	0.134471	0.0160347	0.0160171	0.0114155	0.0137034	0.00457532	0.00342272	0.00061772	0.000594687	0.000594943	0.000590651	0.000567143	0.000553031	0.000545036	0.000504841	0.000916947	0.00137314	0.00160003	0.00354417	0.00286867	0.00229474	0.00113899	0.00068545	0.000459482	0.000457343	0.000682498	0.000693272	0.000916018	0.000910623	0.000919664	0.000450979	0.000288649	0.000202711	0.000172763	0.00017528	0.000146209	0.000102639	9.77013e-05	9.1992e-05	8.84339e-05	7.57291e-05	6.39058e-05	3.56146e-05	
0	0	0	0	0	0	0	0	0	0	0	0	0	0	0	0	0	0	0	0	0	0	8.15545e-07	-0.533401	0.472575	0.230579	0.222465	0.0265064	0.0265164	0.018923	0.0227166	0.00756214	0.00566596	0.00102798	0.000981161	0.000984601	0.000989218	0.000945774	0.000909022	0.000910117	0.000836211	0.00151233	0.00226788	0.00264563	0.00585584	0.00473975	0.0037853	0.00189264	0.00113019	0.000759191	0.000757789	0.00113347	0.00113891	0.00150734	0.00151533	0.00151471	0.000757066	0.000482216	0.000330303	0.00029076	0.000285396	0.000242874	0.000166965	0.000158868	0.000155405	0.000144965	0.000128083	0.000103907	5.95151e-05	
0	0	0	0	0	0	0	0	0	0	0	0	0	0	0	0	0	0	0	0	0	0	0	2.13606e-06	-0.539116	0.427932	0.385467	0.0459043	0.0459178	0.0328301	0.0393279	0.0131136	0.00982417	0.00177607	0.00170331	0.00170807	0.00170405	0.00163435	0.00157429	0.00158031	0.00143938	0.00260923	0.00392981	0.00460024	0.0101546	0.00818517	0.00656758	0.00328192	0.00197007	0.00131703	0.00131088	0.00196464	0.0019689	0.00263035	0.0026313	0.00261716	0.00130329	0.000836457	0.00057337	0.000506043	0.000490365	0.000421174	0.000291038	0.00027828	0.000265268	0.000248212	0.00021878	0.000178357	0.000104352	
0	0	0	0	0	0	0	0	0	0	0	0	0	0	0	0	0	0	0	0	0	0	0	0	7.41121e-06	-0.54502	0.677441	0.0768428	0.0768769	0.0548887	0.0658414	0.0219594	0.0164849	0.00296847	0.0028492	0.00285141	0.00286451	0.00273922	0.00263135	0.00262376	0.00241134	0.00439317	0.00659918	0.00768976	0.0170087	0.0137289	0.0109944	0.00549962	0.00329172	0.00219365	0.00219792	0.00329467	0.00330292	0.00440557	0.00440468	0.00437182	0.00217881	0.00140645	0.000952071	0.000838568	0.000823332	0.000704297	0.000486848	0.000468117	0.000448196	0.000409671	0.000371003	0.000298943	0.000174819	
0	0	0	0	0	0	0	0	0	0	0	0	0	0	0	0	0	0	0	0	0	0	0	0	0	1.59569e-05	-0.381139	0.173097	0.158586	0.112208	0.134675	0.044894	0.0336368	0.00605768	0.00584351	0.0058221	0.00583255	0.0056148	0.00537458	0.00537636	0.00493052	0.0089758	0.0134691	0.0156921	0.0347628	0.0280297	0.0224446	0.0112186	0.00672978	0.00447942	0.00448426	0.00673445	0.00673555	0.0089786	0.00895689	0.00895358	0.00444115	0.00287196	0.00196692	0.00172438	0.00168515	0.00142691	0.000997722	0.000961593	0.000910176	0.000847968	0.000753375	0.000618589	0.000357843	
0	0	0	0	0	0	0	0	0	0	0	0	0	0	0	0	0	0	0	0	0	0	0	0	0	0	0.000429672	-0.724117	0.334635	0.191283	0.225729	0.0749007	0.0575201	0.00915452	0.0107673	0.00914478	0.010296	0.00909462	0.00889578	0.00915821	0.00842588	0.0148092	0.022466	0.0270435	0.057052	0.0479181	0.0378887	0.0176849	0.0123963	0.00371793	0.0122636	0.00740397	0.0155724	0.00779523	0.0198531	0.00714759	0.0150491	0.0015108	0.00104636	0.000899042	0.00173285	0.00595225	0.000525218	0.000498944	0.000477986	0.000446287	0.00190824	0.000325513	0.00018787	
0	0	0	0	0	0	0	0	0	0	0	0	0	0	0	0	0	0	0	0	0	0	0	0	0	0	0	0.000581821	-0.671599	0.292222	0.285058	0.0934965	0.0700382	0.0126637	0.0120557	0.0123225	0.0115631	0.0124512	0.0104915	0.012093	0.00968071	0.0188902	0.0281497	0.0321914	0.0732858	0.057091	0.0479291	0.0228109	0.013347	0.00939385	0.00803137	0.0144414	0.0126551	0.0219841	0.0149113	0.00873509	0.019393	0.00344647	0	0	0	0.0060045	0.00312008	0	0	0	0.00151278	0.000763832	0	
0	0	0	0	0	0	0	0	0	0	0	0	0	0	0	0	0	0	0	0	0	0	0	0	0	0	0	0	0.00108525	-0.676487	0.419031	0.117537	0.0878088	0.0158499	0.0146885	0.0156693	0.0155178	0.0140416	0.0142711	0.0139462	0.0131192	0.0235443	0.034732	0.0410459	0.0903992	0.0728364	0.0577307	0.0291593	0.0167105	0.0144224	0.00900476	0.0179925	0.0157291	0.019918	0.022949	0.0229206	0	0.0229016	0	0	0	0	0.00630126	0.00282379	0	0	0	0.00228117	0	
0	0	0	0	0	0	0	0	0	0	0	0	0	0	0	0	0	0	0	0	0	0	0	0	0	0	0	0	0	0.00106693	-0.567876	0.19146	0.123482	0.0215283	0.0207069	0.0203354	0.020043	0.0197863	0.0187347	0.0184449	0.0171804	0.0307082	0.0466742	0.0539436	0.119336	0.0965498	0.0766325	0.0385776	0.022879	0.0141651	0.0169493	0.0221562	0.021591	0.0300984	0.028191	0.0261176	0.0125694	0.000205113	0.0143454	0.00860359	0	0	0	0.00572211	0.00351048	0	0	0.0023113	0	
0	0	0	0	0	0	0	0	0	0	0	0	0	0	0	0	0	0	0	0	0	0	0	0	0	0	0	0	0	0	0.00494031	-0.702409	0.210062	0.0331351	0.03028	0.0292459	0.0281837	0.0261962	0.0245599	0.024063	0.0220539	0.0392493	0.0593045	0.0690386	0.152072	0.122758	0.0962424	0.0484136	0.0304722	0.0182586	0.017164	0.0309791	0.0272765	0.0382798	0.0346807	0.0351587	0.0222537	0.00106361	0	0.0155449	0.00772421	0	0	0	0.00930312	0	0	0.00235094	0	
0	0	0	0	0	0	0	0	0	0	0	0	0	0	0	0	0	0	0	0	0	0	0	0	0	0	0	0	0	0	4.91221e-07	0.00780837	-0.718854	0.0476419	0.0438399	0.0428584	0.0408814	0.0375289	0.0346749	0.0338443	0.0300358	0.0503747	0.0686209	0.0771682	0.173937	0.138507	0.112386	0.0567852	0.0298591	0.0226293	0.0225492	0.0327449	0.0326407	0.0398149	0.0449183	0.0421221	0.00471072	0.0233914	0	0	0.0233755	0	0	0	0.00580362	0.00359432	0	0.0023316	0	
0	0	0	0	0	0	0	0	0	0	0	0	0	0	0	0	0	0	0	0	0	0	0	0	0	0	0	0	0	0	0	1.62446e-05	0.0341834	-0.852977	0.0560588	0.0490932	0.0500781	0.0479004	0.0405364	0.0392748	0.0351655	0.0654795	0.083548	0.0875031	0.178786	0.15611	0.12271	0.0470441	0.0471448	0.0234374	0.0235958	0.0235465	0.0469787	0.0471183	0.0469567	0.0236631	0.0234835	0.0235754	0	0	0.0233908	0	0	0	0	0.00940742	0	0.0023799	0	
0	0	0	0	0	0	0	0	0	0	0	0	0	0	0	0	0	0	0	0	0	0	0	0	0	0	0	0	0	0	0	8.89993e-06	0.0113094	0.0242751	-0.852067	0.0565577	0.0519888	0.0474671	0.0480121	0.0408586	0.037455	0.068091	0.091024	0.0953573	0.183701	0.150064	0.121023	0.0674127	0.0351755	0.0260056	0.0259094	0.030599	0.0470049	0.0469846	0.0376945	0.0328389	0.0234634	0.0233928	0	0	0.0234993	0	0	0	0	0.00944674	0	0.00235407	0	
0	0	0	0	0	0	0	0	0	0	0	0	0	0	0	0	0	0	0	0	0	0	0	0	0	0	0	0	0	0	0	1.96051e-06	0.00336206	0.00875639	0.024394	-0.848519	0.0567955	0.0526521	0.0464215	0.048123	0.0387502	0.0689273	0.0995768	0.0973557	0.193964	0.156496	0.126643	0.0642851	0.030074	0.0235483	0.0234636	0.047144	0.0237762	0.048677	0.0457299	0.0469809	0.0235058	0.0235122	0	0	0.0236783	0	0	0	0	0.00940013	0	0.00237239	0	
0	0	0	0	0	0	0	0	0	0	0	0	0	0	0	0	0	0	0	0	0	0	0	0	0	0	0	0	0	0	0	8.19098e-07	0.00177899	0.00167834	0.00893923	0.025067	-0.842917	0.0555804	0.0514292	0.0495148	0.04446	0.0723461	0.104864	0.106144	0.192953	0.164243	0.128043	0.0607828	0.0471796	0.0235297	0.0236787	0.0441962	0.0268141	0.0471314	0.0471564	0.0471375	0.0237062	0.0235558	0	0	0.0234712	4.7495e-05	0	0	0	0.00943722	0	0.00233385	0	
0	0	0	0	0	0	0	0	0	0	0	0	0	0	0	0	0	0	0	0	0	0	0	0	0	0	0	0	0	0	0	2.7549e-07	0.000115566	0.00183472	0.0014313	0.00977266	0.026323	-0.841751	0.0561342	0.0507431	0.0473808	0.0798594	0.109233	0.115307	0.204063	0.16319	0.133347	0.0709263	0.0337005	0.0311334	0.029662	0.0237225	0.0470904	0.0473871	0.0472576	0.0472739	0.0235591	0.0236808	0	0	0	0.0235147	0	0	0	0.00946309	0	0.00232663	0	
0	0	0	0	0	0	0	0	0	0	0	0	0	0	0	0	0	0	0	0	0	0	0	0	0	0	0	0	0	0	0	0	5.16107e-05	9.62081e-05	0.00214769	0.00128067	0.010807	0.0272834	-0.841028	0.0597977	0.0456734	0.088613	0.115185	0.121913	0.21929	0.165913	0.13222	0.0630404	0.0415976	0.0237426	0.0261748	0.0450058	0.0472939	0.0473776	0.0472822	0.0473	0.0237054	0.0128164	0.0109318	0	0	0.0235854	0	0	0	0.00937016	0	0.00238694	0	
0	0	0	0	0	0	0	0	0	0	0	0	0	0	0	0	0	0	0	0	0	0	0	0	0	0	0	0	0	0	0	2.7164e-07	1.73612e-05	3.58103e-05	0.000101998	0.00247272	0.0010802	0.011519	0.0273122	-0.838312	0.058527	0.085539	0.124954	0.130345	0.227081	0.166616	0.140357	0.0711871	0.0475173	0.0237609	0.0236621	0.0474939	0.0352545	0.0596607	0.0473348	0.0472021	0.0237383	0	0.0237554	0	0	0.023693	0	0	0	0.0095448	0	0.00237669	0	
0	0	0	0	0	0	0	0	0	0	0	0	0	0	0	0	0	0	0	0	0	0	0	0	0	0	0	0	0	0	0	0	6.6438e-06	1.29959e-05	3.69787e-05	0.000121313	0.00267675	0.000897457	0.0118354	0.0304305	-0.840904	0.0990315	0.13336	0.135734	0.248133	0.170584	0.14134	0.0707509	0.0338902	0.0366599	0.0316418	0.0364693	0.0347768	0.0668524	0.051715	0.0473635	0.0237699	0	0.0237337	0	0	0.0235297	0	0	0	0.00941133	0	0.00237354	0	
0	0	0	0	0	0	0	0	0	0	0	0	0	0	0	0	0	0	0	0	0	0	0	0	0	0	0	0	0	0	0	0	1.38178e-06	3.53141e-06	1.30552e-05	3.53153e-05	0.000238632	0.00181475	0.00200808	0.0077516	0.0212679	-0.796464	0.145584	0.148476	0.266795	0.174064	0.147094	0.0715152	0.0473587	0.0240747	0.0271141	0.0442865	0.0474935	0.0475573	0.0674991	0.0514299	0.023835	0	0.0237425	0	0	0.0237961	0	0	0	0.00950137	0	1.81195e-05	0.00233625	
0	0	0	0	0	0	0	0	0	0	0	0	0	0	0	0	0	0	0	0	0	0	0	0	0	0	0	0	0	0	0	0	2.886e-07	5.78083e-07	1.44427e-06	5.00549e-06	1.30937e-05	4.10105e-05	0.000599393	0.00126885	0.00306871	0.0210127	-0.753849	0.174349	0.308575	0.188672	0.147558	0.078614	0.0452033	0.0323668	0.0302751	0.0454776	0.0445195	0.0651773	0.047636	0.0625773	0.031583	0.00133184	0.0238512	0	0	0.0238581	0	0	0	0.00951071	0	0	0.00241434	
0	0	0	0	0	0	0	0	0	0	0	0	0	0	0	0	0	0	0	0	0	0	0	0	0	0	0	0	0	0	0	0	0	0	0	3.78993e-07	9.85064e-07	2.57632e-06	8.41114e-06	1.93997e-05	5.36552e-05	0.00175184	0.022382	-0.720972	0.372822	0.228225	0.156792	0.0796478	0.0492382	0.0337819	0.0337221	0.0488743	0.0488146	0.0617262	0.0704065	0.0481982	0.0240341	0.0240157	0.0129952	0.0109901	0	0.0210161	0.00294965	0	0	0.00958385	0	0	0.00240769	
0	0	0	0	0	0	0	0	0	0	0	0	0	0	0	0	0	0	0	0	0	0	0	0	0	0	0	0	0	0	0	0	0	0	0	0	0	1.7377e-07	2.02612e-07	4.34557e-07	1.04216e-06	8.94687e-06	0.00059058	0.011164	-0.553925	0.326205	0.207751	0.0935204	0.0555733	0.0357359	0.0373773	0.0556209	0.0565755	0.0740049	0.0703297	0.070857	0.0338808	0.0213154	0.00292936	0.0231337	0.00110194	0	0.0242253	0	0	0.00108523	0.00864267	0	0.00242275	
0	0	0	0	0	0	0	0	0	0	0	0	0	0	0	0	0	0	0	0	0	0	0	0	0	0	0	0	0	0	0	0	0	0	0	0	0	0	0	0	0	0	2.7991e-08	3.14235e-06	0.0181657	-0.516505	0.33201	0.137492	0.0780523	0.050239	0.0488613	0.0716244	0.0671904	0.0894784	0.0873451	0.0824969	0.0353767	0.0226274	0.024814	0	0.0248025	0	0.00510866	0.0196719	0	0	0.00988889	0	0.00248621	
0	0	0	0	0	0	0	0	0	0	0	0	0	0	0	0	0	0	0	0	0	0	0	0	0	0	0	0	0	0	0	0	0	0	0	0	0	0	0	0	0	0	0	0	1.57863e-05	0.0279452	-0.479626	0.220767	0.117405	0.0720671	0.0691448	0.0984544	0.096795	0.123848	0.113821	0.103723	0.0492394	0.0309135	0.0101223	0.0191062	0.0216924	0.00393956	0	0.025658	0	0	0.0102514	0	0.00257158	
0	0	0	0	0	0	0	0	0	0	0	0	0	0	0	0	0	0	0	0	0	0	0	0	0	0	0	0	0	0	0	0	0	0	0	0	0	0	0	0	0	0	0	0	4.59238e-08	0.000935204	0.0626709	-0.556526	0.168798	0.104283	0.10013	0.135473	0.121971	0.153604	0.149513	0.134805	0.0604729	0.0338522	0.0266423	0.0221374	0.00455978	0.0266566	0	0.0099635	0.0167423	0	0.0106778	0	0.00266688	
0	0	0	0	0	0	0	0	0	0	0	0	0	0	0	0	0	0	0	0	0	0	0	0	0	0	0	0	0	0	0	0	0	0	0	0	0	0	0	0	0	0	0	0	0	7.89832e-06	0.0119253	0.0884806	-0.607712	0.139941	0.111536	0.172457	0.153215	0.180217	0.166739	0.160325	0.0724352	0.0380138	0.0256571	0.0184969	0.0273697	0.0269137	0.000436105	0	0.0273026	0	0.00919862	0.00173735	0.00274213	
0	0	0	0	0	0	0	0	0	0	0	0	0	0	0	0	0	0	0	0	0	0	0	0	0	0	0	0	0	0	0	0	0	0	0	0	0	0	0	0	0	0	0	0	0	1.03776e-06	0.00317362	0.0302522	0.102091	-0.652165	0.163925	0.178851	0.1851	0.203675	0.185489	0.172538	0.0769382	0.0512892	0.0279986	0.0278958	0.0278847	0	0.0277293	0	0.0278097	0	0	0.011142	0.00278579	
0	0	0	0	0	0	0	0	0	0	0	0	0	0	0	0	0	0	0	0	0	0	0	0	0	0	0	0	0	0	0	0	0	0	0	0	0	0	0	0	0	0	0	0	0	2.59403e-07	0.00294223	0.013107	0.036739	0.090602	-0.624839	0.234995	0.194161	0.241787	0.205034	0.178768	0.0903047	0.0538728	0.0393554	0.0282512	0.0231395	0.00507948	0.0283235	0	0.0269783	0.00121589	0	0.0112809	0.00282959	
0	0	0	0	0	0	0	0	0	0	0	0	0	0	0	0	0	0	0	0	0	0	0	0	0	0	0	0	0	0	0	0	0	0	0	0	0	0	0	0	0	0	0	0	0	1.03567e-07	0.000262367	0.00468302	0.0145947	0.0276704	0.0751854	-0.505963	0.238599	0.280503	0.238169	0.207058	0.0936541	0.0565792	0.035695	0.0303629	0.0265695	0.0288175	0.021056	0.00776675	0	0.0287905	0	0.0114778	0.00287922	
0	0	0	0	0	0	0	0	0	0	0	0	0	0	0	0	0	0	0	0	0	0	0	0	0	0	0	0	0	0	0	0	0	0	0	0	0	0	0	0	0	0	0	0	0	0	3.48029e-06	0.00268619	0.00311993	0.00963643	0.0189204	0.101527	-0.435392	0.34331	0.302821	0.248941	0.106558	0.0631953	0.0394122	0.0397662	0.0392095	0.0181935	0.011404	0.0295855	0	0.0296279	0	0.0118605	0.00295729	
0	0	0	0	0	0	0	0	0	0	0	0	0	0	0	0	0	0	0	0	0	0	0	0	0	0	0	0	0	0	0	0	0	0	0	0	0	0	0	0	0	0	0	0	0	0	2.72448e-07	7.23276e-06	0.00218635	0.00105233	0.00595422	0.0228807	0.0928644	-0.242034	0.386387	0.333911	0.138451	0.0795953	0.0512341	0.0406957	0.0344563	0.0269161	0.0306688	0.0303958	0.000286301	0.0306861	0	0.0123076	0.00305838	
0	0	0	0	0	0	0	0	0	0	0	0	0	0	0	0	0	0	0	0	0	0	0	0	0	0	0	0	0	0	0	0	0	0	0	0	0	0	0	0	0	0	0	0	0	0	0	2.88877e-07	1.97425e-06	0.000778092	0.00187531	0.00430506	0.0196356	0.121576	-0.0431378	0.46257	0.200101	0.118184	0.0729139	0.0561643	0.0538086	0.041695	0.0242353	0.0189111	0.032501	0.00888545	0.0236331	0.012975	0.00324887	
0	0	0	0	0	0	0	0	0	0	0	0	0	0	0	0	0	0	0	0	0	0	0	0	0	0	0	0	0	0	0	0	0	0	0	0	0	0	0	0	0	0	0	0	0	0	0	1.75446e-08	4.3881e-08	1.317e-07	7.02449e-07	0.00211632	0.00301919	0.0264098	0.150252	0.26333	0.331432	0.149858	0.101364	0.0896007	0.0832593	0.0658312	0.0442297	0.0381617	0.0310395	0.0224443	0.0352251	0.0140974	0.00353263	
0	0	0	0	0	0	0	0	0	0	0	0	0	0	0	0	0	0	0	0	0	0	0	0	0	0	0	0	0	0	0	0	0	0	0	0	0	0	0	0	0	0	0	0	0	0	0	0	0	0	1.03562e-08	2.89951e-07	0.00379606	0.00750901	0.0504341	0.305847	0.261869	0.371444	0.14266	0.0855111	0.0875889	0.0812324	0.0658477	0.0443766	0.0470678	0.045459	0.0307073	0.0238958	0.0182653	
0	0	0	0	0	0	0	0	0	0	0	0	0	0	0	0	0	0	0	0	0	0	0	0	0	0	0	0	0	0	0	0	0	0	0	0	0	0	0	0	0	0	0	0	0	0	0	0	0	0	0	6.14352e-08	0.000337905	0.0036859	0.0262583	0.133998	0.377074	0.212849	0.401152	0.172839	0.110416	0.0753169	0.071122	0.0413285	0.0407487	0.0404109	0.0402616	0.0401416	0.0200736	
0	0	0	0	0	0	0	0	0	0	0	0	0	0	0	0	0	0	0	0	0	0	0	0	0	0	0	0	0	0	0	0	0	0	0	0	0	0	0	0	0	0	0	0	0	0	0	0	0	0	0	0	8.69144e-08	0.00422189	0.0169941	0.0950908	0.148761	0.4537	0.160127	0.478303	0.219038	0.106923	0.046192	0.0459742	0.0485095	0.0377828	0.0410408	0.0421648	0.0210752	
0	0	0	0	0	0	0	0	0	0	0	0	0	0	0	0	0	0	0	0	0	0	0	0	0	0	0	0	0	0	0	0	0	0	0	0	0	0	0	0	0	0	0	0	0	0	0	0	0	0	0	0	2.89318e-08	0.00444368	0.017776	0.0780778	0.0920017	0.177133	0.450855	0.222132	0.556903	0.208512	0.0628523	0.0933983	0.0470758	0.0458297	0.00295084	0.0421786	0.0222284	
0	0	0	0	0	0	0	0	0	0	0	0	0	0	0	0	0	0	0	0	0	0	0	0	0	0	0	0	0	0	0	0	0	0	0	0	0	0	0	0	0	0	0	0	0	0	0	0	0	0	0	0	1.3377e-08	0.00473255	0.012701	0.0541917	0.0890247	0.0919468	0.172176	0.479463	0.36289	0.566589	0.181511	0.115897	0.0521922	0.0499613	0.0484733	0.000404224	0.0236425	
0	0	0	0	0	0	0	0	0	0	0	0	0	0	0	0	0	0	0	0	0	0	0	0	0	0	0	0	0	0	0	0	0	0	0	0	0	0	0	0	0	0	0	0	0	0	0	0	0	0	0	0	0	0.00507588	5.79915e-06	0.0712776	0.052398	0.0745823	0.0867801	0.182268	0.582851	0.455184	0.524111	0.256358	0.13354	0.0559883	0.0532729	0.0182036	0.00822675	
0	0	0	0	0	0	0	0	0	0	0	0	0	0	0	0	0	0	0	0	0	0	0	0	0	0	0	0	0	0	0	0	0	0	0	0	0	0	0	0	0	0	0	0	0	0	0	0	0	0	0	0	0	0.000497943	0.0049262	0.049602	0.0760777	0.062104	0.053608	0.0890855	0.247935	0.695482	0.360635	0.651815	0.295646	0.135724	0.0588559	0.0235239	0.00578502	
0	0	0	0	0	0	0	0	0	0	0	0	0	0	0	0	0	0	0	0	0	0	0	0	0	0	0	0	0	0	0	0	0	0	0	0	0	0	0	0	0	0	0	0	0	0	0	0	0	0	0	0	0	1.95749e-08	0.00577275	0.023166	0.0582729	0.060278	0.0593924	0.0737379	0.132845	0.333751	0.637216	0.549849	0.707629	0.296306	0.120486	0.0264043	0.0064828	
0	0	0	0	0	0	0	0	0	0	0	0	0	0	0	0	0	0	0	0	0	0	0	0	0	0	0	0	0	0	0	0	0	0	0	0	0	0	0	0	0	0	0	0	0	0	0	0	0	0	0	0	0	2.08326e-08	0.00621776	0.0248592	0.0622918	0.0627396	0.059766	0.0351954	0.0809078	0.162201	0.293217	0.7146	0.758143	0.771193	0.269965	0.0833763	0.00766324	
0	0	0	0	0	0	0	0	0	0	0	0	0	0	0	0	0	0	0	0	0	0	0	0	0	0	0	0	0	0	0	0	0	0	0	0	0	0	0	0	0	0	0	0	0	0	0	0	0	0	0	0	0	0	0.00671025	0.0268812	0.0672404	0.0617677	0.00651961	0.068956	0.071116	0.0801001	0.127121	0.312926	0.820414	1.05241	0.824918	0.22065	0.0303533	
0	0	0	0	0	0	0	0	0	0	0	0	0	0	0	0	0	0	0	0	0	0	0	0	0	0	0	0	0	0	0	0	0	0	0	0	0	0	0	0	0	0	0	0	0	0	0	0	0	0	0	0	0	0	0.00734646	0.0294448	0.073627	0.00013487	0.0739137	0.0742926	0.0164711	0.0632625	0.0815996	0.123124	0.332681	0.955724	1.46926	0.855678	0.110197	
0	0	0	0	0	0	0	0	0	0	0	0	0	0	0	0	0	0	0	0	0	0	0	0	0	0	0	0	0	0	0	0	0	0	0	0	0	0	0	0	0	0	0	0	0	0	0	0	0	0	0	0	0	0	0.00818327	0.0326649	0.0819127	4.47499e-05	0.0819782	0.0822292	0.000914491	0.0838636	0.0132919	0.0772418	0.132967	0.354589	1.18219	2.06841	0.67863	
0	0	0	0	0	0	0	0	0	0	0	0	0	0	0	0	0	0	0	0	0	0	0	0	0	0	0	0	0	0	0	0	0	0	0	0	0	0	0	0	0	0	0	0	0	0	0	0	0	0	0	0	0	0	0.00971659	0.0388845	0.0973465	0.0258653	0.0882936	0.0948561	0.0777358	0.0601165	0.0748141	0.0310241	0.0794305	0.0981259	0.400817	1.75699	3.07466	  ); 
scatteringMultiplicity ( 
1	1	1	1	1	1	1	1	1	1	1	1	1	1	1	1	1	1	1	1	1	1	1	1	1	1	1	1	1	1	1	1	1	1	1	1	1	1	1	1	1	1	1	1	1	1	1	1	1	1	1	1	1	1	1	1	1	1	1	1	1	1	1	1	1	1	1	1	1	
1	1	1	1	1	1	1	1	1	1	1	1	1	1	1	1	1	1	1	1	1	1	1	1	1	1	1	1	1	1	1	1	1	1	1	1	1	1	1	1	1	1	1	1	1	1	1	1	1	1	1	1	1	1	1	1	1	1	1	1	1	1	1	1	1	1	1	1	1	
1	1	1	1	1	1	1	1	1	1	1	1	1	1	1	1	1	1	1	1	1	1	1	1	1	1	1	1	1	1	1	1	1	1	1	1	1	1	1	1	1	1	1	1	1	1	1	1	1	1	1	1	1	1	1	1	1	1	1	1	1	1	1	1	1	1	1	1	1	
1	1	1	1	1	1	1	1	1	1	1	1	1	1	1	1	1	1	1	1	1	1	1	1	1	1	1	1	1	1	1	1	1	1	1	1	1	1	1	1	1	1	1	1	1	1	1	1	1	1	1	1	1	1	1	1	1	1	1	1	1	1	1	1	1	1	1	1	1	
1	1	1	1	1	1	1	1	1	1	1	1	1	1	1	1	1	1	1	1	1	1	1	1	1	1	1	1	1	1	1	1	1	1	1	1	1	1	1	1	1	1	1	1	1	1	1	1	1	1	1	1	1	1	1	1	1	1	1	1	1	1	1	1	1	1	1	1	1	
1	1	1	1	1	1	1	1	1	1	1	1	1	1	1	1	1	1	1	1	1	1	1	1	1	1	1	1	1	1	1	1	1	1	1	1	1	1	1	1	1	1	1	1	1	1	1	1	1	1	1	1	1	1	1	1	1	1	1	1	1	1	1	1	1	1	1	1	1	
1	1	1	1	1	1	1	1	1	1	1	1	1	1	1	1	1	1	1	1	1	1	1	1	1	1	1	1	1	1	1	1	1	1	1	1	1	1	1	1	1	1	1	1	1	1	1	1	1	1	1	1	1	1	1	1	1	1	1	1	1	1	1	1	1	1	1	1	1	
1	1	1	1	1	1	1	1	1	1	1	1	1	1	1	1	1	1	1	1	1	1	1	1	1	1	1	1	1	1	1	1	1	1	1	1	1	1	1	1	1	1	1	1	1	1	1	1	1	1	1	1	1	1	1	1	1	1	1	1	1	1	1	1	1	1	1	1	1	
1	1	1	1	1	1	1	1	1	1	1	1	1	1	1	1	1	1	1	1	1	1	1	1	1	1	1	1	1	1	1	1	1	1	1	1	1	1	1	1	1	1	1	1	1	1	1	1	1	1	1	1	1	1	1	1	1	1	1	1	1	1	1	1	1	1	1	1	1	
1	1	1	1	1	1	1	1	1	1	1	1	1	1	1	1	1	1	1	1	1	1	1	1	1	1	1	1	1	1	1	1	1	1	1	1	1	1	1	1	1	1	1	1	1	1	1	1	1	1	1	1	1	1	1	1	1	1	1	1	1	1	1	1	1	1	1	1	1	
1	1	1	1	1	1	1	1	1	1	1	1	1	1	1	1	1	1	1	1	1	1	1	1	1	1	1	1	1	1	1	1	1	1	1	1	1	1	1	1	1	1	1	1	1	1	1	1	1	1	1	1	1	1	1	1	1	1	1	1	1	1	1	1	1	1	1	1	1	
1	1	1	1	1	1	1	1	1	1	1	1	1	1	1	1	1	1	1	1	1	1	1	1	1	1	1	1	1	1	1	1	1	1	1	1	1	1	1	1	1	1	1	1	1	1	1	1	1	1	1	1	1	1	1	1	1	1	1	1	1	1	1	1	1	1	1	1	1	
1	1	1	1	1	1	1	1	1	1	1	1	1	1	1	1	1	1	1	1	1	1	1	1	1	1	1	1	1	1	1	1	1	1	1	1	1	1	1	1	1	1	1	1	1	1	1	1	1	1	1	1	1	1	1	1	1	1	1	1	1	1	1	1	1	1	1	1	1	
1	1	1	1	1	1	1	1	1	1	1	1	1	1	1	1	1	1	1	1	1	1	1	1	1	1	1	1	1	1	1	1	1	1	1	1	1	1	1	1	1	1	1	1	1	1	1	1	1	1	1	1	1	1	1	1	1	1	1	1	1	1	1	1	1	1	1	1	1	
1	1	1	1	1	1	1	1	1	1	1	1	1	1	1	1	1	1	1	1	1	1	1	1	1	1	1	1	1	1	1	1	1	1	1	1	1	1	1	1	1	1	1	1	1	1	1	1	1	1	1	1	1	1	1	1	1	1	1	1	1	1	1	1	1	1	1	1	1	
1	1	1	1	1	1	1	1	1	1	1	1	1	1	1	1	1	1	1	1	1	1	1	1	1	1	1	1	1	1	1	1	1	1	1	1	1	1	1	1	1	1	1	1	1	1	1	1	1	1	1	1	1	1	1	1	1	1	1	1	1	1	1	1	1	1	1	1	1	
1	1	1	1	1	1	1	1	1	1	1	1	1	1	1	1	1	1	1	1	1	1	1	1	1	1	1	1	1	1	1	1	1	1	1	1	1	1	1	1	1	1	1	1	1	1	1	1	1	1	1	1	1	1	1	1	1	1	1	1	1	1	1	1	1	1	1	1	1	
1	1	1	1	1	1	1	1	1	1	1	1	1	1	1	1	1	1	1	1	1	1	1	1	1	1	1	1	1	1	1	1	1	1	1	1	1	1	1	1	1	1	1	1	1	1	1	1	1	1	1	1	1	1	1	1	1	1	1	1	1	1	1	1	1	1	1	1	1	
1	1	1	1	1	1	1	1	1	1	1	1	1	1	1	1	1	1	1	1	1	1	1	1	1	1	1	1	1	1	1	1	1	1	1	1	1	1	1	1	1	1	1	1	1	1	1	1	1	1	1	1	1	1	1	1	1	1	1	1	1	1	1	1	1	1	1	1	1	
1	1	1	1	1	1	1	1	1	1	1	1	1	1	1	1	1	1	1	1	1	1	1	1	1	1	1	1	1	1	1	1	1	1	1	1	1	1	1	1	1	1	1	1	1	1	1	1	1	1	1	1	1	1	1	1	1	1	1	1	1	1	1	1	1	1	1	1	1	
1	1	1	1	1	1	1	1	1	1	1	1	1	1	1	1	1	1	1	1	1	1	1	1	1	1	1	1	1	1	1	1	1	1	1	1	1	1	1	1	1	1	1	1	1	1	1	1	1	1	1	1	1	1	1	1	1	1	1	1	1	1	1	1	1	1	1	1	1	
1	1	1	1	1	1	1	1	1	1	1	1	1	1	1	1	1	1	1	1	1	1	1	1	1	1	1	1	1	1	1	1	1	1	1	1	1	1	1	1	1	1	1	1	1	1	1	1	1	1	1	1	1	1	1	1	1	1	1	1	1	1	1	1	1	1	1	1	1	
1	1	1	1	1	1	1	1	1	1	1	1	1	1	1	1	1	1	1	1	1	1	1	1	1	1	1	1	1	1	1	1	1	1	1	1	1	1	1	1	1	1	1	1	1	1	1	1	1	1	1	1	1	1	1	1	1	1	1	1	1	1	1	1	1	1	1	1	1	
1	1	1	1	1	1	1	1	1	1	1	1	1	1	1	1	1	1	1	1	1	1	1	1	1	1	1	1	1	1	1	1	1	1	1	1	1	1	1	1	1	1	1	1	1	1	1	1	1	1	1	1	1	1	1	1	1	1	1	1	1	1	1	1	1	1	1	1	1	
1	1	1	1	1	1	1	1	1	1	1	1	1	1	1	1	1	1	1	1	1	1	1	1	1	1	1	1	1	1	1	1	1	1	1	1	1	1	1	1	1	1	1	1	1	1	1	1	1	1	1	1	1	1	1	1	1	1	1	1	1	1	1	1	1	1	1	1	1	
1	1	1	1	1	1	1	1	1	1	1	1	1	1	1	1	1	1	1	1	1	1	1	1	1	1	1	1	1	1	1	1	1	1	1	1	1	1	1	1	1	1	1	1	1	1	1	1	1	1	1	1	1	1	1	1	1	1	1	1	1	1	1	1	1	1	1	1	1	
1	1	1	1	1	1	1	1	1	1	1	1	1	1	1	1	1	1	1	1	1	1	1	1	1	1	1	1	1	1	1	1	1	1	1	1	1	1	1	1	1	1	1	1	1	1	1	1	1	1	1	1	1	1	1	1	1	1	1	1	1	1	1	1	1	1	1	1	1	
1	1	1	1	1	1	1	1	1	1	1	1	1	1	1	1	1	1	1	1	1	1	1	1	1	1	1	1	1	1	1	1	1	1	1	1	1	1	1	1	1	1	1	1	1	1	1	1	1	1	1	1	1	1	1	1	1	1	1	1	1	1	1	1	1	1	1	1	1	
1	1	1	1	1	1	1	1	1	1	1	1	1	1	1	1	1	1	1	1	1	1	1	1	1	1	1	1	1	1	1	1	1	1	1	1	1	1	1	1	1	1	1	1	1	1	1	1	1	1	1	1	1	1	1	1	1	1	1	1	1	1	1	1	1	1	1	1	1	
1	1	1	1	1	1	1	1	1	1	1	1	1	1	1	1	1	1	1	1	1	1	1	1	1	1	1	1	1	1	1	1	1	1	1	1	1	1	1	1	1	1	1	1	1	1	1	1	1	1	1	1	1	1	1	1	1	1	1	1	1	1	1	1	1	1	1	1	1	
1	1	1	1	1	1	1	1	1	1	1	1	1	1	1	1	1	1	1	1	1	1	1	1	1	1	1	1	1	1	1	1	1	1	1	1	1	1	1	1	1	1	1	1	1	1	1	1	1	1	1	1	1	1	1	1	1	1	1	1	1	1	1	1	1	1	1	1	1	
1	1	1	1	1	1	1	1	1	1	1	1	1	1	1	1	1	1	1	1	1	1	1	1	1	1	1	1	1	1	1	1	1	1	1	1	1	1	1	1	1	1	1	1	1	1	1	1	1	1	1	1	1	1	1	1	1	1	1	1	1	1	1	1	1	1	1	1	1	
1	1	1	1	1	1	1	1	1	1	1	1	1	1	1	1	1	1	1	1	1	1	1	1	1	1	1	1	1	1	1	1	1	1	1	1	1	1	1	1	1	1	1	1	1	1	1	1	1	1	1	1	1	1	1	1	1	1	1	1	1	1	1	1	1	1	1	1	1	
1	1	1	1	1	1	1	1	1	1	1	1	1	1	1	1	1	1	1	1	1	1	1	1	1	1	1	1	1	1	1	1	1	1	1	1	1	1	1	1	1	1	1	1	1	1	1	1	1	1	1	1	1	1	1	1	1	1	1	1	1	1	1	1	1	1	1	1	1	
1	1	1	1	1	1	1	1	1	1	1	1	1	1	1	1	1	1	1	1	1	1	1	1	1	1	1	1	1	1	1	1	1	1	1	1	1	1	1	1	1	1	1	1	1	1	1	1	1	1	1	1	1	1	1	1	1	1	1	1	1	1	1	1	1	1	1	1	1	
1	1	1	1	1	1	1	1	1	1	1	1	1	1	1	1	1	1	1	1	1	1	1	1	1	1	1	1	1	1	1	1	1	1	1	1	1	1	1	1	1	1	1	1	1	1	1	1	1	1	1	1	1	1	1	1	1	1	1	1	1	1	1	1	1	1	1	1	1	
1	1	1	1	1	1	1	1	1	1	1	1	1	1	1	1	1	1	1	1	1	1	1	1	1	1	1	1	1	1	1	1	1	1	1	1	1	1	1	1	1	1	1	1	1	1	1	1	1	1	1	1	1	1	1	1	1	1	1	1	1	1	1	1	1	1	1	1	1	
1	1	1	1	1	1	1	1	1	1	1	1	1	1	1	1	1	1	1	1	1	1	1	1	1	1	1	1	1	1	1	1	1	1	1	1	1	1	1	1	1	1	1	1	1	1	1	1	1	1	1	1	1	1	1	1	1	1	1	1	1	1	1	1	1	1	1	1	1	
1	1	1	1	1	1	1	1	1	1	1	1	1	1	1	1	1	1	1	1	1	1	1	1	1	1	1	1	1	1	1	1	1	1	1	1	1	1	1	1	1	1	1	1	1	1	1	1	1	1	1	1	1	1	1	1	1	1	1	1	1	1	1	1	1	1	1	1	1	
1	1	1	1	1	1	1	1	1	1	1	1	1	1	1	1	1	1	1	1	1	1	1	1	1	1	1	1	1	1	1	1	1	1	1	1	1	1	1	1	1	1	1	1	1	1	1	1	1	1	1	1	1	1	1	1	1	1	1	1	1	1	1	1	1	1	1	1	1	
1	1	1	1	1	1	1	1	1	1	1	1	1	1	1	1	1	1	1	1	1	1	1	1	1	1	1	1	1	1	1	1	1	1	1	1	1	1	1	1	1	1	1	1	1	1	1	1	1	1	1	1	1	1	1	1	1	1	1	1	1	1	1	1	1	1	1	1	1	
1	1	1	1	1	1	1	1	1	1	1	1	1	1	1	1	1	1	1	1	1	1	1	1	1	1	1	1	1	1	1	1	1	1	1	1	1	1	1	1	1	1	1	1	1	1	1	1	1	1	1	1	1	1	1	1	1	1	1	1	1	1	1	1	1	1	1	1	1	
1	1	1	1	1	1	1	1	1	1	1	1	1	1	1	1	1	1	1	1	1	1	1	1	1	1	1	1	1	1	1	1	1	1	1	1	1	1	1	1	1	1	1	1	1	1	1	1	1	1	1	1	1	1	1	1	1	1	1	1	1	1	1	1	1	1	1	1	1	
1	1	1	1	1	1	1	1	1	1	1	1	1	1	1	1	1	1	1	1	1	1	1	1	1	1	1	1	1	1	1	1	1	1	1	1	1	1	1	1	1	1	1	1	1	1	1	1	1	1	1	1	1	1	1	1	1	1	1	1	1	1	1	1	1	1	1	1	1	
1	1	1	1	1	1	1	1	1	1	1	1	1	1	1	1	1	1	1	1	1	1	1	1	1	1	1	1	1	1	1	1	1	1	1	1	1	1	1	1	1	1	1	1	1	1	1	1	1	1	1	1	1	1	1	1	1	1	1	1	1	1	1	1	1	1	1	1	1	
1	1	1	1	1	1	1	1	1	1	1	1	1	1	1	1	1	1	1	1	1	1	1	1	1	1	1	1	1	1	1	1	1	1	1	1	1	1	1	1	1	1	1	1	1	1	1	1	1	1	1	1	1	1	1	1	1	1	1	1	1	1	1	1	1	1	1	1	1	
1	1	1	1	1	1	1	1	1	1	1	1	1	1	1	1	1	1	1	1	1	1	1	1	1	1	1	1	1	1	1	1	1	1	1	1	1	1	1	1	1	1	1	1	1	1	1	1	1	1	1	1	1	1	1	1	1	1	1	1	1	1	1	1	1	1	1	1	1	
1	1	1	1	1	1	1	1	1	1	1	1	1	1	1	1	1	1	1	1	1	1	1	1	1	1	1	1	1	1	1	1	1	1	1	1	1	1	1	1	1	1	1	1	1	1	1	1	1	1	1	1	1	1	1	1	1	1	1	1	1	1	1	1	1	1	1	1	1	
1	1	1	1	1	1	1	1	1	1	1	1	1	1	1	1	1	1	1	1	1	1	1	1	1	1	1	1	1	1	1	1	1	1	1	1	1	1	1	1	1	1	1	1	1	1	1	1	1	1	1	1	1	1	1	1	1	1	1	1	1	1	1	1	1	1	1	1	1	
1	1	1	1	1	1	1	1	1	1	1	1	1	1	1	1	1	1	1	1	1	1	1	1	1	1	1	1	1	1	1	1	1	1	1	1	1	1	1	1	1	1	1	1	1	1	1	1	1	1	1	1	1	1	1	1	1	1	1	1	1	1	1	1	1	1	1	1	1	
1	1	1	1	1	1	1	1	1	1	1	1	1	1	1	1	1	1	1	1	1	1	1	1	1	1	1	1	1	1	1	1	1	1	1	1	1	1	1	1	1	1	1	1	1	1	1	1	1	1	1	1	1	1	1	1	1	1	1	1	1	1	1	1	1	1	1	1	1	
1	1	1	1	1	1	1	1	1	1	1	1	1	1	1	1	1	1	1	1	1	1	1	1	1	1	1	1	1	1	1	1	1	1	1	1	1	1	1	1	1	1	1	1	1	1	1	1	1	1	1	1	1	1	1	1	1	1	1	1	1	1	1	1	1	1	1	1	1	
1	1	1	1	1	1	1	1	1	1	1	1	1	1	1	1	1	1	1	1	1	1	1	1	1	1	1	1	1	1	1	1	1	1	1	1	1	1	1	1	1	1	1	1	1	1	1	1	1	1	1	1	1	1	1	1	1	1	1	1	1	1	1	1	1	1	1	1	1	
1	1	1	1	1	1	1	1	1	1	1	1	1	1	1	1	1	1	1	1	1	1	1	1	1	1	1	1	1	1	1	1	1	1	1	1	1	1	1	1	1	1	1	1	1	1	1	1	1	1	1	1	1	1	1	1	1	1	1	1	1	1	1	1	1	1	1	1	1	
1	1	1	1	1	1	1	1	1	1	1	1	1	1	1	1	1	1	1	1	1	1	1	1	1	1	1	1	1	1	1	1	1	1	1	1	1	1	1	1	1	1	1	1	1	1	1	1	1	1	1	1	1	1	1	1	1	1	1	1	1	1	1	1	1	1	1	1	1	
1	1	1	1	1	1	1	1	1	1	1	1	1	1	1	1	1	1	1	1	1	1	1	1	1	1	1	1	1	1	1	1	1	1	1	1	1	1	1	1	1	1	1	1	1	1	1	1	1	1	1	1	1	1	1	1	1	1	1	1	1	1	1	1	1	1	1	1	1	
1	1	1	1	1	1	1	1	1	1	1	1	1	1	1	1	1	1	1	1	1	1	1	1	1	1	1	1	1	1	1	1	1	1	1	1	1	1	1	1	1	1	1	1	1	1	1	1	1	1	1	1	1	1	1	1	1	1	1	1	1	1	1	1	1	1	1	1	1	
1	1	1	1	1	1	1	1	1	1	1	1	1	1	1	1	1	1	1	1	1	1	1	1	1	1	1	1	1	1	1	1	1	1	1	1	1	1	1	1	1	1	1	1	1	1	1	1	1	1	1	1	1	1	1	1	1	1	1	1	1	1	1	1	1	1	1	1	1	
1	1	1	1	1	1	1	1	1	1	1	1	1	1	1	1	1	1	1	1	1	1	1	1	1	1	1	1	1	1	1	1	1	1	1	1	1	1	1	1	1	1	1	1	1	1	1	1	1	1	1	1	1	1	1	1	1	1	1	1	1	1	1	1	1	1	1	1	1	
1	1	1	1	1	1	1	1	1	1	1	1	1	1	1	1	1	1	1	1	1	1	1	1	1	1	1	1	1	1	1	1	1	1	1	1	1	1	1	1	1	1	1	1	1	1	1	1	1	1	1	1	1	1	1	1	1	1	1	1	1	1	1	1	1	1	1	1	1	
1	1	1	1	1	1	1	1	1	1	1	1	1	1	1	1	1	1	1	1	1	1	1	1	1	1	1	1	1	1	1	1	1	1	1	1	1	1	1	1	1	1	1	1	1	1	1	1	1	1	1	1	1	1	1	1	1	1	1	1	1	1	1	1	1	1	1	1	1	
1	1	1	1	1	1	1	1	1	1	1	1	1	1	1	1	1	1	1	1	1	1	1	1	1	1	1	1	1	1	1	1	1	1	1	1	1	1	1	1	1	1	1	1	1	1	1	1	1	1	1	1	1	1	1	1	1	1	1	1	1	1	1	1	1	1	1	1	1	
1	1	1	1	1	1	1	1	1	1	1	1	1	1	1	1	1	1	1	1	1	1	1	1	1	1	1	1	1	1	1	1	1	1	1	1	1	1	1	1	1	1	1	1	1	1	1	1	1	1	1	1	1	1	1	1	1	1	1	1	1	1	1	1	1	1	1	1	1	
1	1	1	1	1	1	1	1	1	1	1	1	1	1	1	1	1	1	1	1	1	1	1	1	1	1	1	1	1	1	1	1	1	1	1	1	1	1	1	1	1	1	1	1	1	1	1	1	1	1	1	1	1	1	1	1	1	1	1	1	1	1	1	1	1	1	1	1	1	
1	1	1	1	1	1	1	1	1	1	1	1	1	1	1	1	1	1	1	1	1	1	1	1	1	1	1	1	1	1	1	1	1	1	1	1	1	1	1	1	1	1	1	1	1	1	1	1	1	1	1	1	1	1	1	1	1	1	1	1	1	1	1	1	1	1	1	1	1	
1	1	1	1	1	1	1	1	1	1	1	1	1	1	1	1	1	1	1	1	1	1	1	1	1	1	1	1	1	1	1	1	1	1	1	1	1	1	1	1	1	1	1	1	1	1	1	1	1	1	1	1	1	1	1	1	1	1	1	1	1	1	1	1	1	1	1	1	1	
1	1	1	1	1	1	1	1	1	1	1	1	1	1	1	1	1	1	1	1	1	1	1	1	1	1	1	1	1	1	1	1	1	1	1	1	1	1	1	1	1	1	1	1	1	1	1	1	1	1	1	1	1	1	1	1	1	1	1	1	1	1	1	1	1	1	1	1	1	
1	1	1	1	1	1	1	1	1	1	1	1	1	1	1	1	1	1	1	1	1	1	1	1	1	1	1	1	1	1	1	1	1	1	1	1	1	1	1	1	1	1	1	1	1	1	1	1	1	1	1	1	1	1	1	1	1	1	1	1	1	1	1	1	1	1	1	1	1	
1	1	1	1	1	1	1	1	1	1	1	1	1	1	1	1	1	1	1	1	1	1	1	1	1	1	1	1	1	1	1	1	1	1	1	1	1	1	1	1	1	1	1	1	1	1	1	1	1	1	1	1	1	1	1	1	1	1	1	1	1	1	1	1	1	1	1	1	1	  ); 
