numberOfGroups 69; 
capture ( 0.0046204   0.0015961  1.5126e-05  7.3305e-06  4.9834e-06  7.9841e-06  1.2908e-05  1.8147e-05  2.4885e-05  3.1986e-05  4.1247e-05  5.3863e-05  7.0677e-05  9.2637e-05  0.00012104  0.00015536  0.00019623  0.00024649    0.000309  0.00043726  0.00068919   0.0010214   0.0013526   0.0017415   0.0022976   0.0029656   0.0042215   0.0055127   0.0061475   0.0069118   0.0078876   0.0088905   0.0094978   0.0098722   0.0099892    0.010104    0.010219    0.010331     0.01044    0.010568    0.010701    0.010882    0.011181    0.011638    0.012575    0.014069      0.0157    0.017139    0.018123    0.018831    0.019482    0.020376    0.021656    0.023581    0.026443    0.030765    0.035191    0.038791    0.041986     0.04521    0.048991    0.053472    0.058202    0.063274        0.07    0.079357    0.094005     0.12085     0.19716); 
P0 ( 
0.0272786	0.038192	0.0177498	0.0119287	0.00783346	0.00473592	0.00280612	0.00168281	0.000991861	0.000594313	0.000351372	0.000206508	0.000124969	7.51589e-05	4.74682e-05	2.5747e-05	1.52156e-05	9.88203e-06	5.98263e-06	8.06278e-06	2.99045e-06	1.30029e-06	7.7962e-07	2.59995e-07	1.30173e-07	0	0	0	0	0	0	1.29999e-07	0	0	0	0	0	0	0	0	0	0	0	0	0	0	0	0	0	0	0	0	0	0	0	0	0	0	0	0	0	0	0	0	0	0	0	0	0	
0	0.0609441	0.0509276	0.0226345	0.0138104	0.00836058	0.00518665	0.00312615	0.0018823	0.00114334	0.000697594	0.000426777	0.000255683	0.000152689	9.49392e-05	5.39148e-05	3.31885e-05	2.0336e-05	1.31391e-05	1.50006e-05	5.69249e-06	1.7541e-06	6.8005e-07	7.87766e-07	1.07282e-07	1.79032e-07	1.79105e-07	3.57782e-08	3.58044e-08	0	0	0	0	0	0	3.58761e-08	0	3.59012e-08	0	0	0	0	0	0	3.58358e-08	0	0	0	0	0	0	0	0	0	0	0	0	0	0	0	0	0	0	0	0	0	0	0	0	
0	0	0.0688306	0.0580386	0.0314119	0.0190712	0.0117673	0.00712638	0.00430471	0.00260378	0.00157941	0.000967339	0.000579763	0.000351209	0.000215477	0.00011825	7.59505e-05	4.81944e-05	3.16396e-05	3.36503e-05	1.33958e-05	4.68651e-06	1.75007e-06	1.30756e-06	6.64014e-07	3.41875e-07	3.8221e-07	6.03402e-08	4.02482e-08	4.01667e-08	6.04153e-08	2.01371e-08	2.00922e-08	0	0	0	0	0	0	0	0	0	0	0	0	2.00975e-08	2.01173e-08	0	0	0	0	0	0	0	0	0	0	0	0	0	0	0	0	0	0	0	0	0	0	
0	0	0	0.0912981	0.0819306	0.0397858	0.0245847	0.0148781	0.00898717	0.00545938	0.00331011	0.00200616	0.00121409	0.000731095	0.000448496	0.000249561	0.000157461	0.000101127	6.56068e-05	6.64653e-05	2.80762e-05	9.41349e-06	2.64557e-06	3.03516e-06	1.72258e-06	9.02249e-07	7.99806e-07	2.04861e-08	2.04774e-08	8.20647e-08	6.15107e-08	2.04814e-08	0	0	0	0	0	0	0	0	0	0	2.05295e-08	4.10081e-08	0	2.05162e-08	2.05203e-08	0	2.05033e-08	2.046e-08	0	0	0	0	0	0	0	0	0	0	0	0	0	0	0	0	0	0	0	
0	0	0	0	0.156395	0.119103	0.052859	0.0319694	0.0192855	0.011693	0.00709501	0.0043117	0.0026125	0.00158543	0.000957297	0.000535844	0.000343849	0.000217871	0.000138124	0.000144025	5.71874e-05	1.99122e-05	7.34308e-06	5.19894e-06	3.50749e-06	2.01913e-06	1.56461e-06	2.27087e-07	2.77616e-07	2.27209e-07	1.00969e-07	1.00928e-07	7.57878e-08	0	0	0	0	0	0	0	0	0	0	2.51977e-08	5.05113e-08	0	2.52391e-08	0	0	0	0	2.52513e-08	0	0	0	0	0	0	0	0	0	0	0	0	0	0	0	0	0	
0	0	0	0	0	0.160539	0.13009	0.0674026	0.0406198	0.0245854	0.0149721	0.00905153	0.00550913	0.00333492	0.0020307	0.00113592	0.000720498	0.000456321	0.000292536	0.00030373	0.000124171	4.04023e-05	1.59604e-05	1.09652e-05	5.9435e-06	4.2785e-06	3.38184e-06	3.84316e-07	2.04918e-07	1.02447e-07	4.61169e-07	5.12754e-08	2.5622e-08	0	0	2.56295e-08	0	0	0	0	2.55956e-08	5.12433e-08	0	2.55975e-08	5.12219e-08	2.0489e-07	5.1353e-08	5.12172e-08	0	0	2.56025e-08	5.12589e-08	0	0	0	0	0	0	0	0	0	0	0	0	0	0	0	0	0	
0	0	0	0	0	0	0.270011	0.186273	0.0888629	0.0539371	0.0326928	0.0198757	0.0120492	0.00726201	0.00443599	0.00249878	0.00158647	0.00100769	0.000639774	0.000661087	0.000269715	8.89705e-05	3.30507e-05	2.45796e-05	1.41073e-05	7.38079e-06	5.78094e-06	4.72689e-07	7.27332e-07	5.45536e-07	6.18384e-07	3.27162e-07	1.81996e-07	0	3.63668e-08	0	0	0	7.2757e-08	1.09019e-07	0	0	7.25868e-08	7.2691e-08	3.27399e-07	1.45454e-07	1.45473e-07	1.08911e-07	0	0	0	7.27224e-08	7.27742e-08	3.63272e-08	0	3.63442e-08	0	0	0	0	0	0	0	0	0	0	0	0	0	
0	0	0	0	0	0	0	0.215287	0.212262	0.111723	0.0677668	0.0411254	0.0250351	0.0151373	0.00919242	0.00515655	0.00326583	0.00207063	0.00133319	0.00139423	0.000561976	0.000192165	7.14727e-05	5.14629e-05	2.98421e-05	1.53153e-05	1.36964e-05	2.07459e-06	1.70115e-06	1.16223e-06	1.53549e-06	5.39589e-07	3.73437e-07	8.30002e-08	1.65867e-07	8.30167e-08	1.24601e-07	8.30084e-08	0	0	2.07477e-07	8.29721e-08	1.24543e-07	2.49077e-07	3.73701e-07	2.07496e-07	2.07464e-07	1.24553e-07	0	4.15359e-08	0	1.24525e-07	0	1.66037e-07	4.15528e-08	1.24441e-07	8.30211e-08	0	0	4.15238e-08	0	0	0	0	0	0	0	0	0	
0	0	0	0	0	0	0	0	0.248206	0.259131	0.139844	0.0847511	0.0515363	0.0311725	0.01897	0.0106484	0.00676661	0.00428731	0.00272991	0.00285408	0.00113987	0.000383591	0.000150613	0.000102469	6.04022e-05	3.13713e-05	3.0901e-05	3.37536e-06	4.05099e-06	2.64844e-06	3.01228e-06	1.55814e-06	7.78667e-07	1.03943e-07	1.5572e-07	5.18507e-08	2.07662e-07	5.19121e-08	1.03921e-07	1.0396e-07	1.0383e-07	2.07801e-07	2.59799e-07	4.6745e-07	5.71476e-07	4.15561e-07	7.79063e-07	4.15464e-07	5.19871e-08	0	1.03846e-07	2.59873e-07	2.07996e-07	2.07606e-07	1.03761e-07	1.5576e-07	5.185e-08	0	0	1.03874e-07	5.19027e-08	0	5.20173e-08	0	0	5.194e-08	0	5.19993e-08	0	
0	0	0	0	0	0	0	0	0	0.282653	0.305747	0.167639	0.101778	0.0617082	0.0375179	0.0209386	0.0133844	0.00848478	0.00538202	0.00564144	0.00229029	0.000772574	0.000284491	0.000210741	0.000124697	6.18245e-05	6.12107e-05	9.46512e-06	6.57464e-06	5.71545e-06	5.96214e-06	1.84323e-06	1.35206e-06	3.07346e-07	6.14757e-07	1.22947e-07	6.14565e-08	4.91882e-07	3.69061e-07	1.8421e-07	1.84319e-07	3.07365e-07	5.5316e-07	6.14657e-07	2.08948e-06	1.53634e-06	1.16757e-06	7.37271e-07	6.1517e-08	3.6858e-07	1.84365e-07	1.22935e-07	6.14935e-08	4.91374e-07	3.68538e-07	5.53086e-07	1.84297e-07	0	6.15043e-08	0	0	6.13499e-08	0	6.133e-08	0	0	6.14903e-08	0	0	
0	0	0	0	0	0	0	0	0	0	0.313232	0.347435	0.192767	0.116724	0.0710035	0.0396859	0.0253768	0.016101	0.010205	0.0107001	0.00430705	0.00144762	0.000553335	0.000415467	0.00022884	0.000120059	0.000117067	1.29375e-05	1.259e-05	9.25102e-06	9.87615e-06	4.10505e-06	2.22594e-06	7.65367e-07	3.47781e-07	3.47798e-07	2.78247e-07	2.08613e-07	3.47997e-07	8.34331e-07	3.47876e-07	9.04638e-07	1.39063e-06	1.39081e-06	3.75622e-06	2.71269e-06	2.01699e-06	6.96094e-07	5.56465e-07	3.47753e-07	1.39352e-07	9.73515e-07	1.11271e-06	9.74283e-07	9.0452e-07	5.56681e-07	3.47774e-07	1.39201e-07	0	2.78238e-07	6.95255e-08	1.39105e-07	0	0	6.95006e-08	6.94971e-08	6.9528e-08	6.95224e-08	6.95498e-08	
0	0	0	0	0	0	0	0	0	0	0	0.337041	0.381161	0.212917	0.129144	0.0724607	0.0460772	0.0294205	0.0186334	0.0195318	0.00786275	0.00262757	0.000990801	0.000731316	0.000426862	0.000216462	0.000210395	2.75036e-05	2.57575e-05	1.81612e-05	2.04383e-05	6.91481e-06	5.39438e-06	1.06338e-06	1.29188e-06	1.13981e-06	1.2156e-06	9.87353e-07	1.51979e-06	5.31919e-07	6.83461e-07	1.21543e-06	1.59561e-06	3.11548e-06	5.39358e-06	4.32966e-06	2.88758e-06	1.74793e-06	1.13989e-06	7.59837e-07	4.55979e-07	9.87604e-07	1.13966e-06	9.87722e-07	1.44394e-06	1.97512e-06	4.55592e-07	4.56399e-07	5.31514e-07	3.80023e-07	2.28098e-07	3.03951e-07	1.51986e-07	7.59651e-08	1.52224e-07	7.59745e-08	1.52081e-07	7.59651e-08	7.60226e-08	
0	0	0	0	0	0	0	0	0	0	0	0	0.354382	0.405989	0.227497	0.127548	0.0812248	0.0516371	0.0329654	0.0342392	0.0138319	0.00466154	0.00174455	0.00128914	0.000751239	0.000381229	0.000360474	4.36708e-05	4.2062e-05	3.11701e-05	3.78968e-05	1.21781e-05	8.81356e-06	2.80482e-06	1.76232e-06	1.20155e-06	2.1635e-06	1.68283e-06	1.4423e-06	1.76277e-06	1.60238e-06	1.60267e-06	3.76627e-06	4.0061e-06	9.45576e-06	8.97469e-06	6.24987e-06	2.96479e-06	1.8431e-06	1.28258e-06	1.36225e-06	2.56357e-06	2.40389e-06	2.64411e-06	2.48336e-06	2.64475e-06	1.20215e-06	5.60597e-07	4.00723e-07	4.80713e-07	3.20633e-07	7.99931e-08	2.4047e-07	2.40478e-07	1.60291e-07	2.40336e-07	3.20333e-07	4.01019e-07	1.60286e-07	
0	0	0	0	0	0	0	0	0	0	0	0	0	0.366157	0.423146	0.219841	0.140052	0.0890458	0.0566556	0.0589898	0.02398	0.00800558	0.00298002	0.00220655	0.00129177	0.000658613	0.000633779	7.85921e-05	8.11518e-05	5.11018e-05	6.5505e-05	2.40162e-05	1.78057e-05	3.81021e-06	1.90438e-06	2.73287e-06	2.56762e-06	2.98099e-06	2.1537e-06	2.23618e-06	2.15246e-06	4.22322e-06	7.12122e-06	7.20459e-06	1.48237e-05	1.47404e-05	1.05997e-05	4.96793e-06	3.14729e-06	2.98129e-06	2.31933e-06	4.05739e-06	3.72608e-06	5.54778e-06	4.88607e-06	4.55426e-06	1.90428e-06	1.07628e-06	6.62479e-07	5.80087e-07	7.45061e-07	8.26678e-08	4.13966e-07	2.48241e-07	4.14092e-07	2.48415e-07	4.14291e-07	3.31338e-07	4.97105e-07	
0	0	0	0	0	0	0	0	0	0	0	0	0	0	0.374695	0.404019	0.237287	0.151112	0.0960481	0.100072	0.0405199	0.0136321	0.00512205	0.00377361	0.00217172	0.00112582	0.00108148	0.000126057	0.000130617	9.69098e-05	0.000111399	3.8765e-05	2.70515e-05	5.05448e-06	4.5513e-06	4.38247e-06	5.39348e-06	3.79143e-06	4.5506e-06	3.79194e-06	3.87611e-06	7.33103e-06	1.09548e-05	1.32306e-05	3.12642e-05	2.10663e-05	2.01398e-05	9.35334e-06	6.40372e-06	3.95999e-06	2.94969e-06	4.9717e-06	5.89877e-06	8.17362e-06	8.93181e-06	8.34317e-06	3.20208e-06	1.76934e-06	1.34835e-06	2.10718e-06	1.34776e-06	1.1798e-06	1.01149e-06	8.42381e-07	9.26962e-07	8.42307e-07	8.42416e-07	5.8981e-07	4.21467e-07	
0	0	0	0	0	0	0	0	0	0	0	0	0	0	0	0.353008	0.422134	0.247074	0.157291	0.163611	0.0660642	0.0222369	0.00839593	0.00614879	0.00357108	0.00186051	0.00178511	0.000213253	0.000204996	0.000154	0.00018161	6.05653e-05	4.39453e-05	9.20254e-06	9.01428e-06	7.60562e-06	7.04445e-06	7.04153e-06	6.29095e-06	6.94934e-06	6.29252e-06	1.2677e-05	1.71838e-05	2.18809e-05	4.72337e-05	3.36193e-05	2.8172e-05	1.53069e-05	9.95457e-06	5.35234e-06	7.51215e-06	8.82636e-06	7.13677e-06	1.26757e-05	1.3522e-05	1.18329e-05	6.47925e-06	4.41428e-06	2.34759e-06	1.87787e-06	2.2527e-06	2.34718e-06	1.50203e-06	9.38678e-07	9.38528e-07	1.87799e-06	1.03341e-06	5.63395e-07	4.69267e-07	
0	0	0	0	0	0	0	0	0	0	0	0	0	0	0	0	0.354891	0.4253	0.248953	0.258687	0.105288	0.0351754	0.0131984	0.00979542	0.00561924	0.00290432	0.0028254	0.000336315	0.000328996	0.000245875	0.000291363	9.43739e-05	6.94147e-05	1.21013e-05	1.26638e-05	1.27582e-05	1.21022e-05	1.17269e-05	1.34148e-05	1.08815e-05	1.24768e-05	1.82914e-05	2.81458e-05	3.52715e-05	7.2235e-05	5.80685e-05	5.10312e-05	2.51412e-05	1.28512e-05	8.91335e-06	8.91112e-06	1.51987e-05	1.43532e-05	1.70741e-05	1.93214e-05	1.83861e-05	7.78733e-06	6.5675e-06	4.50228e-06	4.40966e-06	3.28434e-06	2.8136e-06	2.15781e-06	2.15799e-06	2.53337e-06	1.50069e-06	1.97117e-06	1.03266e-06	6.56719e-07	
0	0	0	0	0	0	0	0	0	0	0	0	0	0	0	0	0	0.356857	0.428338	0.410037	0.166026	0.0556457	0.0208792	0.015514	0.00891428	0.00460655	0.0044586	0.000527643	0.000542903	0.000385868	0.000456562	0.000155052	0.000113211	2.12562e-05	2.06009e-05	1.75092e-05	2.20024e-05	1.84465e-05	1.62916e-05	1.65741e-05	1.69468e-05	2.96805e-05	4.41945e-05	5.15939e-05	0.000113017	9.07315e-05	8.13671e-05	3.50186e-05	2.41569e-05	1.44185e-05	1.41408e-05	2.12519e-05	2.23795e-05	3.10875e-05	3.05268e-05	2.99599e-05	1.59188e-05	1.03923e-05	6.08516e-06	5.52599e-06	6.08528e-06	5.14934e-06	2.99573e-06	2.90186e-06	2.71547e-06	3.371e-06	2.99642e-06	2.80863e-06	1.0299e-06	
0	0	0	0	0	0	0	0	0	0	0	0	0	0	0	0	0	0	0.358875	0.68327	0.262684	0.0881996	0.0330458	0.0244778	0.0141353	0.00732177	0.00710754	0.0008503	0.000858794	0.000596857	0.000732643	0.000245115	0.000178352	3.11382e-05	3.07725e-05	3.20752e-05	3.08594e-05	2.83367e-05	3.05825e-05	2.68411e-05	2.9926e-05	4.97525e-05	7.38804e-05	8.5942e-05	0.000177788	0.000148514	0.000122608	6.01335e-05	3.59153e-05	2.45985e-05	2.3751e-05	3.60042e-05	3.57252e-05	4.93796e-05	4.59157e-05	4.76963e-05	2.28195e-05	1.70194e-05	1.09426e-05	7.66865e-06	1.00076e-05	8.22971e-06	6.26633e-06	5.61088e-06	5.0504e-06	4.11618e-06	3.55345e-06	3.8353e-06	1.68365e-06	
0	0	0	0	0	0	0	0	0	0	0	0	0	0	0	0	0	0	0	0.575363	0.550613	0.178698	0.0670236	0.0496444	0.0286264	0.0148294	0.014331	0.00169718	0.00170899	0.00122549	0.00145911	0.000495	0.000367315	6.43497e-05	6.18925e-05	6.3239e-05	6.25871e-05	6.23607e-05	5.80861e-05	5.74842e-05	5.08044e-05	0.000100077	0.000148424	0.000170458	0.000375812	0.000307177	0.000244086	0.000119472	7.2701e-05	4.88566e-05	4.80189e-05	7.06655e-05	7.17277e-05	9.50178e-05	0.000100169	9.9009e-05	4.77895e-05	3.21983e-05	2.01837e-05	1.93012e-05	1.85125e-05	1.59143e-05	1.06712e-05	8.62995e-06	8.53736e-06	9.51069e-06	8.76901e-06	6.44894e-06	3.80519e-06	
0	0	0	0	0	0	0	0	0	0	0	0	0	0	0	0	0	0	0	0	0.576421	0.459742	0.165615	0.122997	0.0708593	0.0368113	0.0354872	0.00424771	0.00421818	0.00299948	0.00363754	0.00121786	0.000908714	0.000166153	0.000156983	0.000154921	0.00016042	0.000153311	0.000145928	0.000143679	0.000136021	0.000244065	0.00036977	0.000423798	0.00093473	0.000762239	0.000609718	0.000301349	0.00018381	0.000119098	0.000119099	0.000184449	0.000181746	0.000239481	0.000243885	0.000242789	0.000117449	7.90194e-05	5.38406e-05	4.63635e-05	4.59516e-05	3.80168e-05	2.59575e-05	2.58647e-05	2.47159e-05	2.39843e-05	2.11861e-05	1.62798e-05	1.041e-05	
0	0	0	0	0	0	0	0	0	0	0	0	0	0	0	0	0	0	0	0	6.06089e-08	0.479719	0.383746	0.267384	0.154244	0.0800484	0.0771725	0.0091999	0.00920877	0.00657511	0.00787236	0.00262892	0.00196964	0.000353451	0.00035569	0.000339755	0.000349387	0.000324191	0.000311722	0.000318131	0.000283917	0.000521572	0.00079828	0.000911595	0.00204352	0.00163506	0.00132229	0.000668074	0.000395652	0.00026358	0.000265025	0.000387905	0.00040335	0.000520602	0.000524546	0.000510308	0.000257883	0.000166483	0.000111617	0.000101803	9.82421e-05	7.92752e-05	5.79592e-05	5.76568e-05	5.42001e-05	4.86948e-05	4.28774e-05	3.41579e-05	2.35621e-05	
0	0	0	0	0	0	0	0	0	0	0	0	0	0	0	0	0	0	0	0	0	4.5177e-07	0.361791	0.500389	0.268154	0.139418	0.134419	0.016068	0.0160025	0.011409	0.0136854	0.0045524	0.0034361	0.000610431	0.000587671	0.000591547	0.000602661	0.000576826	0.000561379	0.00054323	0.000499964	0.000916139	0.00136878	0.00157742	0.00351776	0.00286164	0.00228483	0.00114254	0.000704608	0.000462218	0.000455996	0.000688171	0.000683128	0.000920198	0.000923886	0.000902322	0.00045256	0.000296854	0.000194266	0.000181798	0.000171236	0.000143505	0.000103771	9.53681e-05	9.30232e-05	8.48014e-05	7.5139e-05	5.89759e-05	3.83846e-05	
0	0	0	0	0	0	0	0	0	0	0	0	0	0	0	0	0	0	0	0	0	0	4.42758e-07	0.416949	0.473411	0.23104	0.222926	0.0265191	0.026562	0.0190141	0.0228287	0.00757601	0.00568665	0.00100991	0.000978703	0.00099935	0.000985416	0.000942718	0.0009203	0.000907229	0.000838504	0.00149382	0.00225782	0.00266131	0.00585967	0.0047474	0.00379852	0.0018845	0.00114273	0.000756343	0.000758263	0.00112445	0.00112571	0.00151786	0.00152625	0.00151099	0.000749122	0.000485071	0.000329097	0.000289187	0.000284249	0.000249729	0.000167347	0.000157241	0.000154882	0.000145439	0.00012361	9.80864e-05	5.97392e-05	
0	0	0	0	0	0	0	0	0	0	0	0	0	0	0	0	0	0	0	0	0	0	0	1.68984e-06	0.417809	0.429377	0.386608	0.0460082	0.0459985	0.0328901	0.0394761	0.0131585	0.00985517	0.00178944	0.0017087	0.00170283	0.00170085	0.00164265	0.00157498	0.00158748	0.00144438	0.00262684	0.00395329	0.00457332	0.010214	0.00823975	0.00661159	0.00326273	0.0019826	0.00131101	0.00131891	0.00197929	0.00196246	0.00262573	0.00263932	0.00261166	0.00129515	0.000840255	0.00057577	0.000505742	0.000499725	0.000420302	0.000295786	0.000280645	0.000264638	0.000248323	0.000222754	0.000176691	0.000113654	
0	0	0	0	0	0	0	0	0	0	0	0	0	0	0	0	0	0	0	0	0	0	0	0	7.9497e-06	0.380562	0.678043	0.076897	0.076988	0.0549231	0.0657961	0.0219848	0.0164339	0.00297336	0.0028586	0.00286175	0.00284376	0.00274893	0.00261551	0.002634	0.00242277	0.0043903	0.00659703	0.00769894	0.0170422	0.0137816	0.0109722	0.00546981	0.00327738	0.00218651	0.00221152	0.00332346	0.00330655	0.00441317	0.00438636	0.00438955	0.00217196	0.00140079	0.000974395	0.000840094	0.000818408	0.000708389	0.000482552	0.000481878	0.000447736	0.000412592	0.000360881	0.00029864	0.000177475	
0	0	0	0	0	0	0	0	0	0	0	0	0	0	0	0	0	0	0	0	0	0	0	0	0	1.49078e-05	0.584003	0.17318	0.159019	0.112534	0.13508	0.0449709	0.0337171	0.0060717	0.00584134	0.00585471	0.00581152	0.00563134	0.0053829	0.00540544	0.00493956	0.00899034	0.0134797	0.0157289	0.0348501	0.0281283	0.0224827	0.0112686	0.0067139	0.00449323	0.00450047	0.00674629	0.00679162	0.00898086	0.0090112	0.00896775	0.00444715	0.00287192	0.00196179	0.0017241	0.00169544	0.00143618	0.00100633	0.000965642	0.000918884	0.000860626	0.000754449	0.000614516	0.000351181	
0	0	0	0	0	0	0	0	0	0	0	0	0	0	0	0	0	0	0	0	0	0	0	0	0	0	0.000410497	0.209173	0.335021	0.19125	0.226034	0.0748954	0.0575618	0.00916623	0.0107497	0.00926819	0.0102133	0.00908778	0.00879023	0.00912848	0.00840748	0.0147028	0.0225331	0.0269702	0.0570634	0.0479756	0.0380113	0.0176303	0.0123983	0.00369967	0.0123056	0.00745269	0.0156614	0.00776458	0.0198577	0.00709875	0.0151807	0.00148463	0.00102072	0.000910799	0.00172277	0.00592273	0.000493286	0.000492305	0.000482406	0.000431668	0.0018984	0.000314553	0.000181213	
0	0	0	0	0	0	0	0	0	0	0	0	0	0	0	0	0	0	0	0	0	0	0	0	0	0	0	0.000563214	0.267798	0.291823	0.285402	0.0933841	0.0698911	0.012644	0.012067	0.0122542	0.0116587	0.0124882	0.0104339	0.0121354	0.00971329	0.01886	0.0280216	0.0321875	0.0733714	0.0572045	0.0479519	0.0228333	0.0133987	0.00933078	0.00804402	0.0144664	0.0126899	0.0220257	0.0149365	0.00875539	0.0193981	0.00344675	0	0	0	0.00597015	0.0031195	0	0	0	0.00150891	0.000751828	0	
0	0	0	0	0	0	0	0	0	0	0	0	0	0	0	0	0	0	0	0	0	0	0	0	0	0	0	0	0.00111053	0.260639	0.419287	0.117336	0.0878327	0.0158563	0.0147259	0.015687	0.0155867	0.014046	0.0141809	0.0140149	0.013082	0.0235225	0.0346973	0.041075	0.0905763	0.0729399	0.0576452	0.0292123	0.0165517	0.0144658	0.00897966	0.017939	0.0157522	0.0199698	0.0229798	0.0229464	0	0.0228841	0	0	0	0	0.00633248	0.00283042	0	0	0	0.0023055	0	
0	0	0	0	0	0	0	0	0	0	0	0	0	0	0	0	0	0	0	0	0	0	0	0	0	0	0	0	0	0.00103806	0.372505	0.191649	0.123576	0.0215437	0.0206363	0.0203957	0.020037	0.0197471	0.01878	0.0185135	0.0171695	0.0307124	0.0468077	0.0539131	0.119479	0.0965761	0.0765428	0.0384434	0.0228681	0.0141693	0.016973	0.0221894	0.0214693	0.0301593	0.0282863	0.0261537	0.0125331	0.000211068	0.0142846	0.00859036	0	0	0	0.00571788	0.0034841	0	0	0.00230356	0	
0	0	0	0	0	0	0	0	0	0	0	0	0	0	0	0	0	0	0	0	0	0	0	0	0	0	0	0	0	0	0.00492713	0.238307	0.21031	0.0332929	0.03036	0.0292035	0.028002	0.0261309	0.0245735	0.0240277	0.0220337	0.0393233	0.0591952	0.0690596	0.152146	0.122832	0.0963375	0.0484516	0.0304913	0.0182055	0.0172008	0.031029	0.027339	0.0383961	0.0346683	0.0351049	0.0221731	0.00106439	0	0.0155226	0.00773105	0	0	0	0.00939704	0	0	0.00235153	0	
0	0	0	0	0	0	0	0	0	0	0	0	0	0	0	0	0	0	0	0	0	0	0	0	0	0	0	0	0	0	3.01141e-07	0.00770634	0.230038	0.0478581	0.0439183	0.042938	0.0407346	0.037391	0.0346283	0.0337647	0.0301383	0.0504849	0.0686821	0.0769996	0.173995	0.138505	0.112069	0.05659	0.0299019	0.0225529	0.0224498	0.0328576	0.032697	0.0397995	0.045207	0.0421575	0.00471046	0.0233775	0	0	0.0234398	0	0	0	0.00584622	0.00359935	0	0.00234968	0	
0	0	0	0	0	0	0	0	0	0	0	0	0	0	0	0	0	0	0	0	0	0	0	0	0	0	0	0	0	0	0	2.16681e-05	0.0339065	0.104332	0.055734	0.0493925	0.049869	0.0482393	0.040464	0.0394409	0.0349919	0.0658406	0.0832216	0.0875084	0.17943	0.156647	0.12239	0.047042	0.0467303	0.0233748	0.0234599	0.0229318	0.0472462	0.0472584	0.0470961	0.0236022	0.0236455	0.0233727	0	0	0.0237462	0	0	0	0	0.00935771	0	0.00230107	0	
0	0	0	0	0	0	0	0	0	0	0	0	0	0	0	0	0	0	0	0	0	0	0	0	0	0	0	0	0	0	0	4.67962e-06	0.0113725	0.0244184	0.105047	0.0565098	0.0516292	0.0474958	0.0478508	0.040842	0.0370058	0.0680678	0.0907953	0.0955528	0.183885	0.151036	0.120556	0.0674315	0.0352886	0.0260917	0.0260448	0.0309465	0.0471445	0.0466498	0.0372568	0.0326262	0.0232908	0.0239938	0	0	0.0240126	0	0	0	0	0.00934657	0	0.00230973	0	
0	0	0	0	0	0	0	0	0	0	0	0	0	0	0	0	0	0	0	0	0	0	0	0	0	0	0	0	0	0	0	0	0.0033156	0.00891226	0.0246366	0.108102	0.0567512	0.0525913	0.0468716	0.0484426	0.0388577	0.0689622	0.100145	0.0973723	0.193329	0.156132	0.126839	0.0637726	0.0301555	0.0232725	0.0235416	0.0471922	0.0236057	0.0487684	0.0455973	0.0467697	0.0236508	0.0236265	0	0	0.0235462	0	0	0	0	0.00928019	0	0.0023314	0	
0	0	0	0	0	0	0	0	0	0	0	0	0	0	0	0	0	0	0	0	0	0	0	0	0	0	0	0	0	0	0	2.97423e-06	0.00180007	0.00165419	0.00886003	0.0250485	0.111657	0.0559282	0.0515883	0.0494329	0.0445316	0.0717979	0.104537	0.106083	0.193777	0.164253	0.127636	0.0601662	0.0473019	0.0235589	0.0231903	0.0437668	0.027214	0.0472001	0.0469549	0.0476452	0.0237734	0.0233359	0	0	0.023769	4.16568e-05	0	0	0	0.00942996	0	0.00231772	0	
0	0	0	0	0	0	0	0	0	0	0	0	0	0	0	0	0	0	0	0	0	0	0	0	0	0	0	0	0	0	0	0	0.000115338	0.00192615	0.001369	0.00967888	0.0264272	0.112005	0.0557587	0.0511397	0.0476505	0.0797493	0.108595	0.11543	0.204018	0.162269	0.132907	0.0708873	0.0333607	0.0315262	0.0298829	0.0235964	0.0475132	0.0473754	0.0473414	0.0475973	0.0236804	0.0232938	0	0	0	0.0233642	0	0	0	0.00956949	0	0.00233654	0	
0	0	0	0	0	0	0	0	0	0	0	0	0	0	0	0	0	0	0	0	0	0	0	0	0	0	0	0	0	0	0	0	5.66315e-05	9.49054e-05	0.00216162	0.00128132	0.010883	0.0270214	0.111018	0.0598521	0.045568	0.0888789	0.115059	0.121877	0.219231	0.16544	0.132564	0.062694	0.0413732	0.0239231	0.0262023	0.0447029	0.0476161	0.0477233	0.0471507	0.0471017	0.0236609	0.0128899	0.0109044	0	0	0.0237237	0	0	0	0.00951275	0	0.00236359	0	
0	0	0	0	0	0	0	0	0	0	0	0	0	0	0	0	0	0	0	0	0	0	0	0	0	0	0	0	0	0	0	0	1.91765e-05	3.39311e-05	9.58979e-05	0.00242272	0.0010726	0.0114809	0.0273353	0.11276	0.0587842	0.0855805	0.125356	0.129731	0.226591	0.167065	0.140954	0.0713122	0.047541	0.0234379	0.0237014	0.0472164	0.0350642	0.0597357	0.0471697	0.0476954	0.0236732	0	0.023434	0	0	0.0234855	0	0	0	0.00954654	0	0.00235787	0	
0	0	0	0	0	0	0	0	0	0	0	0	0	0	0	0	0	0	0	0	0	0	0	0	0	0	0	0	0	0	0	0	4.72654e-06	1.10259e-05	2.67764e-05	0.000122853	0.00277408	0.000871047	0.0117482	0.0303318	0.110029	0.0985724	0.133387	0.135851	0.248033	0.169261	0.141699	0.0708753	0.0337724	0.036803	0.0315402	0.0363239	0.0346144	0.0672678	0.0516941	0.0479383	0.0239977	0	0.0237522	0	0	0.0237126	0	0	0	0.00936666	0	0.00230303	0	
0	0	0	0	0	0	0	0	0	0	0	0	0	0	0	0	0	0	0	0	0	0	0	0	0	0	0	0	0	0	0	0	0	3.34851e-06	7.5308e-06	3.84745e-05	0.000241752	0.00176412	0.00196572	0.00766054	0.0212181	0.153758	0.145136	0.148599	0.266769	0.173633	0.147296	0.0719687	0.0473314	0.0240571	0.0272616	0.0442329	0.0476651	0.0473572	0.0675073	0.0511377	0.0239091	0	0.0236673	0	0	0.0236589	0	0	0	0.00945886	0	1.7565e-05	0.00241492	
0	0	0	0	0	0	0	0	0	0	0	0	0	0	0	0	0	0	0	0	0	0	0	0	0	0	0	0	0	0	0	0	0	0	2.09578e-06	2.61841e-06	1.15257e-05	4.24319e-05	0.000593482	0.00124143	0.0030564	0.0211108	0.196024	0.174044	0.307651	0.189068	0.148101	0.0787347	0.0450054	0.0322484	0.0304378	0.0452953	0.0441429	0.0652416	0.047881	0.0623842	0.0315965	0.00132735	0.02387	0	0	0.0239995	0	0	0	0.00942492	0	0	0.0023781	
0	0	0	0	0	0	0	0	0	0	0	0	0	0	0	0	0	0	0	0	0	0	0	0	0	0	0	0	0	0	0	0	0	0	0	0	1.6471e-06	2.05863e-06	5.35141e-06	2.09921e-05	5.31084e-05	0.00171982	0.0223431	0.228028	0.371851	0.228446	0.157095	0.0795435	0.0493665	0.0338365	0.0338808	0.0490487	0.0487226	0.0614739	0.0704569	0.0481449	0.0239559	0.0241289	0.0130017	0.0110749	0	0.0210759	0.00296002	0	0	0.00958428	0	0	0.00246813	
0	0	0	0	0	0	0	0	0	0	0	0	0	0	0	0	0	0	0	0	0	0	0	0	0	0	0	0	0	0	0	0	0	0	0	0	0	0	3.1273e-07	6.24597e-07	3.12158e-07	8.28169e-06	0.000578099	0.0111842	0.394501	0.326373	0.207885	0.0934798	0.0555107	0.0358339	0.0372758	0.0554896	0.0565394	0.0739712	0.0704233	0.0708265	0.0339163	0.0212921	0.00299334	0.0231992	0.00108229	0	0.0241878	0	0	0.00108713	0.00866674	0	0.00243239	
0	0	0	0	0	0	0	0	0	0	0	0	0	0	0	0	0	0	0	0	0	0	0	0	0	0	0	0	0	0	0	0	0	0	0	0	0	0	0	0	0	0	1.49714e-07	2.54305e-06	0.0181104	0.433303	0.332295	0.137635	0.0779218	0.050182	0.0487629	0.0715223	0.0672312	0.0895224	0.087362	0.0824556	0.0354931	0.0226288	0.0247349	0	0.0248876	0	0.00510314	0.0196839	0	0	0.00990492	0	0.00248931	
0	0	0	0	0	0	0	0	0	0	0	0	0	0	0	0	0	0	0	0	0	0	0	0	0	0	0	0	0	0	0	0	0	0	0	0	0	0	0	0	0	0	0	0	1.76534e-05	0.0278715	0.477147	0.220659	0.117591	0.0721075	0.0693011	0.0984373	0.0968789	0.123981	0.1138	0.103962	0.0490506	0.0310128	0.0101022	0.01913	0.0217703	0.00396743	0	0.025692	0	0	0.0102338	0	0.00255384	
0	0	0	0	0	0	0	0	0	0	0	0	0	0	0	0	0	0	0	0	0	0	0	0	0	0	0	0	0	0	0	0	0	0	0	0	0	0	0	0	0	0	0	0	0	0.000911178	0.062587	0.409806	0.168674	0.10409	0.10027	0.135535	0.122141	0.153665	0.149567	0.134878	0.0606228	0.0338965	0.02658	0.0220489	0.00465655	0.026675	0	0.00986862	0.0167066	0	0.0106119	0	0.00263511	
0	0	0	0	0	0	0	0	0	0	0	0	0	0	0	0	0	0	0	0	0	0	0	0	0	0	0	0	0	0	0	0	0	0	0	0	0	0	0	0	0	0	0	0	0	9.35251e-06	0.0119651	0.0881192	0.363591	0.140031	0.111336	0.172493	0.153407	0.179997	0.166623	0.160522	0.0727344	0.0379769	0.0257582	0.0184906	0.0273831	0.026977	0.000429473	0	0.0273544	0	0.00919729	0.00169542	0.00274062	
0	0	0	0	0	0	0	0	0	0	0	0	0	0	0	0	0	0	0	0	0	0	0	0	0	0	0	0	0	0	0	0	0	0	0	0	0	0	0	0	0	0	0	0	0	0	0.00317055	0.0300792	0.102298	0.321039	0.16406	0.178692	0.184705	0.20363	0.185931	0.172207	0.0770785	0.051468	0.0278665	0.0279236	0.02801	0	0.0278018	0	0.0279669	0	0	0.011084	0.00278551	
0	0	0	0	0	0	0	0	0	0	0	0	0	0	0	0	0	0	0	0	0	0	0	0	0	0	0	0	0	0	0	0	0	0	0	0	0	0	0	0	0	0	0	0	0	4.28293e-07	0.00296216	0.0129836	0.0367886	0.0903899	0.343823	0.235811	0.194024	0.24179	0.204928	0.179034	0.0901203	0.0538903	0.0393402	0.0281916	0.0231281	0.00508698	0.0283066	0	0.0269772	0.00120466	0	0.0112289	0.00290607	
0	0	0	0	0	0	0	0	0	0	0	0	0	0	0	0	0	0	0	0	0	0	0	0	0	0	0	0	0	0	0	0	0	0	0	0	0	0	0	0	0	0	0	0	0	0	0.000267091	0.00464775	0.014542	0.0275828	0.0748641	0.456826	0.239637	0.280664	0.238043	0.206896	0.0936473	0.0566885	0.0358055	0.0304067	0.02658	0.0288238	0.0209389	0.00786742	0	0.0288009	0	0.0114696	0.00287207	
0	0	0	0	0	0	0	0	0	0	0	0	0	0	0	0	0	0	0	0	0	0	0	0	0	0	0	0	0	0	0	0	0	0	0	0	0	0	0	0	0	0	0	0	0	0	3.57721e-06	0.00268537	0.00310335	0.00963394	0.0186755	0.100347	0.510653	0.345283	0.303167	0.249025	0.106648	0.0633069	0.0391493	0.0398117	0.0394542	0.0179311	0.0116418	0.0295986	0	0.0295772	0	0.0119403	0.00299306	
0	0	0	0	0	0	0	0	0	0	0	0	0	0	0	0	0	0	0	0	0	0	0	0	0	0	0	0	0	0	0	0	0	0	0	0	0	0	0	0	0	0	0	0	0	0	9.825e-08	6.18466e-06	0.00212494	0.0011365	0.00563521	0.0224043	0.0896014	0.673836	0.390413	0.336014	0.139448	0.0798084	0.0514173	0.0415387	0.0340725	0.0272961	0.0306265	0.0302797	0.000317807	0.0306842	0	0.0123048	0.0030554	
0	0	0	0	0	0	0	0	0	0	0	0	0	0	0	0	0	0	0	0	0	0	0	0	0	0	0	0	0	0	0	0	0	0	0	0	0	0	0	0	0	0	0	0	0	0	0	3.48037e-07	1.93776e-06	0.000698779	0.00188151	0.00405884	0.0190777	0.116867	0.831322	0.469114	0.201206	0.119155	0.0735048	0.0567932	0.0540322	0.0417599	0.0242362	0.0197626	0.0325761	0.00809229	0.0244456	0.0130034	0.00325796	
0	0	0	0	0	0	0	0	0	0	0	0	0	0	0	0	0	0	0	0	0	0	0	0	0	0	0	0	0	0	0	0	0	0	0	0	0	0	0	0	0	0	0	0	0	0	0	0	2.00092e-08	6.01574e-08	7.41529e-07	0.00200381	0.00290534	0.0254026	0.142974	1.08728	0.340742	0.150192	0.101594	0.0899765	0.084058	0.0666843	0.0448215	0.038444	0.0311186	0.0236958	0.0353307	0.01412	0.00354197	
0	0	0	0	0	0	0	0	0	0	0	0	0	0	0	0	0	0	0	0	0	0	0	0	0	0	0	0	0	0	0	0	0	0	0	0	0	0	0	0	0	0	0	0	0	0	0	0	0	0	1.95401e-08	2.14631e-07	0.00381218	0.0072038	0.0505521	0.299081	1.03682	0.379542	0.143886	0.0859509	0.0872047	0.081135	0.0664648	0.0439865	0.0468059	0.0454776	0.030734	0.0246163	0.0183387	
0	0	0	0	0	0	0	0	0	0	0	0	0	0	0	0	0	0	0	0	0	0	0	0	0	0	0	0	0	0	0	0	0	0	0	0	0	0	0	0	0	0	0	0	0	0	0	0	0	0	0	2.14868e-08	0.000325105	0.00372111	0.0259681	0.133863	0.373415	0.983659	0.405301	0.173887	0.111023	0.0753087	0.0707848	0.0413576	0.0407735	0.0404506	0.0402085	0.0401866	0.0200589	
0	0	0	0	0	0	0	0	0	0	0	0	0	0	0	0	0	0	0	0	0	0	0	0	0	0	0	0	0	0	0	0	0	0	0	0	0	0	0	0	0	0	0	0	0	0	0	0	0	0	0	0	7.11183e-08	0.00422592	0.0170132	0.0950251	0.148837	0.45265	0.89646	0.479014	0.219222	0.106999	0.0461848	0.0460645	0.0485981	0.0377235	0.0410663	0.0422292	0.0210733	
0	0	0	0	0	0	0	0	0	0	0	0	0	0	0	0	0	0	0	0	0	0	0	0	0	0	0	0	0	0	0	0	0	0	0	0	0	0	0	0	0	0	0	0	0	0	0	0	0	0	0	2.26077e-08	0	0.00446252	0.0178183	0.0778144	0.0919057	0.176527	0.448489	0.937421	0.560081	0.209273	0.0631535	0.0933612	0.0470802	0.0457598	0.00298615	0.0421724	0.0222603	
0	0	0	0	0	0	0	0	0	0	0	0	0	0	0	0	0	0	0	0	0	0	0	0	0	0	0	0	0	0	0	0	0	0	0	0	0	0	0	0	0	0	0	0	0	0	0	0	0	0	0	0	0	0.00472514	0.0125853	0.0542952	0.0889809	0.0917782	0.171496	0.47746	1.0685	0.569043	0.182352	0.116194	0.0522116	0.0499984	0.0485065	0.000405254	0.0236693	
0	0	0	0	0	0	0	0	0	0	0	0	0	0	0	0	0	0	0	0	0	0	0	0	0	0	0	0	0	0	0	0	0	0	0	0	0	0	0	0	0	0	0	0	0	0	0	0	0	0	0	0	0	0.0050732	5.8713e-06	0.0713063	0.0524077	0.0744942	0.0865287	0.181825	0.581106	1.11866	0.52593	0.257065	0.133834	0.0559481	0.0532418	0.0183203	0.00815021	
0	0	0	0	0	0	0	0	0	0	0	0	0	0	0	0	0	0	0	0	0	0	0	0	0	0	0	0	0	0	0	0	0	0	0	0	0	0	0	0	0	0	0	0	0	0	0	0	0	0	0	0	0	0.000490241	0.00493704	0.049355	0.0763523	0.0621748	0.0535379	0.0888632	0.247374	0.693773	0.989837	0.653297	0.296522	0.135968	0.0589547	0.0235344	0.00576638	
0	0	0	0	0	0	0	0	0	0	0	0	0	0	0	0	0	0	0	0	0	0	0	0	0	0	0	0	0	0	0	0	0	0	0	0	0	0	0	0	0	0	0	0	0	0	0	0	0	0	0	0	0	0	0.00577235	0.0231961	0.05826	0.0602355	0.0594152	0.0737563	0.132776	0.333783	0.637027	1.11697	0.707988	0.296139	0.120655	0.0264256	0.00649087	
0	0	0	0	0	0	0	0	0	0	0	0	0	0	0	0	0	0	0	0	0	0	0	0	0	0	0	0	0	0	0	0	0	0	0	0	0	0	0	0	0	0	0	0	0	0	0	0	0	0	0	0	0	0	0.00620475	0.0248621	0.0622859	0.0627654	0.0597312	0.0350918	0.080863	0.162068	0.292826	0.713584	1.28633	0.772671	0.270544	0.083467	0.00769361	
0	0	0	0	0	0	0	0	0	0	0	0	0	0	0	0	0	0	0	0	0	0	0	0	0	0	0	0	0	0	0	0	0	0	0	0	0	0	0	0	0	0	0	0	0	0	0	0	0	0	0	0	0	0	0.00673186	0.0269074	0.0673318	0.0616503	0.00661265	0.068834	0.0711846	0.0799809	0.126805	0.312243	0.818727	1.50993	0.826927	0.221402	0.0304675	
0	0	0	0	0	0	0	0	0	0	0	0	0	0	0	0	0	0	0	0	0	0	0	0	0	0	0	0	0	0	0	0	0	0	0	0	0	0	0	0	0	0	0	0	0	0	0	0	0	0	0	0	0	0	0.00739531	0.0294646	0.07365	0.000136237	0.0738517	0.0743464	0.0161999	0.0636192	0.0816012	0.122604	0.331397	0.952979	1.82926	0.859589	0.110832	
0	0	0	0	0	0	0	0	0	0	0	0	0	0	0	0	0	0	0	0	0	0	0	0	0	0	0	0	0	0	0	0	0	0	0	0	0	0	0	0	0	0	0	0	0	0	0	0	0	0	0	0	0	0	0.00818544	0.032782	0.0817931	4.41187e-05	0.0820714	0.0822551	0.000916383	0.0839407	0.013338	0.0772447	0.132217	0.353418	1.17828	2.3297	0.682417	
0	0	0	0	0	0	0	0	0	0	0	0	0	0	0	0	0	0	0	0	0	0	0	0	0	0	0	0	0	0	0	0	0	0	0	0	0	0	0	0	0	0	0	0	0	0	0	0	0	0	0	0	0	0	0.00973465	0.0388256	0.0971922	0.0255959	0.0883415	0.0953352	0.0776425	0.060391	0.0748209	0.0314069	0.0788043	0.098472	0.400678	1.75544	3.17356	  ); 
P1 ( 
0.0178612	0.0209689	0.0114277	0.00557759	0.00270923	0.00115331	0.000600682	0.000280879	0.000117158	5.76293e-05	3.0131e-05	1.60346e-05	6.78311e-06	3.35702e-06	2.0927e-06	1.10608e-06	5.56709e-07	4.15246e-07	2.70642e-07	3.97372e-07	2.18705e-07	1.40307e-07	1.07287e-07	4.66722e-08	2.18283e-08	0	0	0	0	0	0	1.09352e-07	0	0	0	0	0	0	0	0	0	0	0	0	0	0	0	0	0	0	0	0	0	0	0	0	0	0	0	0	0	0	0	0	0	0	0	0	0	
0	0.0388226	0.0281061	0.0143427	0.00682121	0.00322378	0.00156087	0.000734183	0.000345798	0.000164901	7.94276e-05	3.8694e-05	1.8658e-05	9.15964e-06	4.82087e-06	2.42674e-06	1.39321e-06	8.31768e-07	5.50783e-07	7.07874e-07	3.66992e-07	1.5307e-07	7.83212e-08	1.16169e-07	2.14377e-08	4.14297e-08	6.42912e-08	1.67013e-08	1.44422e-08	0	0	0	0	0	0	2.50832e-08	0	2.9093e-08	0	0	0	0	0	0	2.78212e-08	0	0	0	0	0	0	0	0	0	0	0	0	0	0	0	0	0	0	0	0	0	0	0	0	
0	0	0.0373599	0.0401267	0.019941	0.00944499	0.00454768	0.00214572	0.00101148	0.00047884	0.00022813	0.000110253	5.25916e-05	2.56644e-05	1.29365e-05	6.05504e-06	3.45029e-06	2.03308e-06	1.29105e-06	1.44671e-06	7.07242e-07	3.28782e-07	1.58999e-07	1.4606e-07	1.03283e-07	6.44122e-08	1.01773e-07	2.54909e-08	1.11501e-08	1.93315e-08	3.38893e-08	1.19857e-08	1.35263e-08	0	0	0	0	0	0	0	0	0	0	0	0	1.1998e-08	1.70147e-08	0	0	0	0	0	0	0	0	0	0	0	0	0	0	0	0	0	0	0	0	0	0	
0	0	0	0.0532691	0.0490585	0.0249252	0.0120136	0.00566062	0.00266622	0.00126537	0.000600562	0.00028588	0.000136623	6.54688e-05	3.23955e-05	1.49686e-05	8.11602e-06	4.62124e-06	2.76876e-06	2.74825e-06	1.31252e-06	5.75393e-07	1.99684e-07	2.80184e-07	2.09563e-07	1.31874e-07	1.66011e-07	4.76486e-09	6.40018e-09	2.84307e-08	2.05876e-08	1.04749e-08	0	0	0	0	0	0	0	0	0	0	1.40935e-08	2.47516e-08	0	1.41468e-08	1.73086e-08	0	1.73733e-08	1.91452e-08	0	0	0	0	0	0	0	0	0	0	0	0	0	0	0	0	0	0	0	
0	0	0	0	0.0778704	0.0548595	0.0331049	0.0155814	0.00732431	0.00346587	0.0016425	0.00078155	0.000371878	0.000178249	8.56706e-05	3.89866e-05	2.09649e-05	1.13813e-05	6.36197e-06	6.0453e-06	2.44194e-06	1.01552e-06	4.44041e-07	4.00384e-07	3.36035e-07	2.49567e-07	2.77922e-07	4.52648e-08	7.28793e-08	6.21196e-08	2.83942e-08	4.50362e-08	3.35484e-08	0	0	0	0	0	0	0	0	0	0	9.20818e-09	2.93578e-08	0	1.90379e-08	0	0	0	0	1.6332e-08	0	0	0	0	0	0	0	0	0	0	0	0	0	0	0	0	0	
0	0	0	0	0	0.0964747	0.0886935	0.0418727	0.019652	0.00927315	0.00440702	0.00208223	0.000991876	0.000471544	0.000226775	0.000101979	5.31617e-05	2.81586e-05	1.54383e-05	1.36613e-05	5.09683e-06	1.80119e-06	8.36282e-07	6.68779e-07	4.35633e-07	4.22778e-07	4.65936e-07	7.33265e-08	3.525e-08	2.20622e-08	1.1648e-07	1.70266e-08	6.94047e-09	0	0	5.2559e-09	0	0	0	0	9.08855e-09	1.39581e-08	0	1.08721e-08	7.15952e-09	9.48767e-08	2.75498e-08	2.83259e-08	0	0	1.56835e-08	3.18495e-08	0	0	0	0	0	0	0	0	0	0	0	0	0	0	0	0	0	
0	0	0	0	0	0	0.130653	0.101342	0.0556293	0.0263165	0.0124412	0.00590063	0.00279592	0.00131823	0.000632731	0.000283829	0.000146475	7.63962e-05	4.04669e-05	3.39113e-05	1.14305e-05	3.74891e-06	1.52342e-06	1.26196e-06	8.90294e-07	5.71247e-07	5.89212e-07	6.2404e-08	1.01783e-07	7.88602e-08	1.31804e-07	6.5227e-08	3.75818e-08	0	1.2641e-08	0	0	0	1.91249e-08	2.89436e-08	0	0	2.11295e-08	2.75444e-08	1.00226e-07	4.12645e-08	6.9066e-08	3.28149e-08	0	0	0	3.77836e-08	2.56996e-08	2.26656e-08	0	2.55207e-08	0	0	0	0	0	0	0	0	0	0	0	0	0	
0	0	0	0	0	0	0	0.120427	0.13689	0.0695292	0.0328714	0.0155552	0.00738933	0.00349062	0.00165937	0.000738309	0.000377394	0.000194248	0.00010275	8.42599e-05	2.58235e-05	7.87968e-06	2.95323e-06	2.35171e-06	1.52764e-06	9.62638e-07	1.15736e-06	2.12497e-07	2.4425e-07	1.48799e-07	2.11595e-07	1.21581e-07	5.54915e-08	1.21966e-08	4.06977e-08	-3.7404e-09	1.07278e-08	7.37984e-09	0	0	3.69717e-08	1.87293e-08	3.03462e-08	5.53765e-08	1.03147e-07	6.75495e-08	6.09241e-08	2.39573e-08	0	2.22322e-08	0	5.3944e-08	0	5.08382e-08	1.09021e-08	7.89353e-08	6.52088e-08	0	0	1.33372e-08	0	0	0	0	0	0	0	0	0	
0	0	0	0	0	0	0	0	0.154906	0.174636	0.0871482	0.0411693	0.0195227	0.00921182	0.00437954	0.00194291	0.000991491	0.000507176	0.000262182	0.000209992	6.01264e-05	1.6616e-05	6.13388e-06	4.29915e-06	2.77485e-06	1.61898e-06	2.08216e-06	2.955e-07	3.76514e-07	2.54307e-07	3.88358e-07	2.38226e-07	1.44107e-07	1.68123e-08	2.43807e-08	7.93172e-09	3.2884e-08	1.31098e-08	1.0845e-08	1.73432e-08	1.70861e-09	3.34751e-08	4.64009e-08	9.34217e-08	1.01266e-07	8.94405e-08	1.73236e-07	8.3703e-08	1.48704e-08	0	4.90295e-08	1.17688e-07	5.74449e-08	7.98392e-08	5.10683e-08	8.07134e-08	1.65725e-08	0	0	4.66624e-08	2.0583e-08	0	3.91315e-08	0	0	4.38522e-08	0	3.76612e-08	0	
0	0	0	0	0	0	0	0	0	0.186868	0.211592	0.104466	0.0494284	0.0233694	0.0110875	0.00487894	0.00249933	0.00127266	0.000651022	0.000514661	0.000143498	3.69786e-05	1.21115e-05	8.62952e-06	5.26807e-06	2.85312e-06	3.43482e-06	6.93038e-07	5.376e-07	5.3453e-07	5.25786e-07	1.9652e-07	1.50347e-07	3.14692e-08	6.11573e-08	2.72054e-08	5.96142e-09	7.66622e-08	3.24778e-08	2.42764e-08	2.7098e-08	5.46791e-08	8.40517e-08	1.14333e-07	3.2394e-07	2.18914e-07	2.14656e-07	1.31163e-07	3.22779e-08	1.01677e-07	3.49412e-08	4.00959e-08	3.89189e-08	1.31759e-07	8.49172e-08	1.02681e-07	1.04418e-07	0	8.84631e-09	0	0	-2.63631e-09	0	4.93722e-08	0	0	5.65028e-08	0	0	
0	0	0	0	0	0	0	0	0	0	0.214925	0.244659	0.120109	0.0566827	0.0268845	0.0118351	0.00605414	0.00307721	0.00156649	0.00122617	0.000329293	8.07148e-05	2.59192e-05	1.776e-05	9.31422e-06	5.15551e-06	5.58798e-06	8.15421e-07	8.86804e-07	6.3574e-07	8.82214e-07	4.30315e-07	2.01676e-07	6.18479e-08	3.22954e-08	3.59882e-08	1.21906e-08	3.36246e-08	3.39235e-08	7.29238e-08	6.70362e-08	9.46893e-08	1.47678e-07	1.21799e-07	5.32183e-07	3.96001e-07	2.65554e-07	7.60613e-08	7.6955e-08	9.07483e-08	3.73049e-08	2.14639e-07	1.70332e-07	1.46057e-07	1.98661e-07	2.82526e-07	1.39169e-07	6.83962e-08	0	1.1973e-07	-2.65854e-08	5.73137e-08	0	0	3.00653e-08	5.71023e-08	3.06089e-08	3.46513e-08	-6.91156e-08	
0	0	0	0	0	0	0	0	0	0	0	0.237172	0.27106	0.132667	0.0627116	0.0277062	0.0140691	0.0071883	0.00364589	0.00283757	0.000748605	0.000175563	5.36631e-05	3.41826e-05	1.80631e-05	8.75377e-06	9.17366e-06	1.40733e-06	1.27563e-06	1.13717e-06	1.24997e-06	5.59825e-07	4.46472e-07	6.47129e-08	7.24706e-08	1.12461e-07	5.05753e-08	6.57683e-08	4.5882e-08	5.18688e-08	5.15649e-08	1.11886e-07	1.04144e-07	2.53916e-07	4.4021e-07	3.79694e-07	4.48465e-07	2.45222e-07	9.30346e-08	1.13543e-07	7.68798e-08	1.06237e-07	9.07885e-08	2.54931e-07	2.70421e-07	3.42473e-07	1.32175e-07	1.09248e-07	8.53968e-08	1.88319e-07	1.59241e-07	-2.12705e-08	9.41365e-08	1.69728e-08	9.75869e-08	6.07679e-08	-4.73969e-08	-5.0862e-08	-4.5502e-08	
0	0	0	0	0	0	0	0	0	0	0	0	0.253114	0.290661	0.141751	0.0625198	0.0318012	0.0161511	0.00824604	0.00632934	0.00165681	0.000383851	0.000112554	6.99842e-05	3.46927e-05	1.60661e-05	1.50648e-05	1.9585e-06	1.95876e-06	1.3616e-06	1.99025e-06	5.96041e-07	5.38347e-07	2.07211e-07	1.64721e-07	3.29858e-08	1.291e-07	1.30789e-07	6.08436e-08	1.06085e-07	7.75739e-08	1.93877e-07	2.22223e-07	2.89917e-07	8.47367e-07	7.67003e-07	4.8726e-07	4.28777e-07	7.88173e-08	1.56235e-07	2.35128e-07	2.99078e-07	4.60743e-07	4.53682e-07	4.913e-07	5.23544e-07	3.09442e-07	4.70532e-08	4.09693e-08	1.82065e-07	-2.47631e-08	4.09519e-08	1.67381e-08	-4.24192e-08	5.76948e-08	2.31435e-08	-1.11008e-07	-4.01171e-09	-4.86803e-08	
0	0	0	0	0	0	0	0	0	0	0	0	0	0.264081	0.304321	0.138286	0.070313	0.0357018	0.0181475	0.0139353	0.00364557	0.000823897	0.0002361	0.000142779	6.83271e-05	3.04449e-05	2.67828e-05	3.03382e-06	3.47094e-06	1.93676e-06	3.17653e-06	1.3557e-06	1.04323e-06	1.68053e-07	9.28885e-08	1.77152e-07	1.38111e-07	1.42045e-07	1.05902e-07	9.01125e-08	7.7732e-08	1.93534e-07	3.82806e-07	4.62308e-07	9.5604e-07	1.16365e-06	9.08536e-07	5.31278e-07	4.11526e-07	3.41965e-07	-3.03069e-08	3.50629e-07	4.27238e-07	3.78107e-07	6.07948e-07	6.59079e-07	3.71942e-08	7.93291e-08	2.26274e-08	-6.78604e-08	2.47089e-07	1.57163e-08	1.27215e-07	-6.83956e-08	1.71136e-08	5.57062e-08	1.66026e-08	1.14775e-07	4.27398e-08	
0	0	0	0	0	0	0	0	0	0	0	0	0	0	0.271948	0.291568	0.152864	0.077704	0.0394339	0.0302656	0.00785132	0.0017723	0.000504904	0.000300122	0.00013796	5.96544e-05	4.84051e-05	5.41381e-06	5.10592e-06	3.84881e-06	4.46506e-06	1.88712e-06	1.30247e-06	2.27947e-07	2.28078e-07	1.15598e-07	1.94485e-07	2.25295e-07	1.84844e-07	1.5373e-07	3.07568e-07	3.90994e-07	5.60878e-07	4.57964e-07	1.8336e-06	1.35625e-06	9.29993e-07	5.66616e-07	5.31765e-07	1.29326e-07	2.82431e-07	2.29967e-07	4.47726e-07	9.21462e-07	9.24006e-07	9.03417e-07	3.63394e-07	4.4363e-07	1.31717e-07	-1.39851e-08	2.70757e-07	8.97495e-08	4.64467e-08	1.88197e-07	2.82836e-07	-2.38094e-07	-1.10708e-07	-5.16273e-08	-1.6919e-07	
0	0	0	0	0	0	0	0	0	0	0	0	0	0	0	0.257641	0.305505	0.160703	0.081663	0.0625132	0.01613	0.00362355	0.00103041	0.000601295	0.000273522	0.000116142	8.91863e-05	9.70002e-06	8.47173e-06	6.38181e-06	8.08581e-06	2.51725e-06	1.92507e-06	5.11199e-07	2.59639e-07	1.96525e-07	3.27505e-07	1.24705e-07	2.99913e-07	3.32334e-07	4.04186e-07	5.70314e-07	9.0219e-07	1.05944e-06	2.34716e-06	1.28207e-06	1.51493e-06	5.90565e-07	3.99722e-07	3.5203e-07	7.36736e-07	5.86566e-07	5.90212e-07	3.44587e-07	5.71873e-07	6.69269e-07	8.98228e-07	8.97227e-07	4.66527e-07	1.4573e-07	1.73985e-07	7.97292e-08	2.10095e-07	3.34336e-07	2.38146e-07	5.27159e-07	6.09405e-08	-4.92994e-08	-3.49011e-08	
0	0	0	0	0	0	0	0	0	0	0	0	0	0	0	0	0.259316	0.308066	0.161928	0.12378	0.0321462	0.00714051	0.00201003	0.00117992	0.000524879	0.000215992	0.000164251	1.59109e-05	1.47439e-05	1.00027e-05	1.19128e-05	3.72406e-06	3.11677e-06	4.5304e-07	4.90153e-07	7.62088e-07	4.701e-07	5.20756e-07	6.5939e-07	3.5832e-07	6.97803e-07	6.46965e-07	1.24224e-06	1.0664e-06	2.54231e-06	2.00565e-06	2.22526e-06	9.33517e-07	9.01644e-07	5.00416e-07	7.09654e-07	7.03958e-07	2.91074e-07	5.95377e-07	1.64053e-06	1.08983e-06	7.66062e-07	1.48834e-07	-4.04345e-07	-2.10387e-07	4.66019e-07	5.69515e-07	2.50668e-07	3.39763e-07	2.05467e-07	-1.63895e-07	3.05679e-07	8.31509e-08	2.07715e-07	
0	0	0	0	0	0	0	0	0	0	0	0	0	0	0	0	0	0.261164	0.310547	0.245768	0.0634394	0.0141127	0.00395944	0.00231745	0.00102622	0.000417168	0.000308451	2.88973e-05	2.65592e-05	1.79147e-05	1.93481e-05	7.00207e-06	4.60466e-06	9.6813e-07	1.06288e-06	8.70892e-07	5.87315e-07	7.92769e-07	7.97452e-07	7.45464e-07	9.43967e-07	1.11092e-06	1.53812e-06	1.99695e-06	4.45584e-06	3.64924e-06	3.4897e-06	1.44102e-06	1.30011e-06	6.07512e-07	4.59081e-07	1.03111e-06	8.03407e-07	1.8012e-06	2.52246e-06	1.87932e-06	8.55282e-07	1.21145e-06	4.02738e-07	9.73278e-07	1.11904e-06	-3.15263e-07	-6.61762e-08	3.90902e-08	-5.83629e-08	3.86853e-07	4.14681e-08	1.54056e-07	5.56259e-08	
0	0	0	0	0	0	0	0	0	0	0	0	0	0	0	0	0	0	0.263095	0.476751	0.125681	0.0279717	0.00782066	0.0045544	0.00201158	0.000813267	0.000593707	5.50876e-05	5.05648e-05	3.20119e-05	3.67794e-05	1.13705e-05	7.81442e-06	1.37212e-06	1.51385e-06	1.28903e-06	1.49719e-06	1.17662e-06	1.2691e-06	1.1895e-06	1.46083e-06	1.72542e-06	2.81753e-06	4.11309e-06	8.75884e-06	5.26473e-06	4.37219e-06	1.93836e-06	1.68308e-06	6.17001e-07	1.21977e-06	1.77615e-06	1.86173e-06	1.30719e-06	1.35878e-06	2.26397e-06	1.40438e-06	4.76982e-07	2.24235e-07	1.5402e-07	5.6423e-07	3.92221e-08	3.42947e-08	-9.53354e-08	1.8223e-07	-2.74762e-07	1.4012e-07	2.46218e-07	-2.47033e-07	
0	0	0	0	0	0	0	0	0	0	0	0	0	0	0	0	0	0	0	0.420354	0.363905	0.081898	0.022887	0.0132917	0.0058395	0.00234292	0.00167188	0.000147923	0.000135813	8.76489e-05	9.38788e-05	2.96678e-05	2.04547e-05	3.32768e-06	3.18653e-06	3.54033e-06	3.34912e-06	3.08435e-06	3.05973e-06	2.96879e-06	2.62335e-06	5.13508e-06	6.79092e-06	7.91327e-06	1.81196e-05	1.31068e-05	1.07323e-05	4.97644e-06	2.57122e-06	1.9084e-06	1.63963e-06	2.96665e-06	2.82976e-06	3.18813e-06	4.12943e-06	4.31661e-06	2.51161e-06	1.78843e-06	2.41378e-07	8.55633e-07	8.1624e-07	9.30926e-07	1.39134e-07	-1.73633e-07	3.90685e-07	5.87536e-07	2.94784e-07	6.20986e-08	6.13819e-08	
0	0	0	0	0	0	0	0	0	0	0	0	0	0	0	0	0	0	0	0	0.421309	0.312892	0.0886702	0.0515532	0.0225778	0.00904667	0.00638507	0.000562736	0.000504552	0.000321325	0.000343155	0.00010277	7.27002e-05	1.27158e-05	1.19779e-05	1.14732e-05	1.19844e-05	1.11835e-05	1.07322e-05	1.01395e-05	9.9518e-06	1.74746e-05	2.49593e-05	2.89168e-05	5.93233e-05	4.27794e-05	3.14156e-05	1.4645e-05	8.16984e-06	6.72124e-06	5.57899e-06	7.85017e-06	7.01993e-06	9.09758e-06	9.96471e-06	9.18337e-06	4.51893e-06	2.67601e-06	1.32373e-06	1.83237e-06	1.0449e-06	8.20709e-07	2.09389e-07	6.53582e-07	4.65124e-07	5.91727e-07	-5.8397e-08	4.84893e-07	6.61452e-07	
0	0	0	0	0	0	0	0	0	0	0	0	0	0	0	0	0	0	0	0	6.06018e-08	0.351511	0.274283	0.163214	0.0715139	0.0285918	0.0201088	0.00175701	0.00158111	0.00100666	0.00106027	0.000315164	0.0002201	3.79594e-05	3.81419e-05	3.58645e-05	3.66894e-05	3.28341e-05	3.20732e-05	3.15837e-05	2.84102e-05	5.0476e-05	7.68068e-05	8.29366e-05	0.000173924	0.000128407	9.13641e-05	4.32908e-05	2.27103e-05	1.60844e-05	1.41586e-05	2.34399e-05	2.17803e-05	2.52472e-05	2.15718e-05	2.08298e-05	9.46204e-06	4.04633e-06	3.21938e-06	2.48198e-06	2.54487e-06	1.26749e-06	1.71165e-06	5.41302e-07	2.26816e-06	2.54583e-07	-1.23704e-07	3.56166e-07	5.63244e-07	
0	0	0	0	0	0	0	0	0	0	0	0	0	0	0	0	0	0	0	0	0	4.51362e-07	0.265725	0.361551	0.162616	0.0650781	0.0457265	0.00399178	0.00356978	0.00227353	0.00238768	0.000696442	0.000495651	8.40865e-05	8.03621e-05	8.03601e-05	8.13325e-05	7.59625e-05	7.24328e-05	6.93071e-05	6.31092e-05	0.000115286	0.000165712	0.0001838	0.000385993	0.000279898	0.000202008	8.97549e-05	5.16055e-05	3.48724e-05	3.25005e-05	4.77197e-05	4.07373e-05	5.49673e-05	5.02496e-05	4.35089e-05	1.61592e-05	1.31361e-05	6.2036e-06	1.26249e-06	2.9125e-06	3.89662e-06	8.90581e-07	2.78813e-06	4.4662e-06	8.13498e-07	4.27073e-07	-8.78568e-07	-8.6672e-07	
0	0	0	0	0	0	0	0	0	0	0	0	0	0	0	0	0	0	0	0	0	0	4.42485e-07	0.305559	0.339531	0.139187	0.0977939	0.00849192	0.00764286	0.0048722	0.00511272	0.00149455	0.00104913	0.000179689	0.000170972	0.000174532	0.000168586	0.000160623	0.000152195	0.000148909	0.000137145	0.000238635	0.000350887	0.000397738	0.000811157	0.000586398	0.000417499	0.000188954	0.000103401	6.80217e-05	6.82846e-05	9.26063e-05	8.78285e-05	0.000101115	9.5185e-05	7.75102e-05	2.96075e-05	2.02684e-05	1.33577e-05	1.06301e-05	5.64724e-06	3.442e-06	3.07895e-06	2.35367e-06	3.40462e-06	1.7383e-06	5.73724e-08	6.72041e-07	-8.33643e-07	
0	0	0	0	0	0	0	0	0	0	0	0	0	0	0	0	0	0	0	0	0	0	0	1.68561e-06	0.306176	0.30939	0.223159	0.0193624	0.0173798	0.0110747	0.0115919	0.00340165	0.00237997	0.000416322	0.000391985	0.000384088	0.000381193	0.000363318	0.00034274	0.000342529	0.000310145	0.000551545	0.000803522	0.000890943	0.00185062	0.00131921	0.00094475	0.000425983	0.00023838	0.000152561	0.000146978	0.000212295	0.000197715	0.000238848	0.000210711	0.000175451	6.72393e-05	4.44928e-05	2.20582e-05	1.89957e-05	1.71851e-05	1.04067e-05	1.03102e-05	9.46866e-06	6.54676e-06	4.58072e-06	3.51189e-06	1.799e-06	-1.39655e-06	
0	0	0	0	0	0	0	0	0	0	0	0	0	0	0	0	0	0	0	0	0	0	0	0	7.9228e-06	0.279289	0.470287	0.0416879	0.0374723	0.0238189	0.0248755	0.0073096	0.00510817	0.00089077	0.000841902	0.000835734	0.000820235	0.000782494	0.000733191	0.000726243	0.000666061	0.00118071	0.00172853	0.00192759	0.00395736	0.0028533	0.00200188	0.000907079	0.000507203	0.000325633	0.000319723	0.000445703	0.000416921	0.000499502	0.000428073	0.000359228	0.000137199	7.81781e-05	5.65832e-05	4.4121e-05	3.37385e-05	2.30311e-05	1.19768e-05	1.25712e-05	9.7575e-06	4.47482e-06	5.96549e-06	2.24921e-06	-1.52585e-06	
0	0	0	0	0	0	0	0	0	0	0	0	0	0	0	0	0	0	0	0	0	0	0	0	0	1.45108e-05	0.42633	0.120156	0.110452	0.070981	0.0742757	0.0217483	0.0152279	0.00263336	0.00250485	0.00247967	0.00242882	0.00232306	0.00219705	0.00217597	0.0019676	0.00351455	0.00511354	0.00573705	0.0117316	0.00840097	0.0059391	0.00268875	0.00149874	0.000957909	0.000923311	0.00131527	0.00123104	0.00147428	0.00127714	0.00103941	0.000416495	0.000230738	0.000139556	0.000111796	9.91594e-05	6.71623e-05	4.42184e-05	3.25918e-05	2.98113e-05	2.5322e-05	1.90464e-05	7.91065e-06	2.95773e-06	
0	0	0	0	0	0	0	0	0	0	0	0	0	0	0	0	0	0	0	0	0	0	0	0	0	0	0.000381868	0.171895	0.214773	0.144023	0.151686	0.0437758	0.0311627	0.00477134	0.00550101	0.00466164	0.00509879	0.00442387	0.00426305	0.00433789	0.00394686	0.0067712	0.0100417	0.011425	0.0220819	0.0159534	0.0107554	0.0043819	0.00282798	0.000860098	0.00229025	0.00149073	0.00238759	0.00134079	0.00213669	0.000747525	0.000768132	0.000129325	8.33893e-05	6.77822e-05	7.38145e-05	5.54873e-05	1.69876e-05	1.87188e-05	2.19379e-05	1.35705e-05	1.83173e-05	4.20065e-06	-1.72158e-06	
0	0	0	0	0	0	0	0	0	0	0	0	0	0	0	0	0	0	0	0	0	0	0	0	0	0	0	0.000512641	0.212007	0.185588	0.203602	0.0595981	0.0412341	0.00710444	0.00672012	0.00667943	0.00631635	0.00662373	0.00547152	0.00624158	0.0049176	0.00938158	0.013432	0.0147057	0.0302859	0.0200783	0.014043	0.00561984	0.00298723	0.0019098	0.00154938	0.00251729	0.00199619	0.0026591	0.00116242	0.000601238	0.000618457	9.00826e-05	0	0	0	-3.77974e-06	6.56734e-06	0	0	0	-1.73468e-05	-1.35055e-06	0	
0	0	0	0	0	0	0	0	0	0	0	0	0	0	0	0	0	0	0	0	0	0	0	0	0	0	0	0	0.000990624	0.20959	0.272818	0.0831537	0.0579369	0.00997475	0.00915465	0.00959428	0.00941127	0.00835339	0.00828692	0.00811873	0.00738262	0.013094	0.0186395	0.0209703	0.0418162	0.0285582	0.0189087	0.0080623	0.0041384	0.0033025	0.00191456	0.00352339	0.00265479	0.00278447	0.00243684	0.00142215	0	0.000563712	0	0	0	0	-6.16124e-06	-6.16211e-06	0	0	0	-3.69623e-05	0	
0	0	0	0	0	0	0	0	0	0	0	0	0	0	0	0	0	0	0	0	0	0	0	0	0	0	0	0	0	0.000900806	0.281689	0.122702	0.0813538	0.0147154	0.0141613	0.0139634	0.0136677	0.0133463	0.0125841	0.0122756	0.0111938	0.0196753	0.0289372	0.0316672	0.0633792	0.0436292	0.0288683	0.0122753	0.00654876	0.0037712	0.0041482	0.00490129	0.00411887	0.00472387	0.00318541	0.00190637	0.000591052	3.67863e-06	0.00024448	0.000130914	0	0	0	-2.55831e-05	-2.37048e-05	0	0	-1.48239e-05	0	
0	0	0	0	0	0	0	0	0	0	0	0	0	0	0	0	0	0	0	0	0	0	0	0	0	0	0	0	0	0	0.00405581	0.199287	0.135519	0.0191554	0.0174124	0.0170966	0.0166357	0.016017	0.0155424	0.0155823	0.0146114	0.0263765	0.0401628	0.0454058	0.0907651	0.0621337	0.0406285	0.017423	0.00980086	0.00534002	0.00477471	0.00773623	0.00582055	0.00676651	0.00437885	0.00282511	0.000934164	3.56454e-05	0	0.000193196	3.62031e-05	0	0	0	-8.03756e-05	0	0	-3.12933e-05	0	
0	0	0	0	0	0	0	0	0	0	0	0	0	0	0	0	0	0	0	0	0	0	0	0	0	0	0	0	0	0	-2.43669e-07	0.00618604	0.194398	0.0346573	0.0296931	0.0277456	0.0249543	0.0220288	0.0200979	0.0196251	0.0176503	0.0296476	0.0420817	0.0499387	0.110044	0.0753872	0.050879	0.0217513	0.0103123	0.00713442	0.00669519	0.00874626	0.0075074	0.00747084	0.00618313	0.00335328	0.000284578	0.000753849	0	0	0.000129306	0	0	0	-5.83036e-05	-4.09426e-05	0	-2.94135e-05	0	
0	0	0	0	0	0	0	0	0	0	0	0	0	0	0	0	0	0	0	0	0	0	0	0	0	0	0	0	0	0	0	-1.73547e-06	0.0277059	0.0958919	0.0459963	0.0374159	0.0359493	0.0326359	0.0251343	0.0234197	0.0201568	0.0384552	0.0476933	0.0531888	0.113539	0.0880172	0.0575867	0.0187723	0.0166078	0.00753686	0.00700806	0.00633146	0.0113161	0.00874686	0.00597705	0.00205224	0.00146454	0.000649465	0	0	9.97632e-05	0	0	0	0	5.3142e-06	0	2.53481e-05	0	
0	0	0	0	0	0	0	0	0	0	0	0	0	0	0	0	0	0	0	0	0	0	0	0	0	0	0	0	0	0	0	-1.25999e-06	0.00848118	0.0205146	0.0963797	0.0463377	0.0391435	0.0336659	0.0323399	0.0251422	0.0221666	0.0400614	0.0522914	0.0575155	0.115465	0.0862955	0.0580156	0.0274739	0.0127889	0.00864492	0.00808279	0.00859909	0.0113058	0.00837208	0.00511213	0.00331251	0.00132746	0.00060773	0	0	0.000142946	0	0	0	0	-0.000112015	0	-0.000127971	0	
0	0	0	0	0	0	0	0	0	0	0	0	0	0	0	0	0	0	0	0	0	0	0	0	0	0	0	0	0	0	0	0	0.00222112	0.0069287	0.0207131	0.0991497	0.0462866	0.0398869	0.0332154	0.0328486	0.0239634	0.0407101	0.058209	0.0570631	0.120249	0.0897805	0.0612475	0.0262451	0.01116	0.00785238	0.0075966	0.0134029	0.00580442	0.0100822	0.0070853	0.00458601	0.00127913	0.000702179	0	0	0.000189836	0	0	0	0	-3.7553e-05	0	9.76622e-06	0	
0	0	0	0	0	0	0	0	0	0	0	0	0	0	0	0	0	0	0	0	0	0	0	0	0	0	0	0	0	0	0	-3.6108e-07	0.0012449	0.00100376	0.00681786	0.021027	0.10217	0.0454212	0.0390474	0.0352311	0.0299633	0.0440574	0.0609191	0.0616274	0.118568	0.0963538	0.0626301	0.0253028	0.017708	0.00807516	0.00746718	0.0122051	0.00660435	0.00953991	0.00715143	0.00472599	0.00123707	0.000706885	0	0	0.000183371	1.36706e-06	0	0	0	-4.43558e-05	0	-0.000103836	0	
0	0	0	0	0	0	0	0	0	0	0	0	0	0	0	0	0	0	0	0	0	0	0	0	0	0	0	0	0	0	0	0	-2.35782e-06	0.00147864	0.000790216	0.00753944	0.0221916	0.102316	0.0454631	0.0384342	0.0344561	0.052239	0.063601	0.0669339	0.123667	0.0955503	0.0658074	0.0297614	0.0125506	0.0110963	0.00956063	0.00682414	0.0119348	0.00956197	0.00718668	0.00440244	0.00120735	0.000559309	0	0	0	5.98325e-05	0	0	0	3.36981e-05	0	9.57954e-06	0	
0	0	0	0	0	0	0	0	0	0	0	0	0	0	0	0	0	0	0	0	0	0	0	0	0	0	0	0	0	0	0	0	-1.22093e-05	1.32204e-06	0.00166669	0.000600633	0.00852046	0.0226139	0.101483	0.0488619	0.0338046	0.0625232	0.0704318	0.0703418	0.131395	0.0972119	0.0662631	0.0269152	0.0161672	0.00857401	0.00885333	0.0133875	0.0122538	0.00970795	0.00691644	0.00437196	0.00114357	0.000327957	0.000303598	0	0	-7.89646e-05	0	0	0	-0.000149197	0	1.95731e-06	0	
0	0	0	0	0	0	0	0	0	0	0	0	0	0	0	0	0	0	0	0	0	0	0	0	0	0	0	0	0	0	0	0	-9.8537e-07	-7.67409e-06	-3.10596e-06	0.00188163	0.000401038	0.00890415	0.0228337	0.102899	0.0481097	0.0624589	0.0813085	0.0753776	0.13464	0.0984109	0.0716886	0.0311654	0.0184821	0.00830615	0.00796089	0.014257	0.00891772	0.0123744	0.00680692	0.00441493	0.00112725	0	0.000429242	0	0	-4.85607e-05	0	0	0	-0.000196975	0	-9.06581e-06	0	
0	0	0	0	0	0	0	0	0	0	0	0	0	0	0	0	0	0	0	0	0	0	0	0	0	0	0	0	0	0	0	0	-2.52703e-06	-5.34023e-06	-5.65006e-06	-7.25784e-06	0.00212907	0.000199387	0.00916293	0.0254549	0.100565	0.0776687	0.0911487	0.0801709	0.146255	0.0989708	0.0725635	0.0310027	0.0132537	0.0136162	0.0105432	0.0109631	0.00929811	0.014592	0.0075536	0.00453725	0.00140633	0	0.000631133	0	0	-0.000212455	0	0	0	-0.000135074	0	-5.36469e-05	0	
0	0	0	0	0	0	0	0	0	0	0	0	0	0	0	0	0	0	0	0	0	0	0	0	0	0	0	0	0	0	0	0	0	-1.00169e-06	-1.84083e-06	-7.08223e-06	0.000109998	0.00129005	0.00119399	0.00567187	0.017377	0.136792	0.107325	0.092342	0.155511	0.101206	0.0765847	0.0320661	0.0189138	0.00887649	0.00927911	0.0138977	0.0130142	0.0103592	0.0107546	0.00473751	0.00126142	0	0.000576595	0	0	3.35028e-05	0	0	0	-5.91748e-05	0	-4.56078e-07	5.71102e-07	
0	0	0	0	0	0	0	0	0	0	0	0	0	0	0	0	0	0	0	0	0	0	0	0	0	0	0	0	0	0	0	0	0	0	-9.94065e-07	-3.93791e-07	-1.78084e-06	-3.68288e-06	0.000409123	0.000815857	0.00216357	0.0165036	0.169674	0.122479	0.180519	0.11001	0.0776458	0.0358679	0.0186611	0.0122393	0.0107619	0.0144881	0.0122433	0.0148192	0.00787599	0.00639729	0.00170285	7.03887e-05	0.000542997	0	0	-3.33551e-05	0	0	0	-8.43051e-05	0	0	-4.71889e-05	
0	0	0	0	0	0	0	0	0	0	0	0	0	0	0	0	0	0	0	0	0	0	0	0	0	0	0	0	0	0	0	0	0	0	0	0	-9.77142e-07	-4.20569e-07	-2.43247e-06	-4.40024e-06	-5.61074e-06	0.00111869	0.0169682	0.193867	0.234292	0.132559	0.0820498	0.036775	0.021091	0.0131483	0.0124493	0.0161579	0.0138965	0.0145076	0.0121423	0.00530018	0.00176721	0.00114919	0.000322397	0.000248144	0	3.53798e-06	2.38335e-05	0	0	-4.55491e-05	0	0	-2.08575e-05	
0	0	0	0	0	0	0	0	0	0	0	0	0	0	0	0	0	0	0	0	0	0	0	0	0	0	0	0	0	0	0	0	0	0	0	0	0	0	-3.87116e-08	-2.86487e-07	-9.25909e-08	-2.437e-06	0.000351978	0.00819754	0.307352	0.193921	0.113857	0.0448376	0.023898	0.014029	0.0136591	0.0190791	0.0165627	0.0183287	0.0126517	0.00818464	0.0022811	0.000822868	9.6174e-05	0.000453925	2.01023e-05	0	4.37673e-05	0	0	-1.78885e-06	-0.000131992	0	-1.79781e-05	
0	0	0	0	0	0	0	0	0	0	0	0	0	0	0	0	0	0	0	0	0	0	0	0	0	0	0	0	0	0	0	0	0	0	0	0	0	0	0	0	0	0	-1.16126e-07	-1.18753e-06	0.0125376	0.333419	0.191483	0.071264	0.038062	0.0229908	0.0207021	0.0263153	0.0205661	0.0211466	0.0134543	0.00824455	0.00170884	0.000709282	0.00040959	0	4.19061e-05	0	-6.66223e-05	-0.000376596	0	0	-0.000202751	0	-2.82081e-05	
0	0	0	0	0	0	0	0	0	0	0	0	0	0	0	0	0	0	0	0	0	0	0	0	0	0	0	0	0	0	0	0	0	0	0	0	0	0	0	0	0	0	0	0	-8.1036e-06	0.0183335	0.361383	0.126368	0.0602441	0.0345839	0.0319955	0.0422966	0.0369899	0.0374365	0.0213771	0.00854492	0.000614036	-0.000570317	-0.000247327	-0.00094514	-0.00112895	-0.00028925	0	-0.00143903	0	0	-0.000476197	0	-8.14671e-05	
0	0	0	0	0	0	0	0	0	0	0	0	0	0	0	0	0	0	0	0	0	0	0	0	0	0	0	0	0	0	0	0	0	0	0	0	0	0	0	0	0	0	0	0	0	0.000484007	0.0396321	0.32045	0.0999162	0.0550635	0.0501363	0.0614003	0.0490358	0.0513518	0.03766	0.0160727	0.00225433	-0.000160979	-0.000857965	-0.00119502	-0.000236672	-0.0018976	0	-0.000831566	-0.00137917	0	-0.000771195	0	-0.000122367	
0	0	0	0	0	0	0	0	0	0	0	0	0	0	0	0	0	0	0	0	0	0	0	0	0	0	0	0	0	0	0	0	0	0	0	0	0	0	0	0	0	0	0	0	0	-4.87795e-06	0.00643669	0.0559455	0.290895	0.0874681	0.0571551	0.0847712	0.0654862	0.0632175	0.0419116	0.0259486	0.00369186	0.000185684	-0.000495047	-0.000487907	-0.00124843	-0.00175189	-3.65887e-05	0	-0.00213951	0	-0.000667933	-9.29828e-05	-0.000118046	
0	0	0	0	0	0	0	0	0	0	0	0	0	0	0	0	0	0	0	0	0	0	0	0	0	0	0	0	0	0	0	0	0	0	0	0	0	0	0	0	0	0	0	0	0	0	0.00137629	0.0160838	0.0672747	0.261135	0.104747	0.0875733	0.0852146	0.0747685	0.0491927	0.0276136	0.00747843	0.000818562	-0.000447099	-0.000896122	-0.00129352	0	-0.00163971	0	-0.00194191	0	0	-0.000788678	-0.000106399	
0	0	0	0	0	0	0	0	0	0	0	0	0	0	0	0	0	0	0	0	0	0	0	0	0	0	0	0	0	0	0	0	0	0	0	0	0	0	0	0	0	0	0	0	0	-2.47749e-07	0.00145374	0.00655382	0.0189732	0.0601876	0.276344	0.137886	0.0893973	0.0952886	0.056674	0.0270363	0.00939732	0.0027994	0.000291814	-0.000995045	-0.00121734	-0.000281755	-0.00178098	0	-0.0017657	-0.000102638	0	-0.000647116	-8.03765e-05	
0	0	0	0	0	0	0	0	0	0	0	0	0	0	0	0	0	0	0	0	0	0	0	0	0	0	0	0	0	0	0	0	0	0	0	0	0	0	0	0	0	0	0	0	0	0	9.83401e-05	0.00206441	0.00705595	0.01382	0.0463614	0.348919	0.126435	0.116028	0.0717407	0.0357262	0.00612111	0.00242973	0.00117762	0.000716612	0.000240244	-0.000696198	-0.00125459	-0.000298139	0	-0.0020642	0	-0.000689027	-0.000104069	
0	0	0	0	0	0	0	0	0	0	0	0	0	0	0	0	0	0	0	0	0	0	0	0	0	0	0	0	0	0	0	0	0	0	0	0	0	0	0	0	0	0	0	0	0	0	-2.24124e-06	0.00113467	0.00132874	0.00438858	0.00855025	0.0566352	0.378968	0.161247	0.10304	0.0485781	0.00940719	0.00186986	-0.00013972	-0.000765083	-0.00127317	-0.000271953	-0.000444997	-0.000653706	0	-0.00105996	0	-0.000543724	-0.000104598	
0	0	0	0	0	0	0	0	0	0	0	0	0	0	0	0	0	0	0	0	0	0	0	0	0	0	0	0	0	0	0	0	0	0	0	0	0	0	0	0	0	0	0	0	0	0	-6.27334e-08	-4.26735e-06	0.000790636	0.000298195	0.00242497	0.00912979	0.0449288	0.462456	0.151364	0.0822296	0.0162218	0.00400864	0.000804975	-0.000398868	-0.00106596	-0.00127895	-0.00180226	-0.00214283	-2.08267e-05	-0.00236664	0	-0.000700558	-9.35371e-05	
0	0	0	0	0	0	0	0	0	0	0	0	0	0	0	0	0	0	0	0	0	0	0	0	0	0	0	0	0	0	0	0	0	0	0	0	0	0	0	0	0	0	0	0	0	0	0	-2.13655e-07	-1.16334e-06	0.000220994	0.000509267	0.0013626	0.00644633	0.0488345	0.525929	0.138633	0.0332546	0.0125085	0.00370554	0.000603086	-0.00116751	-0.00186523	-0.00144097	-0.00131959	-0.00237798	-0.000642104	-0.00184586	-0.000848122	-0.000127054	
0	0	0	0	0	0	0	0	0	0	0	0	0	0	0	0	0	0	0	0	0	0	0	0	0	0	0	0	0	0	0	0	0	0	0	0	0	0	0	0	0	0	0	0	0	0	0	0	-1.84746e-08	-4.30806e-08	-4.83959e-07	0.000387891	0.000575569	0.00623963	0.0444275	0.603981	0.0842904	0.00986111	0.00573746	0.00397243	0.00201797	-3.5986e-05	-0.00104821	-0.00174135	-0.00188006	-0.00160902	-0.00281123	-0.000968842	-0.000143403	
0	0	0	0	0	0	0	0	0	0	0	0	0	0	0	0	0	0	0	0	0	0	0	0	0	0	0	0	0	0	0	0	0	0	0	0	0	0	0	0	0	0	0	0	0	0	0	0	0	0	-2.56145e-09	-1.71661e-07	0.000339205	0.00109122	0.0082057	0.0766919	0.56896	0.106613	-0.000775067	-0.003994	-0.00334426	-0.00267559	-0.00236743	-0.00157343	-0.00187119	-0.00222302	-0.00178829	-0.00136698	-0.000919251	
0	0	0	0	0	0	0	0	0	0	0	0	0	0	0	0	0	0	0	0	0	0	0	0	0	0	0	0	0	0	0	0	0	0	0	0	0	0	0	0	0	0	0	0	0	0	0	0	0	0	0	-1.10184e-08	2.02749e-05	0.000142268	0.00265334	0.00868851	0.103427	0.530581	0.125251	0.000832263	-0.0120324	-0.0081967	-0.00630097	-0.00373936	-0.00337022	-0.00309692	-0.00285448	-0.00247433	-0.000883406	
0	0	0	0	0	0	0	0	0	0	0	0	0	0	0	0	0	0	0	0	0	0	0	0	0	0	0	0	0	0	0	0	0	0	0	0	0	0	0	0	0	0	0	0	0	0	0	0	0	0	0	0	-4.96517e-08	6.1507e-05	0.000711569	0.00557935	-0.000872825	0.139708	0.478529	0.148523	-0.00272904	-0.0159173	-0.00754944	-0.00687052	-0.00634124	-0.00436921	-0.00430744	-0.0037139	-0.00119745	
0	0	0	0	0	0	0	0	0	0	0	0	0	0	0	0	0	0	0	0	0	0	0	0	0	0	0	0	0	0	0	0	0	0	0	0	0	0	0	0	0	0	0	0	0	0	0	0	0	0	0	-1.53624e-08	0	-3.81535e-05	0.000282388	0.00336897	-0.00433	7.97803e-05	0.138691	0.476508	0.155685	-0.0104503	-0.0112825	-0.0185928	-0.00827288	-0.00678534	-0.000611271	-0.00493103	-0.00173053	
0	0	0	0	0	0	0	0	0	0	0	0	0	0	0	0	0	0	0	0	0	0	0	0	0	0	0	0	0	0	0	0	0	0	0	0	0	0	0	0	0	0	0	0	0	0	0	0	0	0	0	0	0	-0.000133073	-6.50899e-05	0.00151423	-0.00323752	-0.00997213	-0.00195214	0.131301	0.502212	0.137321	-0.00964186	-0.0241772	-0.0128742	-0.0106267	-0.00776319	-0.000210882	-0.00237769	
0	0	0	0	0	0	0	0	0	0	0	0	0	0	0	0	0	0	0	0	0	0	0	0	0	0	0	0	0	0	0	0	0	0	0	0	0	0	0	0	0	0	0	0	0	0	0	0	0	0	0	0	0	-0.000220742	-4.21018e-06	5.12511e-05	-0.0021726	-0.00795843	-0.0131431	-0.00930991	0.141415	0.494768	0.127112	-0.00683922	-0.0293132	-0.0161666	-0.0121374	-0.00291949	-0.000863574	
0	0	0	0	0	0	0	0	0	0	0	0	0	0	0	0	0	0	0	0	0	0	0	0	0	0	0	0	0	0	0	0	0	0	0	0	0	0	0	0	0	0	0	0	0	0	0	0	0	0	0	0	0	-2.84963e-05	-0.000276363	-0.00110942	-0.00289106	-0.00663688	-0.00953782	-0.0170091	-0.0141705	0.169187	0.431945	0.154643	-0.0155028	-0.0353784	-0.0184111	-0.00475741	-0.000706801	
0	0	0	0	0	0	0	0	0	0	0	0	0	0	0	0	0	0	0	0	0	0	0	0	0	0	0	0	0	0	0	0	0	0	0	0	0	0	0	0	0	0	0	0	0	0	0	0	0	0	0	0	0	0	-0.000382945	-0.00142863	-0.0013692	-0.00443554	-0.00746541	-0.0147415	-0.0273967	-0.00871428	0.15182	0.450888	0.135543	-0.0338792	-0.0381338	-0.00731757	-0.00103623	
0	0	0	0	0	0	0	0	0	0	0	0	0	0	0	0	0	0	0	0	0	0	0	0	0	0	0	0	0	0	0	0	0	0	0	0	0	0	0	0	0	0	0	0	0	0	0	0	0	0	0	0	0	0	-0.000432361	-0.00172697	-0.00217037	-0.00511357	-0.00795424	-0.00732315	-0.0195621	-0.0351388	-0.0166157	0.136515	0.473602	0.107944	-0.0476785	-0.0298492	-0.00167385	
0	0	0	0	0	0	0	0	0	0	0	0	0	0	0	0	0	0	0	0	0	0	0	0	0	0	0	0	0	0	0	0	0	0	0	0	0	0	0	0	0	0	0	0	0	0	0	0	0	0	0	0	0	0	-0.000496758	-0.00210275	-0.00302205	-0.0054774	-0.000925346	-0.00964751	-0.0155838	-0.0236906	-0.03258	-0.0350492	0.11503	0.492997	0.0673966	-0.0556251	-0.0116023	
0	0	0	0	0	0	0	0	0	0	0	0	0	0	0	0	0	0	0	0	0	0	0	0	0	0	0	0	0	0	0	0	0	0	0	0	0	0	0	0	0	0	0	0	0	0	0	0	0	0	0	0	0	0	-0.000529238	-0.00236983	-0.00381843	-8.55062e-05	-0.00671348	-0.0101243	-0.00386434	-0.0131344	-0.0262766	-0.0376919	-0.0589538	0.0770822	0.506994	0.0114372	-0.0352161	
0	0	0	0	0	0	0	0	0	0	0	0	0	0	0	0	0	0	0	0	0	0	0	0	0	0	0	0	0	0	0	0	0	0	0	0	0	0	0	0	0	0	0	0	0	0	0	0	0	0	0	0	0	0	-0.000542174	-0.00245389	-0.00436648	-2.88012e-05	-0.00651734	-0.00962967	-0.000478006	-0.0139008	-0.00374312	-0.0216156	-0.0478187	-0.0873663	0.0233207	0.501824	-0.0340611	
0	0	0	0	0	0	0	0	0	0	0	0	0	0	0	0	0	0	0	0	0	0	0	0	0	0	0	0	0	0	0	0	0	0	0	0	0	0	0	0	0	0	0	0	0	0	0	0	0	0	0	0	0	0	-0.000455734	-0.00211162	-0.00431131	-0.000933818	-0.00464776	-0.00704591	-0.00700233	-0.00649903	-0.0110102	-0.00502914	-0.0219966	-0.0362395	-0.126884	-0.0786815	0.456041	  ); 
scatteringMultiplicity ( 
1	1	1	1	1	1	1	1	1	1	1	1	1	1	1	1	1	1	1	1	1	1	1	1	1	1	1	1	1	1	1	1	1	1	1	1	1	1	1	1	1	1	1	1	1	1	1	1	1	1	1	1	1	1	1	1	1	1	1	1	1	1	1	1	1	1	1	1	1	
1	1	1	1	1	1	1	1	1	1	1	1	1	1	1	1	1	1	1	1	1	1	1	1	1	1	1	1	1	1	1	1	1	1	1	1	1	1	1	1	1	1	1	1	1	1	1	1	1	1	1	1	1	1	1	1	1	1	1	1	1	1	1	1	1	1	1	1	1	
1	1	1	1	1	1	1	1	1	1	1	1	1	1	1	1	1	1	1	1	1	1	1	1	1	1	1	1	1	1	1	1	1	1	1	1	1	1	1	1	1	1	1	1	1	1	1	1	1	1	1	1	1	1	1	1	1	1	1	1	1	1	1	1	1	1	1	1	1	
1	1	1	1	1	1	1	1	1	1	1	1	1	1	1	1	1	1	1	1	1	1	1	1	1	1	1	1	1	1	1	1	1	1	1	1	1	1	1	1	1	1	1	1	1	1	1	1	1	1	1	1	1	1	1	1	1	1	1	1	1	1	1	1	1	1	1	1	1	
1	1	1	1	1	1	1	1	1	1	1	1	1	1	1	1	1	1	1	1	1	1	1	1	1	1	1	1	1	1	1	1	1	1	1	1	1	1	1	1	1	1	1	1	1	1	1	1	1	1	1	1	1	1	1	1	1	1	1	1	1	1	1	1	1	1	1	1	1	
1	1	1	1	1	1	1	1	1	1	1	1	1	1	1	1	1	1	1	1	1	1	1	1	1	1	1	1	1	1	1	1	1	1	1	1	1	1	1	1	1	1	1	1	1	1	1	1	1	1	1	1	1	1	1	1	1	1	1	1	1	1	1	1	1	1	1	1	1	
1	1	1	1	1	1	1	1	1	1	1	1	1	1	1	1	1	1	1	1	1	1	1	1	1	1	1	1	1	1	1	1	1	1	1	1	1	1	1	1	1	1	1	1	1	1	1	1	1	1	1	1	1	1	1	1	1	1	1	1	1	1	1	1	1	1	1	1	1	
1	1	1	1	1	1	1	1	1	1	1	1	1	1	1	1	1	1	1	1	1	1	1	1	1	1	1	1	1	1	1	1	1	1	1	1	1	1	1	1	1	1	1	1	1	1	1	1	1	1	1	1	1	1	1	1	1	1	1	1	1	1	1	1	1	1	1	1	1	
1	1	1	1	1	1	1	1	1	1	1	1	1	1	1	1	1	1	1	1	1	1	1	1	1	1	1	1	1	1	1	1	1	1	1	1	1	1	1	1	1	1	1	1	1	1	1	1	1	1	1	1	1	1	1	1	1	1	1	1	1	1	1	1	1	1	1	1	1	
1	1	1	1	1	1	1	1	1	1	1	1	1	1	1	1	1	1	1	1	1	1	1	1	1	1	1	1	1	1	1	1	1	1	1	1	1	1	1	1	1	1	1	1	1	1	1	1	1	1	1	1	1	1	1	1	1	1	1	1	1	1	1	1	1	1	1	1	1	
1	1	1	1	1	1	1	1	1	1	1	1	1	1	1	1	1	1	1	1	1	1	1	1	1	1	1	1	1	1	1	1	1	1	1	1	1	1	1	1	1	1	1	1	1	1	1	1	1	1	1	1	1	1	1	1	1	1	1	1	1	1	1	1	1	1	1	1	1	
1	1	1	1	1	1	1	1	1	1	1	1	1	1	1	1	1	1	1	1	1	1	1	1	1	1	1	1	1	1	1	1	1	1	1	1	1	1	1	1	1	1	1	1	1	1	1	1	1	1	1	1	1	1	1	1	1	1	1	1	1	1	1	1	1	1	1	1	1	
1	1	1	1	1	1	1	1	1	1	1	1	1	1	1	1	1	1	1	1	1	1	1	1	1	1	1	1	1	1	1	1	1	1	1	1	1	1	1	1	1	1	1	1	1	1	1	1	1	1	1	1	1	1	1	1	1	1	1	1	1	1	1	1	1	1	1	1	1	
1	1	1	1	1	1	1	1	1	1	1	1	1	1	1	1	1	1	1	1	1	1	1	1	1	1	1	1	1	1	1	1	1	1	1	1	1	1	1	1	1	1	1	1	1	1	1	1	1	1	1	1	1	1	1	1	1	1	1	1	1	1	1	1	1	1	1	1	1	
1	1	1	1	1	1	1	1	1	1	1	1	1	1	1	1	1	1	1	1	1	1	1	1	1	1	1	1	1	1	1	1	1	1	1	1	1	1	1	1	1	1	1	1	1	1	1	1	1	1	1	1	1	1	1	1	1	1	1	1	1	1	1	1	1	1	1	1	1	
1	1	1	1	1	1	1	1	1	1	1	1	1	1	1	1	1	1	1	1	1	1	1	1	1	1	1	1	1	1	1	1	1	1	1	1	1	1	1	1	1	1	1	1	1	1	1	1	1	1	1	1	1	1	1	1	1	1	1	1	1	1	1	1	1	1	1	1	1	
1	1	1	1	1	1	1	1	1	1	1	1	1	1	1	1	1	1	1	1	1	1	1	1	1	1	1	1	1	1	1	1	1	1	1	1	1	1	1	1	1	1	1	1	1	1	1	1	1	1	1	1	1	1	1	1	1	1	1	1	1	1	1	1	1	1	1	1	1	
1	1	1	1	1	1	1	1	1	1	1	1	1	1	1	1	1	1	1	1	1	1	1	1	1	1	1	1	1	1	1	1	1	1	1	1	1	1	1	1	1	1	1	1	1	1	1	1	1	1	1	1	1	1	1	1	1	1	1	1	1	1	1	1	1	1	1	1	1	
1	1	1	1	1	1	1	1	1	1	1	1	1	1	1	1	1	1	1	1	1	1	1	1	1	1	1	1	1	1	1	1	1	1	1	1	1	1	1	1	1	1	1	1	1	1	1	1	1	1	1	1	1	1	1	1	1	1	1	1	1	1	1	1	1	1	1	1	1	
1	1	1	1	1	1	1	1	1	1	1	1	1	1	1	1	1	1	1	1	1	1	1	1	1	1	1	1	1	1	1	1	1	1	1	1	1	1	1	1	1	1	1	1	1	1	1	1	1	1	1	1	1	1	1	1	1	1	1	1	1	1	1	1	1	1	1	1	1	
1	1	1	1	1	1	1	1	1	1	1	1	1	1	1	1	1	1	1	1	1	1	1	1	1	1	1	1	1	1	1	1	1	1	1	1	1	1	1	1	1	1	1	1	1	1	1	1	1	1	1	1	1	1	1	1	1	1	1	1	1	1	1	1	1	1	1	1	1	
1	1	1	1	1	1	1	1	1	1	1	1	1	1	1	1	1	1	1	1	1	1	1	1	1	1	1	1	1	1	1	1	1	1	1	1	1	1	1	1	1	1	1	1	1	1	1	1	1	1	1	1	1	1	1	1	1	1	1	1	1	1	1	1	1	1	1	1	1	
1	1	1	1	1	1	1	1	1	1	1	1	1	1	1	1	1	1	1	1	1	1	1	1	1	1	1	1	1	1	1	1	1	1	1	1	1	1	1	1	1	1	1	1	1	1	1	1	1	1	1	1	1	1	1	1	1	1	1	1	1	1	1	1	1	1	1	1	1	
1	1	1	1	1	1	1	1	1	1	1	1	1	1	1	1	1	1	1	1	1	1	1	1	1	1	1	1	1	1	1	1	1	1	1	1	1	1	1	1	1	1	1	1	1	1	1	1	1	1	1	1	1	1	1	1	1	1	1	1	1	1	1	1	1	1	1	1	1	
1	1	1	1	1	1	1	1	1	1	1	1	1	1	1	1	1	1	1	1	1	1	1	1	1	1	1	1	1	1	1	1	1	1	1	1	1	1	1	1	1	1	1	1	1	1	1	1	1	1	1	1	1	1	1	1	1	1	1	1	1	1	1	1	1	1	1	1	1	
1	1	1	1	1	1	1	1	1	1	1	1	1	1	1	1	1	1	1	1	1	1	1	1	1	1	1	1	1	1	1	1	1	1	1	1	1	1	1	1	1	1	1	1	1	1	1	1	1	1	1	1	1	1	1	1	1	1	1	1	1	1	1	1	1	1	1	1	1	
1	1	1	1	1	1	1	1	1	1	1	1	1	1	1	1	1	1	1	1	1	1	1	1	1	1	1	1	1	1	1	1	1	1	1	1	1	1	1	1	1	1	1	1	1	1	1	1	1	1	1	1	1	1	1	1	1	1	1	1	1	1	1	1	1	1	1	1	1	
1	1	1	1	1	1	1	1	1	1	1	1	1	1	1	1	1	1	1	1	1	1	1	1	1	1	1	1	1	1	1	1	1	1	1	1	1	1	1	1	1	1	1	1	1	1	1	1	1	1	1	1	1	1	1	1	1	1	1	1	1	1	1	1	1	1	1	1	1	
1	1	1	1	1	1	1	1	1	1	1	1	1	1	1	1	1	1	1	1	1	1	1	1	1	1	1	1	1	1	1	1	1	1	1	1	1	1	1	1	1	1	1	1	1	1	1	1	1	1	1	1	1	1	1	1	1	1	1	1	1	1	1	1	1	1	1	1	1	
1	1	1	1	1	1	1	1	1	1	1	1	1	1	1	1	1	1	1	1	1	1	1	1	1	1	1	1	1	1	1	1	1	1	1	1	1	1	1	1	1	1	1	1	1	1	1	1	1	1	1	1	1	1	1	1	1	1	1	1	1	1	1	1	1	1	1	1	1	
1	1	1	1	1	1	1	1	1	1	1	1	1	1	1	1	1	1	1	1	1	1	1	1	1	1	1	1	1	1	1	1	1	1	1	1	1	1	1	1	1	1	1	1	1	1	1	1	1	1	1	1	1	1	1	1	1	1	1	1	1	1	1	1	1	1	1	1	1	
1	1	1	1	1	1	1	1	1	1	1	1	1	1	1	1	1	1	1	1	1	1	1	1	1	1	1	1	1	1	1	1	1	1	1	1	1	1	1	1	1	1	1	1	1	1	1	1	1	1	1	1	1	1	1	1	1	1	1	1	1	1	1	1	1	1	1	1	1	
1	1	1	1	1	1	1	1	1	1	1	1	1	1	1	1	1	1	1	1	1	1	1	1	1	1	1	1	1	1	1	1	1	1	1	1	1	1	1	1	1	1	1	1	1	1	1	1	1	1	1	1	1	1	1	1	1	1	1	1	1	1	1	1	1	1	1	1	1	
1	1	1	1	1	1	1	1	1	1	1	1	1	1	1	1	1	1	1	1	1	1	1	1	1	1	1	1	1	1	1	1	1	1	1	1	1	1	1	1	1	1	1	1	1	1	1	1	1	1	1	1	1	1	1	1	1	1	1	1	1	1	1	1	1	1	1	1	1	
1	1	1	1	1	1	1	1	1	1	1	1	1	1	1	1	1	1	1	1	1	1	1	1	1	1	1	1	1	1	1	1	1	1	1	1	1	1	1	1	1	1	1	1	1	1	1	1	1	1	1	1	1	1	1	1	1	1	1	1	1	1	1	1	1	1	1	1	1	
1	1	1	1	1	1	1	1	1	1	1	1	1	1	1	1	1	1	1	1	1	1	1	1	1	1	1	1	1	1	1	1	1	1	1	1	1	1	1	1	1	1	1	1	1	1	1	1	1	1	1	1	1	1	1	1	1	1	1	1	1	1	1	1	1	1	1	1	1	
1	1	1	1	1	1	1	1	1	1	1	1	1	1	1	1	1	1	1	1	1	1	1	1	1	1	1	1	1	1	1	1	1	1	1	1	1	1	1	1	1	1	1	1	1	1	1	1	1	1	1	1	1	1	1	1	1	1	1	1	1	1	1	1	1	1	1	1	1	
1	1	1	1	1	1	1	1	1	1	1	1	1	1	1	1	1	1	1	1	1	1	1	1	1	1	1	1	1	1	1	1	1	1	1	1	1	1	1	1	1	1	1	1	1	1	1	1	1	1	1	1	1	1	1	1	1	1	1	1	1	1	1	1	1	1	1	1	1	
1	1	1	1	1	1	1	1	1	1	1	1	1	1	1	1	1	1	1	1	1	1	1	1	1	1	1	1	1	1	1	1	1	1	1	1	1	1	1	1	1	1	1	1	1	1	1	1	1	1	1	1	1	1	1	1	1	1	1	1	1	1	1	1	1	1	1	1	1	
1	1	1	1	1	1	1	1	1	1	1	1	1	1	1	1	1	1	1	1	1	1	1	1	1	1	1	1	1	1	1	1	1	1	1	1	1	1	1	1	1	1	1	1	1	1	1	1	1	1	1	1	1	1	1	1	1	1	1	1	1	1	1	1	1	1	1	1	1	
1	1	1	1	1	1	1	1	1	1	1	1	1	1	1	1	1	1	1	1	1	1	1	1	1	1	1	1	1	1	1	1	1	1	1	1	1	1	1	1	1	1	1	1	1	1	1	1	1	1	1	1	1	1	1	1	1	1	1	1	1	1	1	1	1	1	1	1	1	
1	1	1	1	1	1	1	1	1	1	1	1	1	1	1	1	1	1	1	1	1	1	1	1	1	1	1	1	1	1	1	1	1	1	1	1	1	1	1	1	1	1	1	1	1	1	1	1	1	1	1	1	1	1	1	1	1	1	1	1	1	1	1	1	1	1	1	1	1	
1	1	1	1	1	1	1	1	1	1	1	1	1	1	1	1	1	1	1	1	1	1	1	1	1	1	1	1	1	1	1	1	1	1	1	1	1	1	1	1	1	1	1	1	1	1	1	1	1	1	1	1	1	1	1	1	1	1	1	1	1	1	1	1	1	1	1	1	1	
1	1	1	1	1	1	1	1	1	1	1	1	1	1	1	1	1	1	1	1	1	1	1	1	1	1	1	1	1	1	1	1	1	1	1	1	1	1	1	1	1	1	1	1	1	1	1	1	1	1	1	1	1	1	1	1	1	1	1	1	1	1	1	1	1	1	1	1	1	
1	1	1	1	1	1	1	1	1	1	1	1	1	1	1	1	1	1	1	1	1	1	1	1	1	1	1	1	1	1	1	1	1	1	1	1	1	1	1	1	1	1	1	1	1	1	1	1	1	1	1	1	1	1	1	1	1	1	1	1	1	1	1	1	1	1	1	1	1	
1	1	1	1	1	1	1	1	1	1	1	1	1	1	1	1	1	1	1	1	1	1	1	1	1	1	1	1	1	1	1	1	1	1	1	1	1	1	1	1	1	1	1	1	1	1	1	1	1	1	1	1	1	1	1	1	1	1	1	1	1	1	1	1	1	1	1	1	1	
1	1	1	1	1	1	1	1	1	1	1	1	1	1	1	1	1	1	1	1	1	1	1	1	1	1	1	1	1	1	1	1	1	1	1	1	1	1	1	1	1	1	1	1	1	1	1	1	1	1	1	1	1	1	1	1	1	1	1	1	1	1	1	1	1	1	1	1	1	
1	1	1	1	1	1	1	1	1	1	1	1	1	1	1	1	1	1	1	1	1	1	1	1	1	1	1	1	1	1	1	1	1	1	1	1	1	1	1	1	1	1	1	1	1	1	1	1	1	1	1	1	1	1	1	1	1	1	1	1	1	1	1	1	1	1	1	1	1	
1	1	1	1	1	1	1	1	1	1	1	1	1	1	1	1	1	1	1	1	1	1	1	1	1	1	1	1	1	1	1	1	1	1	1	1	1	1	1	1	1	1	1	1	1	1	1	1	1	1	1	1	1	1	1	1	1	1	1	1	1	1	1	1	1	1	1	1	1	
1	1	1	1	1	1	1	1	1	1	1	1	1	1	1	1	1	1	1	1	1	1	1	1	1	1	1	1	1	1	1	1	1	1	1	1	1	1	1	1	1	1	1	1	1	1	1	1	1	1	1	1	1	1	1	1	1	1	1	1	1	1	1	1	1	1	1	1	1	
1	1	1	1	1	1	1	1	1	1	1	1	1	1	1	1	1	1	1	1	1	1	1	1	1	1	1	1	1	1	1	1	1	1	1	1	1	1	1	1	1	1	1	1	1	1	1	1	1	1	1	1	1	1	1	1	1	1	1	1	1	1	1	1	1	1	1	1	1	
1	1	1	1	1	1	1	1	1	1	1	1	1	1	1	1	1	1	1	1	1	1	1	1	1	1	1	1	1	1	1	1	1	1	1	1	1	1	1	1	1	1	1	1	1	1	1	1	1	1	1	1	1	1	1	1	1	1	1	1	1	1	1	1	1	1	1	1	1	
1	1	1	1	1	1	1	1	1	1	1	1	1	1	1	1	1	1	1	1	1	1	1	1	1	1	1	1	1	1	1	1	1	1	1	1	1	1	1	1	1	1	1	1	1	1	1	1	1	1	1	1	1	1	1	1	1	1	1	1	1	1	1	1	1	1	1	1	1	
1	1	1	1	1	1	1	1	1	1	1	1	1	1	1	1	1	1	1	1	1	1	1	1	1	1	1	1	1	1	1	1	1	1	1	1	1	1	1	1	1	1	1	1	1	1	1	1	1	1	1	1	1	1	1	1	1	1	1	1	1	1	1	1	1	1	1	1	1	
1	1	1	1	1	1	1	1	1	1	1	1	1	1	1	1	1	1	1	1	1	1	1	1	1	1	1	1	1	1	1	1	1	1	1	1	1	1	1	1	1	1	1	1	1	1	1	1	1	1	1	1	1	1	1	1	1	1	1	1	1	1	1	1	1	1	1	1	1	
1	1	1	1	1	1	1	1	1	1	1	1	1	1	1	1	1	1	1	1	1	1	1	1	1	1	1	1	1	1	1	1	1	1	1	1	1	1	1	1	1	1	1	1	1	1	1	1	1	1	1	1	1	1	1	1	1	1	1	1	1	1	1	1	1	1	1	1	1	
1	1	1	1	1	1	1	1	1	1	1	1	1	1	1	1	1	1	1	1	1	1	1	1	1	1	1	1	1	1	1	1	1	1	1	1	1	1	1	1	1	1	1	1	1	1	1	1	1	1	1	1	1	1	1	1	1	1	1	1	1	1	1	1	1	1	1	1	1	
1	1	1	1	1	1	1	1	1	1	1	1	1	1	1	1	1	1	1	1	1	1	1	1	1	1	1	1	1	1	1	1	1	1	1	1	1	1	1	1	1	1	1	1	1	1	1	1	1	1	1	1	1	1	1	1	1	1	1	1	1	1	1	1	1	1	1	1	1	
1	1	1	1	1	1	1	1	1	1	1	1	1	1	1	1	1	1	1	1	1	1	1	1	1	1	1	1	1	1	1	1	1	1	1	1	1	1	1	1	1	1	1	1	1	1	1	1	1	1	1	1	1	1	1	1	1	1	1	1	1	1	1	1	1	1	1	1	1	
1	1	1	1	1	1	1	1	1	1	1	1	1	1	1	1	1	1	1	1	1	1	1	1	1	1	1	1	1	1	1	1	1	1	1	1	1	1	1	1	1	1	1	1	1	1	1	1	1	1	1	1	1	1	1	1	1	1	1	1	1	1	1	1	1	1	1	1	1	
1	1	1	1	1	1	1	1	1	1	1	1	1	1	1	1	1	1	1	1	1	1	1	1	1	1	1	1	1	1	1	1	1	1	1	1	1	1	1	1	1	1	1	1	1	1	1	1	1	1	1	1	1	1	1	1	1	1	1	1	1	1	1	1	1	1	1	1	1	
1	1	1	1	1	1	1	1	1	1	1	1	1	1	1	1	1	1	1	1	1	1	1	1	1	1	1	1	1	1	1	1	1	1	1	1	1	1	1	1	1	1	1	1	1	1	1	1	1	1	1	1	1	1	1	1	1	1	1	1	1	1	1	1	1	1	1	1	1	
1	1	1	1	1	1	1	1	1	1	1	1	1	1	1	1	1	1	1	1	1	1	1	1	1	1	1	1	1	1	1	1	1	1	1	1	1	1	1	1	1	1	1	1	1	1	1	1	1	1	1	1	1	1	1	1	1	1	1	1	1	1	1	1	1	1	1	1	1	
1	1	1	1	1	1	1	1	1	1	1	1	1	1	1	1	1	1	1	1	1	1	1	1	1	1	1	1	1	1	1	1	1	1	1	1	1	1	1	1	1	1	1	1	1	1	1	1	1	1	1	1	1	1	1	1	1	1	1	1	1	1	1	1	1	1	1	1	1	
1	1	1	1	1	1	1	1	1	1	1	1	1	1	1	1	1	1	1	1	1	1	1	1	1	1	1	1	1	1	1	1	1	1	1	1	1	1	1	1	1	1	1	1	1	1	1	1	1	1	1	1	1	1	1	1	1	1	1	1	1	1	1	1	1	1	1	1	1	
1	1	1	1	1	1	1	1	1	1	1	1	1	1	1	1	1	1	1	1	1	1	1	1	1	1	1	1	1	1	1	1	1	1	1	1	1	1	1	1	1	1	1	1	1	1	1	1	1	1	1	1	1	1	1	1	1	1	1	1	1	1	1	1	1	1	1	1	1	
1	1	1	1	1	1	1	1	1	1	1	1	1	1	1	1	1	1	1	1	1	1	1	1	1	1	1	1	1	1	1	1	1	1	1	1	1	1	1	1	1	1	1	1	1	1	1	1	1	1	1	1	1	1	1	1	1	1	1	1	1	1	1	1	1	1	1	1	1	
1	1	1	1	1	1	1	1	1	1	1	1	1	1	1	1	1	1	1	1	1	1	1	1	1	1	1	1	1	1	1	1	1	1	1	1	1	1	1	1	1	1	1	1	1	1	1	1	1	1	1	1	1	1	1	1	1	1	1	1	1	1	1	1	1	1	1	1	1	
1	1	1	1	1	1	1	1	1	1	1	1	1	1	1	1	1	1	1	1	1	1	1	1	1	1	1	1	1	1	1	1	1	1	1	1	1	1	1	1	1	1	1	1	1	1	1	1	1	1	1	1	1	1	1	1	1	1	1	1	1	1	1	1	1	1	1	1	1	  ); 
