numberOfGroups 69; 
capture ( 0.0046204   0.0015961  1.5126e-05  7.3305e-06  4.9834e-06  7.9841e-06  1.2908e-05  1.8147e-05  2.4885e-05  3.1986e-05  4.1247e-05  5.3863e-05  7.0677e-05  9.2637e-05  0.00012104  0.00015536  0.00019623  0.00024649    0.000309  0.00043726  0.00068919   0.0010214   0.0013526   0.0017415   0.0022976   0.0029656   0.0042215   0.0055127   0.0061475   0.0069118   0.0078876   0.0088905   0.0094978   0.0098722   0.0099892    0.010104    0.010219    0.010331     0.01044    0.010568    0.010701    0.010882    0.011181    0.011638    0.012575    0.014069      0.0157    0.017139    0.018123    0.018831    0.019482    0.020376    0.021656    0.023581    0.026443    0.030765    0.035191    0.038791    0.041986     0.04521    0.048991    0.053472    0.058202    0.063274        0.07    0.079357    0.094005     0.12085     0.19716); 
P0 ( 
0.00941765	0.038192	0.0177498	0.0119287	0.00783346	0.00473592	0.00280612	0.00168281	0.000991861	0.000594313	0.000351372	0.000206508	0.000124969	7.51589e-05	4.74682e-05	2.5747e-05	1.52156e-05	9.88203e-06	5.98263e-06	8.06278e-06	2.99045e-06	1.30029e-06	7.7962e-07	2.59995e-07	1.30173e-07	0	0	0	0	0	0	1.29999e-07	0	0	0	0	0	0	0	0	0	0	0	0	0	0	0	0	0	0	0	0	0	0	0	0	0	0	0	0	0	0	0	0	0	0	0	0	0	
0	0.0163466	0.0509276	0.0226345	0.0138104	0.00836058	0.00518665	0.00312615	0.0018823	0.00114334	0.000697594	0.000426777	0.000255683	0.000152689	9.49392e-05	5.39148e-05	3.31885e-05	2.0336e-05	1.31391e-05	1.50006e-05	5.69249e-06	1.7541e-06	6.8005e-07	7.87766e-07	1.07282e-07	1.79032e-07	1.79105e-07	3.57782e-08	3.58044e-08	0	0	0	0	0	0	3.58761e-08	0	3.59012e-08	0	0	0	0	0	0	3.58358e-08	0	0	0	0	0	0	0	0	0	0	0	0	0	0	0	0	0	0	0	0	0	0	0	0	
0	0	0.0139123	0.0580386	0.0314119	0.0190712	0.0117673	0.00712638	0.00430471	0.00260378	0.00157941	0.000967339	0.000579763	0.000351209	0.000215477	0.00011825	7.59505e-05	4.81944e-05	3.16396e-05	3.36503e-05	1.33958e-05	4.68651e-06	1.75007e-06	1.30756e-06	6.64014e-07	3.41875e-07	3.8221e-07	6.03402e-08	4.02482e-08	4.01667e-08	6.04153e-08	2.01371e-08	2.00922e-08	0	0	0	0	0	0	0	0	0	0	0	0	2.00975e-08	2.01173e-08	0	0	0	0	0	0	0	0	0	0	0	0	0	0	0	0	0	0	0	0	0	0	
0	0	0	-0.0119792	0.0819306	0.0397858	0.0245847	0.0148781	0.00898717	0.00545938	0.00331011	0.00200616	0.00121409	0.000731095	0.000448496	0.000249561	0.000157461	0.000101127	6.56068e-05	6.64653e-05	2.80762e-05	9.41349e-06	2.64557e-06	3.03516e-06	1.72258e-06	9.02249e-07	7.99806e-07	2.04861e-08	2.04774e-08	8.20647e-08	6.15107e-08	2.04814e-08	0	0	0	0	0	0	0	0	0	0	2.05295e-08	4.10081e-08	0	2.05162e-08	2.05203e-08	0	2.05033e-08	2.046e-08	0	0	0	0	0	0	0	0	0	0	0	0	0	0	0	0	0	0	0	
0	0	0	0	-0.0121984	0.119103	0.052859	0.0319694	0.0192855	0.011693	0.00709501	0.0043117	0.0026125	0.00158543	0.000957297	0.000535844	0.000343849	0.000217871	0.000138124	0.000144025	5.71874e-05	1.99122e-05	7.34308e-06	5.19894e-06	3.50749e-06	2.01913e-06	1.56461e-06	2.27087e-07	2.77616e-07	2.27209e-07	1.00969e-07	1.00928e-07	7.57878e-08	0	0	0	0	0	0	0	0	0	0	2.51977e-08	5.05113e-08	0	2.52391e-08	0	0	0	0	2.52513e-08	0	0	0	0	0	0	0	0	0	0	0	0	0	0	0	0	0	
0	0	0	0	0	-0.0373251	0.13009	0.0674026	0.0406198	0.0245854	0.0149721	0.00905153	0.00550913	0.00333492	0.0020307	0.00113592	0.000720498	0.000456321	0.000292536	0.00030373	0.000124171	4.04023e-05	1.59604e-05	1.09652e-05	5.9435e-06	4.2785e-06	3.38184e-06	3.84316e-07	2.04918e-07	1.02447e-07	4.61169e-07	5.12754e-08	2.5622e-08	0	0	2.56295e-08	0	0	0	0	2.55956e-08	5.12433e-08	0	2.55975e-08	5.12219e-08	2.0489e-07	5.1353e-08	5.12172e-08	0	0	2.56025e-08	5.12589e-08	0	0	0	0	0	0	0	0	0	0	0	0	0	0	0	0	0	
0	0	0	0	0	0	-0.0654902	0.186273	0.0888629	0.0539371	0.0326928	0.0198757	0.0120492	0.00726201	0.00443599	0.00249878	0.00158647	0.00100769	0.000639774	0.000661087	0.000269715	8.89705e-05	3.30507e-05	2.45796e-05	1.41073e-05	7.38079e-06	5.78094e-06	4.72689e-07	7.27332e-07	5.45536e-07	6.18384e-07	3.27162e-07	1.81996e-07	0	3.63668e-08	0	0	0	7.2757e-08	1.09019e-07	0	0	7.25868e-08	7.2691e-08	3.27399e-07	1.45454e-07	1.45473e-07	1.08911e-07	0	0	0	7.27224e-08	7.27742e-08	3.63272e-08	0	3.63442e-08	0	0	0	0	0	0	0	0	0	0	0	0	0	
0	0	0	0	0	0	0	-0.131114	0.212262	0.111723	0.0677668	0.0411254	0.0250351	0.0151373	0.00919242	0.00515655	0.00326583	0.00207063	0.00133319	0.00139423	0.000561976	0.000192165	7.14727e-05	5.14629e-05	2.98421e-05	1.53153e-05	1.36964e-05	2.07459e-06	1.70115e-06	1.16223e-06	1.53549e-06	5.39589e-07	3.73437e-07	8.30002e-08	1.65867e-07	8.30167e-08	1.24601e-07	8.30084e-08	0	0	2.07477e-07	8.29721e-08	1.24543e-07	2.49077e-07	3.73701e-07	2.07496e-07	2.07464e-07	1.24553e-07	0	4.15359e-08	0	1.24525e-07	0	1.66037e-07	4.15528e-08	1.24441e-07	8.30211e-08	0	0	4.15238e-08	0	0	0	0	0	0	0	0	0	
0	0	0	0	0	0	0	0	-0.222274	0.259131	0.139844	0.0847511	0.0515363	0.0311725	0.01897	0.0106484	0.00676661	0.00428731	0.00272991	0.00285408	0.00113987	0.000383591	0.000150613	0.000102469	6.04022e-05	3.13713e-05	3.0901e-05	3.37536e-06	4.05099e-06	2.64844e-06	3.01228e-06	1.55814e-06	7.78667e-07	1.03943e-07	1.5572e-07	5.18507e-08	2.07662e-07	5.19121e-08	1.03921e-07	1.0396e-07	1.0383e-07	2.07801e-07	2.59799e-07	4.6745e-07	5.71476e-07	4.15561e-07	7.79063e-07	4.15464e-07	5.19871e-08	0	1.03846e-07	2.59873e-07	2.07996e-07	2.07606e-07	1.03761e-07	1.5576e-07	5.185e-08	0	0	1.03874e-07	5.19027e-08	0	5.20173e-08	0	0	5.194e-08	0	5.19993e-08	0	
0	0	0	0	0	0	0	0	0	-0.29456	0.305747	0.167639	0.101778	0.0617082	0.0375179	0.0209386	0.0133844	0.00848478	0.00538202	0.00564144	0.00229029	0.000772574	0.000284491	0.000210741	0.000124697	6.18245e-05	6.12107e-05	9.46512e-06	6.57464e-06	5.71545e-06	5.96214e-06	1.84323e-06	1.35206e-06	3.07346e-07	6.14757e-07	1.22947e-07	6.14565e-08	4.91882e-07	3.69061e-07	1.8421e-07	1.84319e-07	3.07365e-07	5.5316e-07	6.14657e-07	2.08948e-06	1.53634e-06	1.16757e-06	7.37271e-07	6.1517e-08	3.6858e-07	1.84365e-07	1.22935e-07	6.14935e-08	4.91374e-07	3.68538e-07	5.53086e-07	1.84297e-07	0	6.15043e-08	0	0	6.13499e-08	0	6.133e-08	0	0	6.14903e-08	0	0	
0	0	0	0	0	0	0	0	0	0	-0.35627	0.347435	0.192767	0.116724	0.0710035	0.0396859	0.0253768	0.016101	0.010205	0.0107001	0.00430705	0.00144762	0.000553335	0.000415467	0.00022884	0.000120059	0.000117067	1.29375e-05	1.259e-05	9.25102e-06	9.87615e-06	4.10505e-06	2.22594e-06	7.65367e-07	3.47781e-07	3.47798e-07	2.78247e-07	2.08613e-07	3.47997e-07	8.34331e-07	3.47876e-07	9.04638e-07	1.39063e-06	1.39081e-06	3.75622e-06	2.71269e-06	2.01699e-06	6.96094e-07	5.56465e-07	3.47753e-07	1.39352e-07	9.73515e-07	1.11271e-06	9.74283e-07	9.0452e-07	5.56681e-07	3.47774e-07	1.39201e-07	0	2.78238e-07	6.95255e-08	1.39105e-07	0	0	6.95006e-08	6.94971e-08	6.9528e-08	6.95224e-08	6.95498e-08	
0	0	0	0	0	0	0	0	0	0	0	-0.40767	0.381161	0.212917	0.129144	0.0724607	0.0460772	0.0294205	0.0186334	0.0195318	0.00786275	0.00262757	0.000990801	0.000731316	0.000426862	0.000216462	0.000210395	2.75036e-05	2.57575e-05	1.81612e-05	2.04383e-05	6.91481e-06	5.39438e-06	1.06338e-06	1.29188e-06	1.13981e-06	1.2156e-06	9.87353e-07	1.51979e-06	5.31919e-07	6.83461e-07	1.21543e-06	1.59561e-06	3.11548e-06	5.39358e-06	4.32966e-06	2.88758e-06	1.74793e-06	1.13989e-06	7.59837e-07	4.55979e-07	9.87604e-07	1.13966e-06	9.87722e-07	1.44394e-06	1.97512e-06	4.55592e-07	4.56399e-07	5.31514e-07	3.80023e-07	2.28098e-07	3.03951e-07	1.51986e-07	7.59651e-08	1.52224e-07	7.59745e-08	1.52081e-07	7.59651e-08	7.60226e-08	
0	0	0	0	0	0	0	0	0	0	0	0	-0.442993	0.405989	0.227497	0.127548	0.0812248	0.0516371	0.0329654	0.0342392	0.0138319	0.00466154	0.00174455	0.00128914	0.000751239	0.000381229	0.000360474	4.36708e-05	4.2062e-05	3.11701e-05	3.78968e-05	1.21781e-05	8.81356e-06	2.80482e-06	1.76232e-06	1.20155e-06	2.1635e-06	1.68283e-06	1.4423e-06	1.76277e-06	1.60238e-06	1.60267e-06	3.76627e-06	4.0061e-06	9.45576e-06	8.97469e-06	6.24987e-06	2.96479e-06	1.8431e-06	1.28258e-06	1.36225e-06	2.56357e-06	2.40389e-06	2.64411e-06	2.48336e-06	2.64475e-06	1.20215e-06	5.60597e-07	4.00723e-07	4.80713e-07	3.20633e-07	7.99931e-08	2.4047e-07	2.40478e-07	1.60291e-07	2.40336e-07	3.20333e-07	4.01019e-07	1.60286e-07	
0	0	0	0	0	0	0	0	0	0	0	0	0	-0.469065	0.423146	0.219841	0.140052	0.0890458	0.0566556	0.0589898	0.02398	0.00800558	0.00298002	0.00220655	0.00129177	0.000658613	0.000633779	7.85921e-05	8.11518e-05	5.11018e-05	6.5505e-05	2.40162e-05	1.78057e-05	3.81021e-06	1.90438e-06	2.73287e-06	2.56762e-06	2.98099e-06	2.1537e-06	2.23618e-06	2.15246e-06	4.22322e-06	7.12122e-06	7.20459e-06	1.48237e-05	1.47404e-05	1.05997e-05	4.96793e-06	3.14729e-06	2.98129e-06	2.31933e-06	4.05739e-06	3.72608e-06	5.54778e-06	4.88607e-06	4.55426e-06	1.90428e-06	1.07628e-06	6.62479e-07	5.80087e-07	7.45061e-07	8.26678e-08	4.13966e-07	2.48241e-07	4.14092e-07	2.48415e-07	4.14291e-07	3.31338e-07	4.97105e-07	
0	0	0	0	0	0	0	0	0	0	0	0	0	0	-0.486498	0.404019	0.237287	0.151112	0.0960481	0.100072	0.0405199	0.0136321	0.00512205	0.00377361	0.00217172	0.00112582	0.00108148	0.000126057	0.000130617	9.69098e-05	0.000111399	3.8765e-05	2.70515e-05	5.05448e-06	4.5513e-06	4.38247e-06	5.39348e-06	3.79143e-06	4.5506e-06	3.79194e-06	3.87611e-06	7.33103e-06	1.09548e-05	1.32306e-05	3.12642e-05	2.10663e-05	2.01398e-05	9.35334e-06	6.40372e-06	3.95999e-06	2.94969e-06	4.9717e-06	5.89877e-06	8.17362e-06	8.93181e-06	8.34317e-06	3.20208e-06	1.76934e-06	1.34835e-06	2.10718e-06	1.34776e-06	1.1798e-06	1.01149e-06	8.42381e-07	9.26962e-07	8.42307e-07	8.42416e-07	5.8981e-07	4.21467e-07	
0	0	0	0	0	0	0	0	0	0	0	0	0	0	0	-0.523832	0.422134	0.247074	0.157291	0.163611	0.0660642	0.0222369	0.00839593	0.00614879	0.00357108	0.00186051	0.00178511	0.000213253	0.000204996	0.000154	0.00018161	6.05653e-05	4.39453e-05	9.20254e-06	9.01428e-06	7.60562e-06	7.04445e-06	7.04153e-06	6.29095e-06	6.94934e-06	6.29252e-06	1.2677e-05	1.71838e-05	2.18809e-05	4.72337e-05	3.36193e-05	2.8172e-05	1.53069e-05	9.95457e-06	5.35234e-06	7.51215e-06	8.82636e-06	7.13677e-06	1.26757e-05	1.3522e-05	1.18329e-05	6.47925e-06	4.41428e-06	2.34759e-06	1.87787e-06	2.2527e-06	2.34718e-06	1.50203e-06	9.38678e-07	9.38528e-07	1.87799e-06	1.03341e-06	5.63395e-07	4.69267e-07	
0	0	0	0	0	0	0	0	0	0	0	0	0	0	0	0	-0.529394	0.4253	0.248953	0.258687	0.105288	0.0351754	0.0131984	0.00979542	0.00561924	0.00290432	0.0028254	0.000336315	0.000328996	0.000245875	0.000291363	9.43739e-05	6.94147e-05	1.21013e-05	1.26638e-05	1.27582e-05	1.21022e-05	1.17269e-05	1.34148e-05	1.08815e-05	1.24768e-05	1.82914e-05	2.81458e-05	3.52715e-05	7.2235e-05	5.80685e-05	5.10312e-05	2.51412e-05	1.28512e-05	8.91335e-06	8.91112e-06	1.51987e-05	1.43532e-05	1.70741e-05	1.93214e-05	1.83861e-05	7.78733e-06	6.5675e-06	4.50228e-06	4.40966e-06	3.28434e-06	2.8136e-06	2.15781e-06	2.15799e-06	2.53337e-06	1.50069e-06	1.97117e-06	1.03266e-06	6.56719e-07	
0	0	0	0	0	0	0	0	0	0	0	0	0	0	0	0	0	-0.534284	0.428338	0.410037	0.166026	0.0556457	0.0208792	0.015514	0.00891428	0.00460655	0.0044586	0.000527643	0.000542903	0.000385868	0.000456562	0.000155052	0.000113211	2.12562e-05	2.06009e-05	1.75092e-05	2.20024e-05	1.84465e-05	1.62916e-05	1.65741e-05	1.69468e-05	2.96805e-05	4.41945e-05	5.15939e-05	0.000113017	9.07315e-05	8.13671e-05	3.50186e-05	2.41569e-05	1.44185e-05	1.41408e-05	2.12519e-05	2.23795e-05	3.10875e-05	3.05268e-05	2.99599e-05	1.59188e-05	1.03923e-05	6.08516e-06	5.52599e-06	6.08528e-06	5.14934e-06	2.99573e-06	2.90186e-06	2.71547e-06	3.371e-06	2.99642e-06	2.80863e-06	1.0299e-06	
0	0	0	0	0	0	0	0	0	0	0	0	0	0	0	0	0	0	-0.539527	0.68327	0.262684	0.0881996	0.0330458	0.0244778	0.0141353	0.00732177	0.00710754	0.0008503	0.000858794	0.000596857	0.000732643	0.000245115	0.000178352	3.11382e-05	3.07725e-05	3.20752e-05	3.08594e-05	2.83367e-05	3.05825e-05	2.68411e-05	2.9926e-05	4.97525e-05	7.38804e-05	8.5942e-05	0.000177788	0.000148514	0.000122608	6.01335e-05	3.59153e-05	2.45985e-05	2.3751e-05	3.60042e-05	3.57252e-05	4.93796e-05	4.59157e-05	4.76963e-05	2.28195e-05	1.70194e-05	1.09426e-05	7.66865e-06	1.00076e-05	8.22971e-06	6.26633e-06	5.61088e-06	5.0504e-06	4.11618e-06	3.55345e-06	3.8353e-06	1.68365e-06	
0	0	0	0	0	0	0	0	0	0	0	0	0	0	0	0	0	0	0	-0.326841	0.550613	0.178698	0.0670236	0.0496444	0.0286264	0.0148294	0.014331	0.00169718	0.00170899	0.00122549	0.00145911	0.000495	0.000367315	6.43497e-05	6.18925e-05	6.3239e-05	6.25871e-05	6.23607e-05	5.80861e-05	5.74842e-05	5.08044e-05	0.000100077	0.000148424	0.000170458	0.000375812	0.000307177	0.000244086	0.000119472	7.2701e-05	4.88566e-05	4.80189e-05	7.06655e-05	7.17277e-05	9.50178e-05	0.000100169	9.9009e-05	4.77895e-05	3.21983e-05	2.01837e-05	1.93012e-05	1.85125e-05	1.59143e-05	1.06712e-05	8.62995e-06	8.53736e-06	9.51069e-06	8.76901e-06	6.44894e-06	3.80519e-06	
0	0	0	0	0	0	0	0	0	0	0	0	0	0	0	0	0	0	0	0	-0.329014	0.459742	0.165615	0.122997	0.0708593	0.0368113	0.0354872	0.00424771	0.00421818	0.00299948	0.00363754	0.00121786	0.000908714	0.000166153	0.000156983	0.000154921	0.00016042	0.000153311	0.000145928	0.000143679	0.000136021	0.000244065	0.00036977	0.000423798	0.00093473	0.000762239	0.000609718	0.000301349	0.00018381	0.000119098	0.000119099	0.000184449	0.000181746	0.000239481	0.000243885	0.000242789	0.000117449	7.90194e-05	5.38406e-05	4.63635e-05	4.59516e-05	3.80168e-05	2.59575e-05	2.58647e-05	2.47159e-05	2.39843e-05	2.11861e-05	1.62798e-05	1.041e-05	
0	0	0	0	0	0	0	0	0	0	0	0	0	0	0	0	0	0	0	0	6.06089e-08	-0.428547	0.383746	0.267384	0.154244	0.0800484	0.0771725	0.0091999	0.00920877	0.00657511	0.00787236	0.00262892	0.00196964	0.000353451	0.00035569	0.000339755	0.000349387	0.000324191	0.000311722	0.000318131	0.000283917	0.000521572	0.00079828	0.000911595	0.00204352	0.00163506	0.00132229	0.000668074	0.000395652	0.00026358	0.000265025	0.000387905	0.00040335	0.000520602	0.000524546	0.000510308	0.000257883	0.000166483	0.000111617	0.000101803	9.82421e-05	7.92752e-05	5.79592e-05	5.76568e-05	5.42001e-05	4.86948e-05	4.28774e-05	3.41579e-05	2.35621e-05	
0	0	0	0	0	0	0	0	0	0	0	0	0	0	0	0	0	0	0	0	0	4.5177e-07	-0.547487	0.500389	0.268154	0.139418	0.134419	0.016068	0.0160025	0.011409	0.0136854	0.0045524	0.0034361	0.000610431	0.000587671	0.000591547	0.000602661	0.000576826	0.000561379	0.00054323	0.000499964	0.000916139	0.00136878	0.00157742	0.00351776	0.00286164	0.00228483	0.00114254	0.000704608	0.000462218	0.000455996	0.000688171	0.000683128	0.000920198	0.000923886	0.000902322	0.00045256	0.000296854	0.000194266	0.000181798	0.000171236	0.000143505	0.000103771	9.53681e-05	9.30232e-05	8.48014e-05	7.5139e-05	5.89759e-05	3.83846e-05	
0	0	0	0	0	0	0	0	0	0	0	0	0	0	0	0	0	0	0	0	0	0	4.42758e-07	-0.494022	0.473411	0.23104	0.222926	0.0265191	0.026562	0.0190141	0.0228287	0.00757601	0.00568665	0.00100991	0.000978703	0.00099935	0.000985416	0.000942718	0.0009203	0.000907229	0.000838504	0.00149382	0.00225782	0.00266131	0.00585967	0.0047474	0.00379852	0.0018845	0.00114273	0.000756343	0.000758263	0.00112445	0.00112571	0.00151786	0.00152625	0.00151099	0.000749122	0.000485071	0.000329097	0.000289187	0.000284249	0.000249729	0.000167347	0.000157241	0.000154882	0.000145439	0.00012361	9.80864e-05	5.97392e-05	
0	0	0	0	0	0	0	0	0	0	0	0	0	0	0	0	0	0	0	0	0	0	0	1.68984e-06	-0.494311	0.429377	0.386608	0.0460082	0.0459985	0.0328901	0.0394761	0.0131585	0.00985517	0.00178944	0.0017087	0.00170283	0.00170085	0.00164265	0.00157498	0.00158748	0.00144438	0.00262684	0.00395329	0.00457332	0.010214	0.00823975	0.00661159	0.00326273	0.0019826	0.00131101	0.00131891	0.00197929	0.00196246	0.00262573	0.00263932	0.00261166	0.00129515	0.000840255	0.00057577	0.000505742	0.000499725	0.000420302	0.000295786	0.000280645	0.000264638	0.000248323	0.000222754	0.000176691	0.000113654	
0	0	0	0	0	0	0	0	0	0	0	0	0	0	0	0	0	0	0	0	0	0	0	0	7.9497e-06	-0.531113	0.678043	0.076897	0.076988	0.0549231	0.0657961	0.0219848	0.0164339	0.00297336	0.0028586	0.00286175	0.00284376	0.00274893	0.00261551	0.002634	0.00242277	0.0043903	0.00659703	0.00769894	0.0170422	0.0137816	0.0109722	0.00546981	0.00327738	0.00218651	0.00221152	0.00332346	0.00330655	0.00441317	0.00438636	0.00438955	0.00217196	0.00140079	0.000974395	0.000840094	0.000818408	0.000708389	0.000482552	0.000481878	0.000447736	0.000412592	0.000360881	0.00029864	0.000177475	
0	0	0	0	0	0	0	0	0	0	0	0	0	0	0	0	0	0	0	0	0	0	0	0	0	1.49078e-05	-0.33097	0.17318	0.159019	0.112534	0.13508	0.0449709	0.0337171	0.0060717	0.00584134	0.00585471	0.00581152	0.00563134	0.0053829	0.00540544	0.00493956	0.00899034	0.0134797	0.0157289	0.0348501	0.0281283	0.0224827	0.0112686	0.0067139	0.00449323	0.00450047	0.00674629	0.00679162	0.00898086	0.0090112	0.00896775	0.00444715	0.00287192	0.00196179	0.0017241	0.00169544	0.00143618	0.00100633	0.000965642	0.000918884	0.000860626	0.000754449	0.000614516	0.000351181	
0	0	0	0	0	0	0	0	0	0	0	0	0	0	0	0	0	0	0	0	0	0	0	0	0	0	0.000410497	-0.718394	0.335021	0.19125	0.226034	0.0748954	0.0575618	0.00916623	0.0107497	0.00926819	0.0102133	0.00908778	0.00879023	0.00912848	0.00840748	0.0147028	0.0225331	0.0269702	0.0570634	0.0479756	0.0380113	0.0176303	0.0123983	0.00369967	0.0123056	0.00745269	0.0156614	0.00776458	0.0198577	0.00709875	0.0151807	0.00148463	0.00102072	0.000910799	0.00172277	0.00592273	0.000493286	0.000492305	0.000482406	0.000431668	0.0018984	0.000314553	0.000181213	
0	0	0	0	0	0	0	0	0	0	0	0	0	0	0	0	0	0	0	0	0	0	0	0	0	0	0	0.000563214	-0.665436	0.291823	0.285402	0.0933841	0.0698911	0.012644	0.012067	0.0122542	0.0116587	0.0124882	0.0104339	0.0121354	0.00971329	0.01886	0.0280216	0.0321875	0.0733714	0.0572045	0.0479519	0.0228333	0.0133987	0.00933078	0.00804402	0.0144664	0.0126899	0.0220257	0.0149365	0.00875539	0.0193981	0.00344675	0	0	0	0.00597015	0.0031195	0	0	0	0.00150891	0.000751828	0	
0	0	0	0	0	0	0	0	0	0	0	0	0	0	0	0	0	0	0	0	0	0	0	0	0	0	0	0	0.00111053	-0.67116	0.419287	0.117336	0.0878327	0.0158563	0.0147259	0.015687	0.0155867	0.014046	0.0141809	0.0140149	0.013082	0.0235225	0.0346973	0.041075	0.0905763	0.0729399	0.0576452	0.0292123	0.0165517	0.0144658	0.00897966	0.017939	0.0157522	0.0199698	0.0229798	0.0229464	0	0.0228841	0	0	0	0	0.00633248	0.00283042	0	0	0	0.0023055	0	
0	0	0	0	0	0	0	0	0	0	0	0	0	0	0	0	0	0	0	0	0	0	0	0	0	0	0	0	0	0.00103806	-0.558742	0.191649	0.123576	0.0215437	0.0206363	0.0203957	0.020037	0.0197471	0.01878	0.0185135	0.0171695	0.0307124	0.0468077	0.0539131	0.119479	0.0965761	0.0765428	0.0384434	0.0228681	0.0141693	0.016973	0.0221894	0.0214693	0.0301593	0.0282863	0.0261537	0.0125331	0.000211068	0.0142846	0.00859036	0	0	0	0.00571788	0.0034841	0	0	0.00230356	0	
0	0	0	0	0	0	0	0	0	0	0	0	0	0	0	0	0	0	0	0	0	0	0	0	0	0	0	0	0	0	0.00492713	-0.693126	0.21031	0.0332929	0.03036	0.0292035	0.028002	0.0261309	0.0245735	0.0240277	0.0220337	0.0393233	0.0591952	0.0690596	0.152146	0.122832	0.0963375	0.0484516	0.0304913	0.0182055	0.0172008	0.031029	0.027339	0.0383961	0.0346683	0.0351049	0.0221731	0.00106439	0	0.0155226	0.00773105	0	0	0	0.00939704	0	0	0.00235153	0	
0	0	0	0	0	0	0	0	0	0	0	0	0	0	0	0	0	0	0	0	0	0	0	0	0	0	0	0	0	0	3.01141e-07	0.00770634	-0.702431	0.0478581	0.0439183	0.042938	0.0407346	0.037391	0.0346283	0.0337647	0.0301383	0.0504849	0.0686821	0.0769996	0.173995	0.138505	0.112069	0.05659	0.0299019	0.0225529	0.0224498	0.0328576	0.032697	0.0397995	0.045207	0.0421575	0.00471046	0.0233775	0	0	0.0234398	0	0	0	0.00584622	0.00359935	0	0.00234968	0	
0	0	0	0	0	0	0	0	0	0	0	0	0	0	0	0	0	0	0	0	0	0	0	0	0	0	0	0	0	0	0	2.16681e-05	0.0339065	-0.827902	0.055734	0.0493925	0.049869	0.0482393	0.040464	0.0394409	0.0349919	0.0658406	0.0832216	0.0875084	0.17943	0.156647	0.12239	0.047042	0.0467303	0.0233748	0.0234599	0.0229318	0.0472462	0.0472584	0.0470961	0.0236022	0.0236455	0.0233727	0	0	0.0237462	0	0	0	0	0.00935771	0	0.00230107	0	
0	0	0	0	0	0	0	0	0	0	0	0	0	0	0	0	0	0	0	0	0	0	0	0	0	0	0	0	0	0	0	4.67962e-06	0.0113725	0.0244184	-0.826102	0.0565098	0.0516292	0.0474958	0.0478508	0.040842	0.0370058	0.0680678	0.0907953	0.0955528	0.183885	0.151036	0.120556	0.0674315	0.0352886	0.0260917	0.0260448	0.0309465	0.0471445	0.0466498	0.0372568	0.0326262	0.0232908	0.0239938	0	0	0.0240126	0	0	0	0	0.00934657	0	0.00230973	0	
0	0	0	0	0	0	0	0	0	0	0	0	0	0	0	0	0	0	0	0	0	0	0	0	0	0	0	0	0	0	0	0	0.0033156	0.00891226	0.0246366	-0.824971	0.0567512	0.0525913	0.0468716	0.0484426	0.0388577	0.0689622	0.100145	0.0973723	0.193329	0.156132	0.126839	0.0637726	0.0301555	0.0232725	0.0235416	0.0471922	0.0236057	0.0487684	0.0455973	0.0467697	0.0236508	0.0236265	0	0	0.0235462	0	0	0	0	0.00928019	0	0.0023314	0	
0	0	0	0	0	0	0	0	0	0	0	0	0	0	0	0	0	0	0	0	0	0	0	0	0	0	0	0	0	0	0	2.97423e-06	0.00180007	0.00165419	0.00886003	0.0250485	-0.820823	0.0559282	0.0515883	0.0494329	0.0445316	0.0717979	0.104537	0.106083	0.193777	0.164253	0.127636	0.0601662	0.0473019	0.0235589	0.0231903	0.0437668	0.027214	0.0472001	0.0469549	0.0476452	0.0237734	0.0233359	0	0	0.023769	4.16568e-05	0	0	0	0.00942996	0	0.00231772	0	
0	0	0	0	0	0	0	0	0	0	0	0	0	0	0	0	0	0	0	0	0	0	0	0	0	0	0	0	0	0	0	0	0.000115338	0.00192615	0.001369	0.00967888	0.0264272	-0.819727	0.0557587	0.0511397	0.0476505	0.0797493	0.108595	0.11543	0.204018	0.162269	0.132907	0.0708873	0.0333607	0.0315262	0.0298829	0.0235964	0.0475132	0.0473754	0.0473414	0.0475973	0.0236804	0.0232938	0	0	0	0.0233642	0	0	0	0.00956949	0	0.00233654	0	
0	0	0	0	0	0	0	0	0	0	0	0	0	0	0	0	0	0	0	0	0	0	0	0	0	0	0	0	0	0	0	0	5.66315e-05	9.49054e-05	0.00216162	0.00128132	0.010883	0.0270214	-0.822656	0.0598521	0.045568	0.0888789	0.115059	0.121877	0.219231	0.16544	0.132564	0.062694	0.0413732	0.0239231	0.0262023	0.0447029	0.0476161	0.0477233	0.0471507	0.0471017	0.0236609	0.0128899	0.0109044	0	0	0.0237237	0	0	0	0.00951275	0	0.00236359	0	
0	0	0	0	0	0	0	0	0	0	0	0	0	0	0	0	0	0	0	0	0	0	0	0	0	0	0	0	0	0	0	0	1.91765e-05	3.39311e-05	9.58979e-05	0.00242272	0.0010726	0.0114809	0.0273353	-0.820397	0.0587842	0.0855805	0.125356	0.129731	0.226591	0.167065	0.140954	0.0713122	0.047541	0.0234379	0.0237014	0.0472164	0.0350642	0.0597357	0.0471697	0.0476954	0.0236732	0	0.023434	0	0	0.0234855	0	0	0	0.00954654	0	0.00235787	0	
0	0	0	0	0	0	0	0	0	0	0	0	0	0	0	0	0	0	0	0	0	0	0	0	0	0	0	0	0	0	0	0	4.72654e-06	1.10259e-05	2.67764e-05	0.000122853	0.00277408	0.000871047	0.0117482	0.0303318	-0.824879	0.0985724	0.133387	0.135851	0.248033	0.169261	0.141699	0.0708753	0.0337724	0.036803	0.0315402	0.0363239	0.0346144	0.0672678	0.0516941	0.0479383	0.0239977	0	0.0237522	0	0	0.0237126	0	0	0	0.00936666	0	0.00230303	0	
0	0	0	0	0	0	0	0	0	0	0	0	0	0	0	0	0	0	0	0	0	0	0	0	0	0	0	0	0	0	0	0	0	3.34851e-06	7.5308e-06	3.84745e-05	0.000241752	0.00176412	0.00196572	0.00766054	0.0212181	-0.779493	0.145136	0.148599	0.266769	0.173633	0.147296	0.0719687	0.0473314	0.0240571	0.0272616	0.0442329	0.0476651	0.0473572	0.0675073	0.0511377	0.0239091	0	0.0236673	0	0	0.0236589	0	0	0	0.00945886	0	1.7565e-05	0.00241492	
0	0	0	0	0	0	0	0	0	0	0	0	0	0	0	0	0	0	0	0	0	0	0	0	0	0	0	0	0	0	0	0	0	0	2.09578e-06	2.61841e-06	1.15257e-05	4.24319e-05	0.000593482	0.00124143	0.0030564	0.0211108	-0.736806	0.174044	0.307651	0.189068	0.148101	0.0787347	0.0450054	0.0322484	0.0304378	0.0452953	0.0441429	0.0652416	0.047881	0.0623842	0.0315965	0.00132735	0.02387	0	0	0.0239995	0	0	0	0.00942492	0	0	0.0023781	
0	0	0	0	0	0	0	0	0	0	0	0	0	0	0	0	0	0	0	0	0	0	0	0	0	0	0	0	0	0	0	0	0	0	0	0	1.6471e-06	2.05863e-06	5.35141e-06	2.09921e-05	5.31084e-05	0.00171982	0.0223431	-0.705133	0.371851	0.228446	0.157095	0.0795435	0.0493665	0.0338365	0.0338808	0.0490487	0.0487226	0.0614739	0.0704569	0.0481449	0.0239559	0.0241289	0.0130017	0.0110749	0	0.0210759	0.00296002	0	0	0.00958428	0	0	0.00246813	
0	0	0	0	0	0	0	0	0	0	0	0	0	0	0	0	0	0	0	0	0	0	0	0	0	0	0	0	0	0	0	0	0	0	0	0	0	0	3.1273e-07	6.24597e-07	3.12158e-07	8.28169e-06	0.000578099	0.0111842	-0.537655	0.326373	0.207885	0.0934798	0.0555107	0.0358339	0.0372758	0.0554896	0.0565394	0.0739712	0.0704233	0.0708265	0.0339163	0.0212921	0.00299334	0.0231992	0.00108229	0	0.0241878	0	0	0.00108713	0.00866674	0	0.00243239	
0	0	0	0	0	0	0	0	0	0	0	0	0	0	0	0	0	0	0	0	0	0	0	0	0	0	0	0	0	0	0	0	0	0	0	0	0	0	0	0	0	0	1.49714e-07	2.54305e-06	0.0181104	-0.499395	0.332295	0.137635	0.0779218	0.050182	0.0487629	0.0715223	0.0672312	0.0895224	0.087362	0.0824556	0.0354931	0.0226288	0.0247349	0	0.0248876	0	0.00510314	0.0196839	0	0	0.00990492	0	0.00248931	
0	0	0	0	0	0	0	0	0	0	0	0	0	0	0	0	0	0	0	0	0	0	0	0	0	0	0	0	0	0	0	0	0	0	0	0	0	0	0	0	0	0	0	0	1.76534e-05	0.0278715	-0.460658	0.220659	0.117591	0.0721075	0.0693011	0.0984373	0.0968789	0.123981	0.1138	0.103962	0.0490506	0.0310128	0.0101022	0.01913	0.0217703	0.00396743	0	0.025692	0	0	0.0102338	0	0.00255384	
0	0	0	0	0	0	0	0	0	0	0	0	0	0	0	0	0	0	0	0	0	0	0	0	0	0	0	0	0	0	0	0	0	0	0	0	0	0	0	0	0	0	0	0	0	0.000911178	0.062587	-0.534053	0.168674	0.10409	0.10027	0.135535	0.122141	0.153665	0.149567	0.134878	0.0606228	0.0338965	0.02658	0.0220489	0.00465655	0.026675	0	0.00986862	0.0167066	0	0.0106119	0	0.00263511	
0	0	0	0	0	0	0	0	0	0	0	0	0	0	0	0	0	0	0	0	0	0	0	0	0	0	0	0	0	0	0	0	0	0	0	0	0	0	0	0	0	0	0	0	0	9.35251e-06	0.0119651	0.0881192	-0.58289	0.140031	0.111336	0.172493	0.153407	0.179997	0.166623	0.160522	0.0727344	0.0379769	0.0257582	0.0184906	0.0273831	0.026977	0.000429473	0	0.0273544	0	0.00919729	0.00169542	0.00274062	
0	0	0	0	0	0	0	0	0	0	0	0	0	0	0	0	0	0	0	0	0	0	0	0	0	0	0	0	0	0	0	0	0	0	0	0	0	0	0	0	0	0	0	0	0	0	0.00317055	0.0300792	0.102298	-0.625644	0.16406	0.178692	0.184705	0.20363	0.185931	0.172207	0.0770785	0.051468	0.0278665	0.0279236	0.02801	0	0.0278018	0	0.0279669	0	0	0.011084	0.00278551	
0	0	0	0	0	0	0	0	0	0	0	0	0	0	0	0	0	0	0	0	0	0	0	0	0	0	0	0	0	0	0	0	0	0	0	0	0	0	0	0	0	0	0	0	0	4.28293e-07	0.00296216	0.0129836	0.0367886	0.0903899	-0.597144	0.235811	0.194024	0.24179	0.204928	0.179034	0.0901203	0.0538903	0.0393402	0.0281916	0.0231281	0.00508698	0.0283066	0	0.0269772	0.00120466	0	0.0112289	0.00290607	
0	0	0	0	0	0	0	0	0	0	0	0	0	0	0	0	0	0	0	0	0	0	0	0	0	0	0	0	0	0	0	0	0	0	0	0	0	0	0	0	0	0	0	0	0	0	0.000267091	0.00464775	0.014542	0.0275828	0.0748641	-0.47979	0.239637	0.280664	0.238043	0.206896	0.0936473	0.0566885	0.0358055	0.0304067	0.02658	0.0288238	0.0209389	0.00786742	0	0.0288009	0	0.0114696	0.00287207	
0	0	0	0	0	0	0	0	0	0	0	0	0	0	0	0	0	0	0	0	0	0	0	0	0	0	0	0	0	0	0	0	0	0	0	0	0	0	0	0	0	0	0	0	0	0	3.57721e-06	0.00268537	0.00310335	0.00963394	0.0186755	0.100347	-0.406301	0.345283	0.303167	0.249025	0.106648	0.0633069	0.0391493	0.0398117	0.0394542	0.0179311	0.0116418	0.0295986	0	0.0295772	0	0.0119403	0.00299306	
0	0	0	0	0	0	0	0	0	0	0	0	0	0	0	0	0	0	0	0	0	0	0	0	0	0	0	0	0	0	0	0	0	0	0	0	0	0	0	0	0	0	0	0	0	0	9.825e-08	6.18466e-06	0.00212494	0.0011365	0.00563521	0.0224043	0.0896014	-0.202716	0.390413	0.336014	0.139448	0.0798084	0.0514173	0.0415387	0.0340725	0.0272961	0.0306265	0.0302797	0.000317807	0.0306842	0	0.0123048	0.0030554	
0	0	0	0	0	0	0	0	0	0	0	0	0	0	0	0	0	0	0	0	0	0	0	0	0	0	0	0	0	0	0	0	0	0	0	0	0	0	0	0	0	0	0	0	0	0	0	3.48037e-07	1.93776e-06	0.000698779	0.00188151	0.00405884	0.0190777	0.116867	0.00112164	0.469114	0.201206	0.119155	0.0735048	0.0567932	0.0540322	0.0417599	0.0242362	0.0197626	0.0325761	0.00809229	0.0244456	0.0130034	0.00325796	
0	0	0	0	0	0	0	0	0	0	0	0	0	0	0	0	0	0	0	0	0	0	0	0	0	0	0	0	0	0	0	0	0	0	0	0	0	0	0	0	0	0	0	0	0	0	0	0	2.00092e-08	6.01574e-08	7.41529e-07	0.00200381	0.00290534	0.0254026	0.142974	0.302589	0.340742	0.150192	0.101594	0.0899765	0.084058	0.0666843	0.0448215	0.038444	0.0311186	0.0236958	0.0353307	0.01412	0.00354197	
0	0	0	0	0	0	0	0	0	0	0	0	0	0	0	0	0	0	0	0	0	0	0	0	0	0	0	0	0	0	0	0	0	0	0	0	0	0	0	0	0	0	0	0	0	0	0	0	0	0	1.95401e-08	2.14631e-07	0.00381218	0.0072038	0.0505521	0.299081	0.292427	0.379542	0.143886	0.0859509	0.0872047	0.081135	0.0664648	0.0439865	0.0468059	0.0454776	0.030734	0.0246163	0.0183387	
0	0	0	0	0	0	0	0	0	0	0	0	0	0	0	0	0	0	0	0	0	0	0	0	0	0	0	0	0	0	0	0	0	0	0	0	0	0	0	0	0	0	0	0	0	0	0	0	0	0	0	2.14868e-08	0.000325105	0.00372111	0.0259681	0.133863	0.373415	0.226606	0.405301	0.173887	0.111023	0.0753087	0.0707848	0.0413576	0.0407735	0.0404506	0.0402085	0.0401866	0.0200589	
0	0	0	0	0	0	0	0	0	0	0	0	0	0	0	0	0	0	0	0	0	0	0	0	0	0	0	0	0	0	0	0	0	0	0	0	0	0	0	0	0	0	0	0	0	0	0	0	0	0	0	0	7.11183e-08	0.00422592	0.0170132	0.0950251	0.148837	0.45265	0.174739	0.479014	0.219222	0.106999	0.0461848	0.0460645	0.0485981	0.0377235	0.0410663	0.0422292	0.0210733	
0	0	0	0	0	0	0	0	0	0	0	0	0	0	0	0	0	0	0	0	0	0	0	0	0	0	0	0	0	0	0	0	0	0	0	0	0	0	0	0	0	0	0	0	0	0	0	0	0	0	0	2.26077e-08	0	0.00446252	0.0178183	0.0778144	0.0919057	0.176527	0.448489	0.234136	0.560081	0.209273	0.0631535	0.0933612	0.0470802	0.0457598	0.00298615	0.0421724	0.0222603	
0	0	0	0	0	0	0	0	0	0	0	0	0	0	0	0	0	0	0	0	0	0	0	0	0	0	0	0	0	0	0	0	0	0	0	0	0	0	0	0	0	0	0	0	0	0	0	0	0	0	0	0	0	0.00472514	0.0125853	0.0542952	0.0889809	0.0917782	0.171496	0.47746	0.364089	0.569043	0.182352	0.116194	0.0522116	0.0499984	0.0485065	0.000405254	0.0236693	
0	0	0	0	0	0	0	0	0	0	0	0	0	0	0	0	0	0	0	0	0	0	0	0	0	0	0	0	0	0	0	0	0	0	0	0	0	0	0	0	0	0	0	0	0	0	0	0	0	0	0	0	0	0.0050732	5.8713e-06	0.0713063	0.0524077	0.0744942	0.0865287	0.181825	0.581106	0.456752	0.52593	0.257065	0.133834	0.0559481	0.0532418	0.0183203	0.00815021	
0	0	0	0	0	0	0	0	0	0	0	0	0	0	0	0	0	0	0	0	0	0	0	0	0	0	0	0	0	0	0	0	0	0	0	0	0	0	0	0	0	0	0	0	0	0	0	0	0	0	0	0	0	0.000490241	0.00493704	0.049355	0.0763523	0.0621748	0.0535379	0.0888632	0.247374	0.693773	0.355158	0.653297	0.296522	0.135968	0.0589547	0.0235344	0.00576638	
0	0	0	0	0	0	0	0	0	0	0	0	0	0	0	0	0	0	0	0	0	0	0	0	0	0	0	0	0	0	0	0	0	0	0	0	0	0	0	0	0	0	0	0	0	0	0	0	0	0	0	0	0	0	0.00577235	0.0231961	0.05826	0.0602355	0.0594152	0.0737563	0.132776	0.333783	0.637027	0.538916	0.707988	0.296139	0.120655	0.0264256	0.00649087	
0	0	0	0	0	0	0	0	0	0	0	0	0	0	0	0	0	0	0	0	0	0	0	0	0	0	0	0	0	0	0	0	0	0	0	0	0	0	0	0	0	0	0	0	0	0	0	0	0	0	0	0	0	0	0.00620475	0.0248621	0.0622859	0.0627654	0.0597312	0.0350918	0.080863	0.162068	0.292826	0.713584	0.746822	0.772671	0.270544	0.083467	0.00769361	
0	0	0	0	0	0	0	0	0	0	0	0	0	0	0	0	0	0	0	0	0	0	0	0	0	0	0	0	0	0	0	0	0	0	0	0	0	0	0	0	0	0	0	0	0	0	0	0	0	0	0	0	0	0	0.00673186	0.0269074	0.0673318	0.0616503	0.00661265	0.068834	0.0711846	0.0799809	0.126805	0.312243	0.818727	1.0366	0.826927	0.221402	0.0304675	
0	0	0	0	0	0	0	0	0	0	0	0	0	0	0	0	0	0	0	0	0	0	0	0	0	0	0	0	0	0	0	0	0	0	0	0	0	0	0	0	0	0	0	0	0	0	0	0	0	0	0	0	0	0	0.00739531	0.0294646	0.07365	0.000136237	0.0738517	0.0743464	0.0161999	0.0636192	0.0816012	0.122604	0.331397	0.952979	1.44741	0.859589	0.110832	
0	0	0	0	0	0	0	0	0	0	0	0	0	0	0	0	0	0	0	0	0	0	0	0	0	0	0	0	0	0	0	0	0	0	0	0	0	0	0	0	0	0	0	0	0	0	0	0	0	0	0	0	0	0	0.00818544	0.032782	0.0817931	4.41187e-05	0.0820714	0.0822551	0.000916383	0.0839407	0.013338	0.0772447	0.132217	0.353418	1.17828	2.04595	0.682417	
0	0	0	0	0	0	0	0	0	0	0	0	0	0	0	0	0	0	0	0	0	0	0	0	0	0	0	0	0	0	0	0	0	0	0	0	0	0	0	0	0	0	0	0	0	0	0	0	0	0	0	0	0	0	0.00973465	0.0388256	0.0971922	0.0255959	0.0883415	0.0953352	0.0776425	0.060391	0.0748209	0.0314069	0.0788043	0.098472	0.400678	1.75544	3.05103	  ); 
scatteringMultiplicity ( 
1	1	1	1	1	1	1	1	1	1	1	1	1	1	1	1	1	1	1	1	1	1	1	1	1	1	1	1	1	1	1	1	1	1	1	1	1	1	1	1	1	1	1	1	1	1	1	1	1	1	1	1	1	1	1	1	1	1	1	1	1	1	1	1	1	1	1	1	1	
1	1	1	1	1	1	1	1	1	1	1	1	1	1	1	1	1	1	1	1	1	1	1	1	1	1	1	1	1	1	1	1	1	1	1	1	1	1	1	1	1	1	1	1	1	1	1	1	1	1	1	1	1	1	1	1	1	1	1	1	1	1	1	1	1	1	1	1	1	
1	1	1	1	1	1	1	1	1	1	1	1	1	1	1	1	1	1	1	1	1	1	1	1	1	1	1	1	1	1	1	1	1	1	1	1	1	1	1	1	1	1	1	1	1	1	1	1	1	1	1	1	1	1	1	1	1	1	1	1	1	1	1	1	1	1	1	1	1	
1	1	1	1	1	1	1	1	1	1	1	1	1	1	1	1	1	1	1	1	1	1	1	1	1	1	1	1	1	1	1	1	1	1	1	1	1	1	1	1	1	1	1	1	1	1	1	1	1	1	1	1	1	1	1	1	1	1	1	1	1	1	1	1	1	1	1	1	1	
1	1	1	1	1	1	1	1	1	1	1	1	1	1	1	1	1	1	1	1	1	1	1	1	1	1	1	1	1	1	1	1	1	1	1	1	1	1	1	1	1	1	1	1	1	1	1	1	1	1	1	1	1	1	1	1	1	1	1	1	1	1	1	1	1	1	1	1	1	
1	1	1	1	1	1	1	1	1	1	1	1	1	1	1	1	1	1	1	1	1	1	1	1	1	1	1	1	1	1	1	1	1	1	1	1	1	1	1	1	1	1	1	1	1	1	1	1	1	1	1	1	1	1	1	1	1	1	1	1	1	1	1	1	1	1	1	1	1	
1	1	1	1	1	1	1	1	1	1	1	1	1	1	1	1	1	1	1	1	1	1	1	1	1	1	1	1	1	1	1	1	1	1	1	1	1	1	1	1	1	1	1	1	1	1	1	1	1	1	1	1	1	1	1	1	1	1	1	1	1	1	1	1	1	1	1	1	1	
1	1	1	1	1	1	1	1	1	1	1	1	1	1	1	1	1	1	1	1	1	1	1	1	1	1	1	1	1	1	1	1	1	1	1	1	1	1	1	1	1	1	1	1	1	1	1	1	1	1	1	1	1	1	1	1	1	1	1	1	1	1	1	1	1	1	1	1	1	
1	1	1	1	1	1	1	1	1	1	1	1	1	1	1	1	1	1	1	1	1	1	1	1	1	1	1	1	1	1	1	1	1	1	1	1	1	1	1	1	1	1	1	1	1	1	1	1	1	1	1	1	1	1	1	1	1	1	1	1	1	1	1	1	1	1	1	1	1	
1	1	1	1	1	1	1	1	1	1	1	1	1	1	1	1	1	1	1	1	1	1	1	1	1	1	1	1	1	1	1	1	1	1	1	1	1	1	1	1	1	1	1	1	1	1	1	1	1	1	1	1	1	1	1	1	1	1	1	1	1	1	1	1	1	1	1	1	1	
1	1	1	1	1	1	1	1	1	1	1	1	1	1	1	1	1	1	1	1	1	1	1	1	1	1	1	1	1	1	1	1	1	1	1	1	1	1	1	1	1	1	1	1	1	1	1	1	1	1	1	1	1	1	1	1	1	1	1	1	1	1	1	1	1	1	1	1	1	
1	1	1	1	1	1	1	1	1	1	1	1	1	1	1	1	1	1	1	1	1	1	1	1	1	1	1	1	1	1	1	1	1	1	1	1	1	1	1	1	1	1	1	1	1	1	1	1	1	1	1	1	1	1	1	1	1	1	1	1	1	1	1	1	1	1	1	1	1	
1	1	1	1	1	1	1	1	1	1	1	1	1	1	1	1	1	1	1	1	1	1	1	1	1	1	1	1	1	1	1	1	1	1	1	1	1	1	1	1	1	1	1	1	1	1	1	1	1	1	1	1	1	1	1	1	1	1	1	1	1	1	1	1	1	1	1	1	1	
1	1	1	1	1	1	1	1	1	1	1	1	1	1	1	1	1	1	1	1	1	1	1	1	1	1	1	1	1	1	1	1	1	1	1	1	1	1	1	1	1	1	1	1	1	1	1	1	1	1	1	1	1	1	1	1	1	1	1	1	1	1	1	1	1	1	1	1	1	
1	1	1	1	1	1	1	1	1	1	1	1	1	1	1	1	1	1	1	1	1	1	1	1	1	1	1	1	1	1	1	1	1	1	1	1	1	1	1	1	1	1	1	1	1	1	1	1	1	1	1	1	1	1	1	1	1	1	1	1	1	1	1	1	1	1	1	1	1	
1	1	1	1	1	1	1	1	1	1	1	1	1	1	1	1	1	1	1	1	1	1	1	1	1	1	1	1	1	1	1	1	1	1	1	1	1	1	1	1	1	1	1	1	1	1	1	1	1	1	1	1	1	1	1	1	1	1	1	1	1	1	1	1	1	1	1	1	1	
1	1	1	1	1	1	1	1	1	1	1	1	1	1	1	1	1	1	1	1	1	1	1	1	1	1	1	1	1	1	1	1	1	1	1	1	1	1	1	1	1	1	1	1	1	1	1	1	1	1	1	1	1	1	1	1	1	1	1	1	1	1	1	1	1	1	1	1	1	
1	1	1	1	1	1	1	1	1	1	1	1	1	1	1	1	1	1	1	1	1	1	1	1	1	1	1	1	1	1	1	1	1	1	1	1	1	1	1	1	1	1	1	1	1	1	1	1	1	1	1	1	1	1	1	1	1	1	1	1	1	1	1	1	1	1	1	1	1	
1	1	1	1	1	1	1	1	1	1	1	1	1	1	1	1	1	1	1	1	1	1	1	1	1	1	1	1	1	1	1	1	1	1	1	1	1	1	1	1	1	1	1	1	1	1	1	1	1	1	1	1	1	1	1	1	1	1	1	1	1	1	1	1	1	1	1	1	1	
1	1	1	1	1	1	1	1	1	1	1	1	1	1	1	1	1	1	1	1	1	1	1	1	1	1	1	1	1	1	1	1	1	1	1	1	1	1	1	1	1	1	1	1	1	1	1	1	1	1	1	1	1	1	1	1	1	1	1	1	1	1	1	1	1	1	1	1	1	
1	1	1	1	1	1	1	1	1	1	1	1	1	1	1	1	1	1	1	1	1	1	1	1	1	1	1	1	1	1	1	1	1	1	1	1	1	1	1	1	1	1	1	1	1	1	1	1	1	1	1	1	1	1	1	1	1	1	1	1	1	1	1	1	1	1	1	1	1	
1	1	1	1	1	1	1	1	1	1	1	1	1	1	1	1	1	1	1	1	1	1	1	1	1	1	1	1	1	1	1	1	1	1	1	1	1	1	1	1	1	1	1	1	1	1	1	1	1	1	1	1	1	1	1	1	1	1	1	1	1	1	1	1	1	1	1	1	1	
1	1	1	1	1	1	1	1	1	1	1	1	1	1	1	1	1	1	1	1	1	1	1	1	1	1	1	1	1	1	1	1	1	1	1	1	1	1	1	1	1	1	1	1	1	1	1	1	1	1	1	1	1	1	1	1	1	1	1	1	1	1	1	1	1	1	1	1	1	
1	1	1	1	1	1	1	1	1	1	1	1	1	1	1	1	1	1	1	1	1	1	1	1	1	1	1	1	1	1	1	1	1	1	1	1	1	1	1	1	1	1	1	1	1	1	1	1	1	1	1	1	1	1	1	1	1	1	1	1	1	1	1	1	1	1	1	1	1	
1	1	1	1	1	1	1	1	1	1	1	1	1	1	1	1	1	1	1	1	1	1	1	1	1	1	1	1	1	1	1	1	1	1	1	1	1	1	1	1	1	1	1	1	1	1	1	1	1	1	1	1	1	1	1	1	1	1	1	1	1	1	1	1	1	1	1	1	1	
1	1	1	1	1	1	1	1	1	1	1	1	1	1	1	1	1	1	1	1	1	1	1	1	1	1	1	1	1	1	1	1	1	1	1	1	1	1	1	1	1	1	1	1	1	1	1	1	1	1	1	1	1	1	1	1	1	1	1	1	1	1	1	1	1	1	1	1	1	
1	1	1	1	1	1	1	1	1	1	1	1	1	1	1	1	1	1	1	1	1	1	1	1	1	1	1	1	1	1	1	1	1	1	1	1	1	1	1	1	1	1	1	1	1	1	1	1	1	1	1	1	1	1	1	1	1	1	1	1	1	1	1	1	1	1	1	1	1	
1	1	1	1	1	1	1	1	1	1	1	1	1	1	1	1	1	1	1	1	1	1	1	1	1	1	1	1	1	1	1	1	1	1	1	1	1	1	1	1	1	1	1	1	1	1	1	1	1	1	1	1	1	1	1	1	1	1	1	1	1	1	1	1	1	1	1	1	1	
1	1	1	1	1	1	1	1	1	1	1	1	1	1	1	1	1	1	1	1	1	1	1	1	1	1	1	1	1	1	1	1	1	1	1	1	1	1	1	1	1	1	1	1	1	1	1	1	1	1	1	1	1	1	1	1	1	1	1	1	1	1	1	1	1	1	1	1	1	
1	1	1	1	1	1	1	1	1	1	1	1	1	1	1	1	1	1	1	1	1	1	1	1	1	1	1	1	1	1	1	1	1	1	1	1	1	1	1	1	1	1	1	1	1	1	1	1	1	1	1	1	1	1	1	1	1	1	1	1	1	1	1	1	1	1	1	1	1	
1	1	1	1	1	1	1	1	1	1	1	1	1	1	1	1	1	1	1	1	1	1	1	1	1	1	1	1	1	1	1	1	1	1	1	1	1	1	1	1	1	1	1	1	1	1	1	1	1	1	1	1	1	1	1	1	1	1	1	1	1	1	1	1	1	1	1	1	1	
1	1	1	1	1	1	1	1	1	1	1	1	1	1	1	1	1	1	1	1	1	1	1	1	1	1	1	1	1	1	1	1	1	1	1	1	1	1	1	1	1	1	1	1	1	1	1	1	1	1	1	1	1	1	1	1	1	1	1	1	1	1	1	1	1	1	1	1	1	
1	1	1	1	1	1	1	1	1	1	1	1	1	1	1	1	1	1	1	1	1	1	1	1	1	1	1	1	1	1	1	1	1	1	1	1	1	1	1	1	1	1	1	1	1	1	1	1	1	1	1	1	1	1	1	1	1	1	1	1	1	1	1	1	1	1	1	1	1	
1	1	1	1	1	1	1	1	1	1	1	1	1	1	1	1	1	1	1	1	1	1	1	1	1	1	1	1	1	1	1	1	1	1	1	1	1	1	1	1	1	1	1	1	1	1	1	1	1	1	1	1	1	1	1	1	1	1	1	1	1	1	1	1	1	1	1	1	1	
1	1	1	1	1	1	1	1	1	1	1	1	1	1	1	1	1	1	1	1	1	1	1	1	1	1	1	1	1	1	1	1	1	1	1	1	1	1	1	1	1	1	1	1	1	1	1	1	1	1	1	1	1	1	1	1	1	1	1	1	1	1	1	1	1	1	1	1	1	
1	1	1	1	1	1	1	1	1	1	1	1	1	1	1	1	1	1	1	1	1	1	1	1	1	1	1	1	1	1	1	1	1	1	1	1	1	1	1	1	1	1	1	1	1	1	1	1	1	1	1	1	1	1	1	1	1	1	1	1	1	1	1	1	1	1	1	1	1	
1	1	1	1	1	1	1	1	1	1	1	1	1	1	1	1	1	1	1	1	1	1	1	1	1	1	1	1	1	1	1	1	1	1	1	1	1	1	1	1	1	1	1	1	1	1	1	1	1	1	1	1	1	1	1	1	1	1	1	1	1	1	1	1	1	1	1	1	1	
1	1	1	1	1	1	1	1	1	1	1	1	1	1	1	1	1	1	1	1	1	1	1	1	1	1	1	1	1	1	1	1	1	1	1	1	1	1	1	1	1	1	1	1	1	1	1	1	1	1	1	1	1	1	1	1	1	1	1	1	1	1	1	1	1	1	1	1	1	
1	1	1	1	1	1	1	1	1	1	1	1	1	1	1	1	1	1	1	1	1	1	1	1	1	1	1	1	1	1	1	1	1	1	1	1	1	1	1	1	1	1	1	1	1	1	1	1	1	1	1	1	1	1	1	1	1	1	1	1	1	1	1	1	1	1	1	1	1	
1	1	1	1	1	1	1	1	1	1	1	1	1	1	1	1	1	1	1	1	1	1	1	1	1	1	1	1	1	1	1	1	1	1	1	1	1	1	1	1	1	1	1	1	1	1	1	1	1	1	1	1	1	1	1	1	1	1	1	1	1	1	1	1	1	1	1	1	1	
1	1	1	1	1	1	1	1	1	1	1	1	1	1	1	1	1	1	1	1	1	1	1	1	1	1	1	1	1	1	1	1	1	1	1	1	1	1	1	1	1	1	1	1	1	1	1	1	1	1	1	1	1	1	1	1	1	1	1	1	1	1	1	1	1	1	1	1	1	
1	1	1	1	1	1	1	1	1	1	1	1	1	1	1	1	1	1	1	1	1	1	1	1	1	1	1	1	1	1	1	1	1	1	1	1	1	1	1	1	1	1	1	1	1	1	1	1	1	1	1	1	1	1	1	1	1	1	1	1	1	1	1	1	1	1	1	1	1	
1	1	1	1	1	1	1	1	1	1	1	1	1	1	1	1	1	1	1	1	1	1	1	1	1	1	1	1	1	1	1	1	1	1	1	1	1	1	1	1	1	1	1	1	1	1	1	1	1	1	1	1	1	1	1	1	1	1	1	1	1	1	1	1	1	1	1	1	1	
1	1	1	1	1	1	1	1	1	1	1	1	1	1	1	1	1	1	1	1	1	1	1	1	1	1	1	1	1	1	1	1	1	1	1	1	1	1	1	1	1	1	1	1	1	1	1	1	1	1	1	1	1	1	1	1	1	1	1	1	1	1	1	1	1	1	1	1	1	
1	1	1	1	1	1	1	1	1	1	1	1	1	1	1	1	1	1	1	1	1	1	1	1	1	1	1	1	1	1	1	1	1	1	1	1	1	1	1	1	1	1	1	1	1	1	1	1	1	1	1	1	1	1	1	1	1	1	1	1	1	1	1	1	1	1	1	1	1	
1	1	1	1	1	1	1	1	1	1	1	1	1	1	1	1	1	1	1	1	1	1	1	1	1	1	1	1	1	1	1	1	1	1	1	1	1	1	1	1	1	1	1	1	1	1	1	1	1	1	1	1	1	1	1	1	1	1	1	1	1	1	1	1	1	1	1	1	1	
1	1	1	1	1	1	1	1	1	1	1	1	1	1	1	1	1	1	1	1	1	1	1	1	1	1	1	1	1	1	1	1	1	1	1	1	1	1	1	1	1	1	1	1	1	1	1	1	1	1	1	1	1	1	1	1	1	1	1	1	1	1	1	1	1	1	1	1	1	
1	1	1	1	1	1	1	1	1	1	1	1	1	1	1	1	1	1	1	1	1	1	1	1	1	1	1	1	1	1	1	1	1	1	1	1	1	1	1	1	1	1	1	1	1	1	1	1	1	1	1	1	1	1	1	1	1	1	1	1	1	1	1	1	1	1	1	1	1	
1	1	1	1	1	1	1	1	1	1	1	1	1	1	1	1	1	1	1	1	1	1	1	1	1	1	1	1	1	1	1	1	1	1	1	1	1	1	1	1	1	1	1	1	1	1	1	1	1	1	1	1	1	1	1	1	1	1	1	1	1	1	1	1	1	1	1	1	1	
1	1	1	1	1	1	1	1	1	1	1	1	1	1	1	1	1	1	1	1	1	1	1	1	1	1	1	1	1	1	1	1	1	1	1	1	1	1	1	1	1	1	1	1	1	1	1	1	1	1	1	1	1	1	1	1	1	1	1	1	1	1	1	1	1	1	1	1	1	
1	1	1	1	1	1	1	1	1	1	1	1	1	1	1	1	1	1	1	1	1	1	1	1	1	1	1	1	1	1	1	1	1	1	1	1	1	1	1	1	1	1	1	1	1	1	1	1	1	1	1	1	1	1	1	1	1	1	1	1	1	1	1	1	1	1	1	1	1	
1	1	1	1	1	1	1	1	1	1	1	1	1	1	1	1	1	1	1	1	1	1	1	1	1	1	1	1	1	1	1	1	1	1	1	1	1	1	1	1	1	1	1	1	1	1	1	1	1	1	1	1	1	1	1	1	1	1	1	1	1	1	1	1	1	1	1	1	1	
1	1	1	1	1	1	1	1	1	1	1	1	1	1	1	1	1	1	1	1	1	1	1	1	1	1	1	1	1	1	1	1	1	1	1	1	1	1	1	1	1	1	1	1	1	1	1	1	1	1	1	1	1	1	1	1	1	1	1	1	1	1	1	1	1	1	1	1	1	
1	1	1	1	1	1	1	1	1	1	1	1	1	1	1	1	1	1	1	1	1	1	1	1	1	1	1	1	1	1	1	1	1	1	1	1	1	1	1	1	1	1	1	1	1	1	1	1	1	1	1	1	1	1	1	1	1	1	1	1	1	1	1	1	1	1	1	1	1	
1	1	1	1	1	1	1	1	1	1	1	1	1	1	1	1	1	1	1	1	1	1	1	1	1	1	1	1	1	1	1	1	1	1	1	1	1	1	1	1	1	1	1	1	1	1	1	1	1	1	1	1	1	1	1	1	1	1	1	1	1	1	1	1	1	1	1	1	1	
1	1	1	1	1	1	1	1	1	1	1	1	1	1	1	1	1	1	1	1	1	1	1	1	1	1	1	1	1	1	1	1	1	1	1	1	1	1	1	1	1	1	1	1	1	1	1	1	1	1	1	1	1	1	1	1	1	1	1	1	1	1	1	1	1	1	1	1	1	
1	1	1	1	1	1	1	1	1	1	1	1	1	1	1	1	1	1	1	1	1	1	1	1	1	1	1	1	1	1	1	1	1	1	1	1	1	1	1	1	1	1	1	1	1	1	1	1	1	1	1	1	1	1	1	1	1	1	1	1	1	1	1	1	1	1	1	1	1	
1	1	1	1	1	1	1	1	1	1	1	1	1	1	1	1	1	1	1	1	1	1	1	1	1	1	1	1	1	1	1	1	1	1	1	1	1	1	1	1	1	1	1	1	1	1	1	1	1	1	1	1	1	1	1	1	1	1	1	1	1	1	1	1	1	1	1	1	1	
1	1	1	1	1	1	1	1	1	1	1	1	1	1	1	1	1	1	1	1	1	1	1	1	1	1	1	1	1	1	1	1	1	1	1	1	1	1	1	1	1	1	1	1	1	1	1	1	1	1	1	1	1	1	1	1	1	1	1	1	1	1	1	1	1	1	1	1	1	
1	1	1	1	1	1	1	1	1	1	1	1	1	1	1	1	1	1	1	1	1	1	1	1	1	1	1	1	1	1	1	1	1	1	1	1	1	1	1	1	1	1	1	1	1	1	1	1	1	1	1	1	1	1	1	1	1	1	1	1	1	1	1	1	1	1	1	1	1	
1	1	1	1	1	1	1	1	1	1	1	1	1	1	1	1	1	1	1	1	1	1	1	1	1	1	1	1	1	1	1	1	1	1	1	1	1	1	1	1	1	1	1	1	1	1	1	1	1	1	1	1	1	1	1	1	1	1	1	1	1	1	1	1	1	1	1	1	1	
1	1	1	1	1	1	1	1	1	1	1	1	1	1	1	1	1	1	1	1	1	1	1	1	1	1	1	1	1	1	1	1	1	1	1	1	1	1	1	1	1	1	1	1	1	1	1	1	1	1	1	1	1	1	1	1	1	1	1	1	1	1	1	1	1	1	1	1	1	
1	1	1	1	1	1	1	1	1	1	1	1	1	1	1	1	1	1	1	1	1	1	1	1	1	1	1	1	1	1	1	1	1	1	1	1	1	1	1	1	1	1	1	1	1	1	1	1	1	1	1	1	1	1	1	1	1	1	1	1	1	1	1	1	1	1	1	1	1	
1	1	1	1	1	1	1	1	1	1	1	1	1	1	1	1	1	1	1	1	1	1	1	1	1	1	1	1	1	1	1	1	1	1	1	1	1	1	1	1	1	1	1	1	1	1	1	1	1	1	1	1	1	1	1	1	1	1	1	1	1	1	1	1	1	1	1	1	1	
1	1	1	1	1	1	1	1	1	1	1	1	1	1	1	1	1	1	1	1	1	1	1	1	1	1	1	1	1	1	1	1	1	1	1	1	1	1	1	1	1	1	1	1	1	1	1	1	1	1	1	1	1	1	1	1	1	1	1	1	1	1	1	1	1	1	1	1	1	
1	1	1	1	1	1	1	1	1	1	1	1	1	1	1	1	1	1	1	1	1	1	1	1	1	1	1	1	1	1	1	1	1	1	1	1	1	1	1	1	1	1	1	1	1	1	1	1	1	1	1	1	1	1	1	1	1	1	1	1	1	1	1	1	1	1	1	1	1	
1	1	1	1	1	1	1	1	1	1	1	1	1	1	1	1	1	1	1	1	1	1	1	1	1	1	1	1	1	1	1	1	1	1	1	1	1	1	1	1	1	1	1	1	1	1	1	1	1	1	1	1	1	1	1	1	1	1	1	1	1	1	1	1	1	1	1	1	1	
1	1	1	1	1	1	1	1	1	1	1	1	1	1	1	1	1	1	1	1	1	1	1	1	1	1	1	1	1	1	1	1	1	1	1	1	1	1	1	1	1	1	1	1	1	1	1	1	1	1	1	1	1	1	1	1	1	1	1	1	1	1	1	1	1	1	1	1	1	
1	1	1	1	1	1	1	1	1	1	1	1	1	1	1	1	1	1	1	1	1	1	1	1	1	1	1	1	1	1	1	1	1	1	1	1	1	1	1	1	1	1	1	1	1	1	1	1	1	1	1	1	1	1	1	1	1	1	1	1	1	1	1	1	1	1	1	1	1	  ); 
